1.000000000000000000e+00,6.017095947265625000e+01,2.470532989501953125e+01,1.033333301544189453e+00,1.000000000000000000e+00,0.000000000000000000e+00,0.000000000000000000e+00,0.000000000000000000e+00,0.000000000000000000e+00,0.000000000000000000e+00,0.000000000000000000e+00,0.000000000000000000e+00,0.000000000000000000e+00
1.000000000000000000e+00,6.017095947265625000e+01,2.470532989501953125e+01,1.033333301544189453e+00,1.000000000000000000e+00,0.000000000000000000e+00,0.000000000000000000e+00,0.000000000000000000e+00,0.000000000000000000e+00,0.000000000000000000e+00,0.000000000000000000e+00,0.000000000000000000e+00,0.000000000000000000e+00
1.000000000000000000e+00,6.017095947265625000e+01,2.470532989501953125e+01,1.049999952316284180e+00,1.000000000000000000e+00,0.000000000000000000e+00,0.000000000000000000e+00,0.000000000000000000e+00,0.000000000000000000e+00,0.000000000000000000e+00,0.000000000000000000e+00,0.000000000000000000e+00,0.000000000000000000e+00
1.000000000000000000e+00,6.017095947265625000e+01,2.470532989501953125e+01,1.049999952316284180e+00,1.000000000000000000e+00,0.000000000000000000e+00,0.000000000000000000e+00,0.000000000000000000e+00,0.000000000000000000e+00,0.000000000000000000e+00,0.000000000000000000e+00,0.000000000000000000e+00,0.000000000000000000e+00
1.000000000000000000e+00,6.017095947265625000e+01,2.470532989501953125e+01,1.049999952316284180e+00,1.000000000000000000e+00,0.000000000000000000e+00,0.000000000000000000e+00,0.000000000000000000e+00,0.000000000000000000e+00,0.000000000000000000e+00,0.000000000000000000e+00,0.000000000000000000e+00,0.000000000000000000e+00
1.000000000000000000e+00,6.017095947265625000e+01,2.470532989501953125e+01,1.049999952316284180e+00,1.000000000000000000e+00,0.000000000000000000e+00,0.000000000000000000e+00,0.000000000000000000e+00,0.000000000000000000e+00,0.000000000000000000e+00,0.000000000000000000e+00,0.000000000000000000e+00,0.000000000000000000e+00
1.000000000000000000e+00,6.017095947265625000e+01,2.470532989501953125e+01,1.049999952316284180e+00,1.000000000000000000e+00,0.000000000000000000e+00,0.000000000000000000e+00,0.000000000000000000e+00,0.000000000000000000e+00,0.000000000000000000e+00,0.000000000000000000e+00,0.000000000000000000e+00,0.000000000000000000e+00
1.000000000000000000e+00,6.017095947265625000e+01,2.470532989501953125e+01,1.049999952316284180e+00,1.000000000000000000e+00,0.000000000000000000e+00,0.000000000000000000e+00,0.000000000000000000e+00,0.000000000000000000e+00,0.000000000000000000e+00,0.000000000000000000e+00,0.000000000000000000e+00,0.000000000000000000e+00
1.000000000000000000e+00,6.017095947265625000e+01,2.470532989501953125e+01,1.066666722297668457e+00,1.000000000000000000e+00,0.000000000000000000e+00,0.000000000000000000e+00,0.000000000000000000e+00,0.000000000000000000e+00,0.000000000000000000e+00,0.000000000000000000e+00,0.000000000000000000e+00,0.000000000000000000e+00
1.000000000000000000e+00,6.017094421386718750e+01,2.470539283752441406e+01,1.066666722297668457e+00,1.000000000000000000e+00,-1.948727574432818910e-01,8.038501244535377621e-01,0.000000000000000000e+00,0.000000000000000000e+00,6.476565111675127578e-05,0.000000000000000000e+00,4.194589564576745860e-09,0.000000000000000000e+00
1.000000000000000000e+00,6.017070770263671875e+01,2.470800399780273438e+01,1.016666698455810547e+01,1.000000000000000000e+00,0.000000000000000000e+00,0.000000000000000000e+00,-1.948727574432818910e-01,8.038501244535377621e-01,0.000000000000000000e+00,6.476565111675127578e-05,4.194589564576745860e-09,0.000000000000000000e+00
1.000000000000000000e+00,6.017070770263671875e+01,2.470800399780273438e+01,1.016666698455810547e+01,1.000000000000000000e+00,0.000000000000000000e+00,0.000000000000000000e+00,0.000000000000000000e+00,0.000000000000000000e+00,0.000000000000000000e+00,0.000000000000000000e+00,0.000000000000000000e+00,0.000000000000000000e+00
1.000000000000000000e+00,6.017070770263671875e+01,2.470800399780273438e+01,1.016666698455810547e+01,1.000000000000000000e+00,0.000000000000000000e+00,0.000000000000000000e+00,0.000000000000000000e+00,0.000000000000000000e+00,0.000000000000000000e+00,0.000000000000000000e+00,0.000000000000000000e+00,0.000000000000000000e+00
1.000000000000000000e+00,6.017221069335937500e+01,2.470999336242675781e+01,1.016666698455810547e+01,1.000000000000000000e+00,4.303535975299321859e-01,5.696177693194407476e-01,0.000000000000000000e+00,0.000000000000000000e+00,2.493301570148839883e-03,0.000000000000000000e+00,6.216552719706670297e-06,0.000000000000000000e+00
1.000000000000000000e+00,6.017238616943359375e+01,2.471033287048339844e+01,1.018333339691162109e+01,1.000000000000000000e+00,3.406745882968337247e-01,6.591312686612652572e-01,4.303535975299321859e-01,5.696177693194407476e-01,3.821747939714471723e-04,2.493301570148839883e-03,4.456856265093151295e-06,0.000000000000000000e+00
1.000000000000000000e+00,6.017321777343750000e+01,2.471068954467773438e+01,1.018333339691162109e+01,1.000000000000000000e+00,6.997805960563169281e-01,3.001352556480075262e-01,3.406745882968337247e-01,6.591312686612652572e-01,9.048655702468164867e-04,3.821747939714471723e-04,2.732056476033481673e-07,0.000000000000000000e+00
1.000000000000000000e+00,6.017431259155273438e+01,2.471041679382324219e+01,1.018333339691162109e+01,1.000000000000000000e+00,8.004993455786757472e-01,-1.994275373131544071e-01,6.997805960563169281e-01,3.001352556480075262e-01,1.128281761827057026e-03,9.048655702468164867e-04,4.991479466021874660e-08,0.000000000000000000e+00
1.000000000000000000e+00,6.017431259155273438e+01,2.471041679382324219e+01,1.018333339691162109e+01,1.000000000000000000e+00,0.000000000000000000e+00,0.000000000000000000e+00,8.004993455786757472e-01,-1.994275373131544071e-01,0.000000000000000000e+00,1.128281761827057026e-03,1.273019734071567866e-06,0.000000000000000000e+00
1.000000000000000000e+00,6.017566299438476562e+01,2.471121406555175781e+01,1.018333339691162109e+01,1.000000000000000000e+00,6.287451471105073297e-01,3.712082930680678516e-01,0.000000000000000000e+00,0.000000000000000000e+00,1.568193233580706704e-03,0.000000000000000000e+00,2.459230017848312855e-06,0.000000000000000000e+00
1.000000000000000000e+00,6.017048645019531250e+01,2.469691276550292969e+01,1.018333339691162109e+01,1.000000000000000000e+00,-2.657644013211277190e-01,-7.342304646668443846e-01,6.287451471105073297e-01,3.712082930680678516e-01,1.520933242558568897e-02,1.568193233580706704e-03,1.860806784556543218e-04,0.000000000000000000e+00
1.000000000000000000e+00,6.017665863037109375e+01,2.471585655212402344e+01,1.019999980926513672e+01,1.000000000000000000e+00,2.457462876531769369e-01,7.542497308316914451e-01,-2.657644013211277190e-01,-7.342304646668443846e-01,1.992392681345315705e-02,1.520933242558568897e-02,2.222740024211142530e-05,0.000000000000000000e+00
1.000000000000000000e+00,6.017356872558593750e+01,2.470516586303710938e+01,1.019999980926513672e+01,1.000000000000000000e+00,-2.242198262177958756e-01,-7.757729172535469120e-01,2.457462876531769369e-01,7.542497308316914451e-01,1.112826782272941656e-02,1.992392681345315705e-02,7.736361708109936494e-05,0.000000000000000000e+00
1.000000000000000000e+00,6.017401123046875000e+01,2.472229957580566406e+01,1.019999980926513672e+01,1.000000000000000000e+00,2.517619967900838751e-02,9.748181108471221101e-01,-2.242198262177958756e-01,-7.757729172535469120e-01,1.713942600575196762e-02,1.112826782272941656e-02,3.613402270131897741e-05,0.000000000000000000e+00
1.000000000000000000e+00,6.017366027832031250e+01,2.472237205505371094e+01,1.019999980926513672e+01,1.000000000000000000e+00,-8.286331340501870146e-01,1.711307559451473170e-01,2.517619967900838751e-02,9.748181108471221101e-01,3.583582730876147234e-04,1.713942600575196762e-02,2.816042342482687547e-04,0.000000000000000000e+00
1.000000000000000000e+00,6.017262649536132812e+01,2.472293853759765625e+01,1.019999980926513672e+01,1.000000000000000000e+00,-6.459667851449523157e-01,3.539707291292450986e-01,-8.286331340501870146e-01,1.711307559451473170e-01,1.178817067606862789e-03,3.583582730876147234e-04,6.731526335039777064e-07,0.000000000000000000e+00
1.000000000000000000e+00,6.017263412475585938e+01,2.472302818298339844e+01,1.019999980926513672e+01,1.000000000000000000e+00,7.835082667017009839e-02,9.206222133744986769e-01,-6.459667851449523157e-01,3.539707291292450986e-01,8.996945507103542542e-05,1.178817067606862789e-03,1.185589123324971349e-06,0.000000000000000000e+00
1.000000000000000000e+00,6.017265319824218750e+01,2.472558593750000000e+01,1.021666622161865234e+01,1.000000000000000000e+00,7.401637262057969048e-03,9.925595568419736114e-01,7.835082667017009839e-02,9.206222133744986769e-01,2.557825632265890367e-03,8.996945507103542542e-05,6.090314111318802022e-06,0.000000000000000000e+00
1.000000000000000000e+00,6.017279434204101562e+01,2.472773933410644531e+01,1.021666622161865234e+01,1.000000000000000000e+00,6.151020373551986664e-02,9.384462164513773796e-01,7.401637262057969048e-03,9.925595568419736114e-01,2.158017265129688958e-03,2.557825632265890367e-03,1.598467304321156202e-07,0.000000000000000000e+00
1.000000000000000000e+00,6.017281723022460938e+01,2.472785186767578125e+01,1.021666622161865234e+01,1.000000000000000000e+00,1.688893708866430754e-01,8.303727401926617180e-01,6.151020373551986664e-02,9.384462164513773796e-01,1.148375947837094790e-04,2.158017265129688958e-03,4.174583165315106040e-06,0.000000000000000000e+00
1.000000000000000000e+00,6.017317962646484375e+01,2.472947692871093750e+01,1.021666622161865234e+01,1.000000000000000000e+00,1.823324765134888559e-01,8.176172104710132116e-01,1.688893708866430754e-01,8.303727401926617180e-01,1.664978799540436580e-03,1.148375947837094790e-04,2.402937754684637092e-06,0.000000000000000000e+00
1.000000000000000000e+00,6.017220687866210938e+01,2.473094177246093750e+01,1.021666622161865234e+01,1.000000000000000000e+00,-3.990446624156519517e-01,6.009143151670993666e-01,1.823324765134888559e-01,8.176172104710132116e-01,1.758409935037509066e-03,1.664978799540436580e-03,8.729377080272317494e-09,0.000000000000000000e+00
1.000000000000000000e+00,6.017193984985351562e+01,2.473241806030273438e+01,1.021666622161865234e+01,1.000000000000000000e+00,-1.531640807341838051e-01,8.467785606304162327e-01,-3.990446624156519517e-01,6.009143151670993666e-01,1.500243372408714389e-03,1.758409935037509066e-03,6.664997405956736991e-08,0.000000000000000000e+00
1.000000000000000000e+00,6.017200088500976562e+01,2.473375320434570312e+01,1.023333358764648438e+01,1.000000000000000000e+00,4.371271611304569649e-02,9.562156649728746904e-01,-1.531640807341838051e-01,8.467785606304162327e-01,1.336538404152084591e-03,1.500243372408714389e-03,2.679931663190416991e-08,0.000000000000000000e+00
1.000000000000000000e+00,6.017202758789062500e+01,2.473409652709960938e+01,1.023333358764648438e+01,1.000000000000000000e+00,7.214545103390120062e-02,9.275843704358726072e-01,4.371271611304569649e-02,9.562156649728746904e-01,3.443596335169984372e-04,1.336538404152084591e-03,9.844187128989509413e-07,0.000000000000000000e+00
1.000000000000000000e+00,6.017244720458984375e+01,2.473540878295898438e+01,1.023333358764648438e+01,1.000000000000000000e+00,2.422767596037732063e-01,7.576655027608907300e-01,7.214545103390120062e-02,9.275843704358726072e-01,1.377713183041832804e-03,3.443596335169984372e-04,1.067819558315574380e-06,0.000000000000000000e+00
1.000000000000000000e+00,6.017267608642578125e+01,2.473631286621093750e+01,1.023333358764648438e+01,1.000000000000000000e+00,2.020023724882378524e-01,7.979093713285394518e-01,2.422767596037732063e-01,7.576655027608907300e-01,9.326057158758240938e-04,1.377713183041832804e-03,1.981206573269395282e-07,0.000000000000000000e+00
1.000000000000000000e+00,6.017280578613281250e+01,2.473681831359863281e+01,1.023333358764648438e+01,1.000000000000000000e+00,2.041720585704973612e-01,7.956705223703206542e-01,2.020023724882378524e-01,7.979093713285394518e-01,5.218228394120054186e-04,9.326057158758240938e-04,1.687425715958889190e-07,0.000000000000000000e+00
1.000000000000000000e+00,6.017285919189453125e+01,2.473676681518554688e+01,1.023333358764648438e+01,1.000000000000000000e+00,5.086060798828915264e-01,-4.904415770299311306e-01,2.041720585704973612e-01,7.956705223703206542e-01,7.419071326742829472e-05,5.218228394120054186e-04,2.003745203567145834e-07,0.000000000000000000e+00
1.000000000000000000e+00,6.017282485961914062e+01,2.473673629760742188e+01,1.025000000000000000e+01,1.000000000000000000e+00,-5.285966562244158728e-01,-4.698636944217030043e-01,5.086060798828915264e-01,-4.904415770299311306e-01,4.593503791348379432e-05,7.419071326742829472e-05,7.983831897075066928e-10,0.000000000000000000e+00
1.000000000000000000e+00,6.017295455932617188e+01,2.473651885986328125e+01,1.025000000000000000e+01,1.000000000000000000e+00,3.735187739500238080e-01,-6.261932386809222484e-01,-5.285966562244158728e-01,-4.698636944217030043e-01,2.531821213690966469e-04,4.593503791348379432e-05,4.295135360085775204e-08,0.000000000000000000e+00
1.000000000000000000e+00,6.017366027832031250e+01,2.473686981201171875e+01,1.025000000000000000e+01,1.000000000000000000e+00,6.678068369835832296e-01,3.320985351485927772e-01,3.735187739500238080e-01,-6.261932386809222484e-01,7.881666760170417995e-04,2.531821213690966469e-04,2.862084737118602395e-07,0.000000000000000000e+00
1.000000000000000000e+00,6.017380142211914062e+01,2.473690223693847656e+01,1.025000000000000000e+01,1.000000000000000000e+00,8.127185729723225283e-01,1.867056181152632888e-01,6.678068369835832296e-01,3.320985351485927772e-01,1.448203985040910126e-04,7.881666760170417995e-04,4.138944327897707066e-07,0.000000000000000000e+00
1.000000000000000000e+00,6.017485046386718750e+01,2.473727798461914062e+01,1.025000000000000000e+01,1.000000000000000000e+00,7.362267744493811161e-01,2.637030446664146988e-01,8.127185729723225283e-01,1.867056181152632888e-01,1.114304674974338129e-03,1.448203985040910126e-04,9.398997623230386486e-07,0.000000000000000000e+00
1.000000000000000000e+00,6.017471694946289062e+01,2.473900794982910156e+01,1.025000000000000000e+01,1.000000000000000000e+00,-7.164405710139103156e-02,9.283022827280238420e-01,7.362267744493811161e-01,2.637030446664146988e-01,1.735109715213980358e-03,1.114304674974338129e-03,3.853988979869438039e-07,0.000000000000000000e+00
1.000000000000000000e+00,6.017486953735351562e+01,2.474080657958984375e+01,1.026666641235351562e+01,1.000000000000000000e+00,7.819736090538080553e-02,9.217513916721762346e-01,-7.164405710139103156e-02,9.283022827280238420e-01,1.805090601768477793e-03,1.735109715213980358e-03,4.897324482953439590e-09,0.000000000000000000e+00
1.000000000000000000e+00,6.017503356933593750e+01,2.474225807189941406e+01,1.026666641235351562e+01,1.000000000000000000e+00,1.015285442506011632e-01,8.984095601710173629e-01,7.819736090538080553e-02,9.217513916721762346e-01,1.460731466080952964e-03,1.805090601768477793e-03,1.185832143314591388e-07,0.000000000000000000e+00
1.000000000000000000e+00,6.017519760131835938e+01,2.474261665344238281e+01,1.026666641235351562e+01,1.000000000000000000e+00,3.138085671291814260e-01,6.860001234916989210e-01,1.015285442506011632e-01,8.984095601710173629e-01,3.943186708933522130e-04,1.460731466080952964e-03,1.137236249739831805e-06,0.000000000000000000e+00
1.000000000000000000e+00,6.017526245117187500e+01,2.474288940429687500e+01,1.026666641235351562e+01,1.000000000000000000e+00,1.920335136345782678e-01,8.076703661689615954e-01,3.138085671291814260e-01,6.860001234916989210e-01,2.803542975008880937e-04,3.943186708933522130e-04,1.298787840273698300e-08,0.000000000000000000e+00
1.000000000000000000e+00,6.017587280273437500e+01,2.474244499206542969e+01,1.026666641235351562e+01,1.000000000000000000e+00,5.786069879384281300e-01,-4.212982130926679614e-01,1.920335136345782678e-01,8.076703661689615954e-01,7.550041465478142316e-04,2.803542975008880937e-04,2.252924792002697640e-07,0.000000000000000000e+00
1.000000000000000000e+00,6.017696762084960938e+01,2.474201583862304688e+01,1.026666641235351562e+01,1.000000000000000000e+00,7.183508607339083030e-01,-2.815835255490058420e-01,5.786069879384281300e-01,-4.212982130926679614e-01,1.175924905150990902e-03,7.550041465478142316e-04,1.771742850230737304e-07,0.000000000000000000e+00
1.000000000000000000e+00,6.017776870727539062e+01,2.474194335937500000e+01,1.028333377838134766e+01,1.000000000000000000e+00,9.169256041285727132e-01,-8.295993561163277075e-02,7.183508607339083030e-01,-2.815835255490058420e-01,8.043585661683591830e-04,1.175924905150990902e-03,1.380615442649559782e-07,0.000000000000000000e+00
1.000000000000000000e+00,6.017786026000976562e+01,2.474179840087890625e+01,1.028333377838134766e+01,1.000000000000000000e+00,3.869331738549564026e-01,-6.126441919370142486e-01,9.169256041285727132e-01,-8.295993561163277075e-02,1.714493183459795463e-04,8.043585661683591830e-04,4.005741159790904041e-07,0.000000000000000000e+00
1.000000000000000000e+00,6.017979812622070312e+01,2.474278831481933594e+01,1.028333377838134766e+01,1.000000000000000000e+00,6.618666443818078671e-01,3.380992012147226999e-01,3.869331738549564026e-01,-6.126441919370142486e-01,2.176064121516251178e-03,1.714493183459795463e-04,4.018480509089386608e-06,0.000000000000000000e+00
1.000000000000000000e+00,6.018115234375000000e+01,2.474418067932128906e+01,1.028333377838134766e+01,1.000000000000000000e+00,4.930376046041914928e-01,5.069259878324785529e-01,6.618666443818078671e-01,3.380992012147226999e-01,1.942314089676050980e-03,2.176064121516251178e-03,5.463907738529460670e-08,0.000000000000000000e+00
1.000000000000000000e+00,6.018124771118164062e+01,2.474440765380859375e+01,1.028333377838134766e+01,1.000000000000000000e+00,2.957662327298073990e-01,7.039236338969416806e-01,4.930376046041914928e-01,5.069259878324785529e-01,2.461957857172925490e-04,1.942314089676050980e-03,2.876817301023935567e-06,0.000000000000000000e+00
1.000000000000000000e+00,6.018171310424804688e+01,2.474681091308593750e+01,1.028333377838134766e+01,1.000000000000000000e+00,1.622283873406421550e-01,8.377367543000373562e-01,2.957662327298073990e-01,7.039236338969416806e-01,2.447906423946351676e-03,2.461957857172925490e-04,4.847529734491010003e-06,0.000000000000000000e+00
1.000000000000000000e+00,6.018140029907226562e+01,2.475218391418457031e+01,1.030000019073486328e+01,1.000000000000000000e+00,-5.501412803598926954e-02,9.449682846181816087e-01,1.622283873406421550e-01,8.377367543000373562e-01,5.382098836318871017e-03,2.447906423946351676e-03,8.609485112824465130e-06,0.000000000000000000e+00
1.000000000000000000e+00,6.018127441406250000e+01,2.475352859497070312e+01,1.030000019073486328e+01,1.000000000000000000e+00,-8.559729213578477769e-02,9.143347114504283280e-01,-5.501412803598926954e-02,9.449682846181816087e-01,1.350560421557825104e-03,5.382098836318871017e-03,1.625330198969400904e-05,0.000000000000000000e+00
1.000000000000000000e+00,6.018125915527343750e+01,2.475372314453125000e+01,1.030000019073486328e+01,1.000000000000000000e+00,-7.269262557156758175e-02,9.268309760374865425e-01,-8.559729213578477769e-02,9.143347114504283280e-01,1.951470270145975159e-04,1.350560421557825104e-03,1.334980112289904216e-06,0.000000000000000000e+00
1.000000000000000000e+00,6.018125152587890625e+01,2.475485420227050781e+01,1.030000019073486328e+01,1.000000000000000000e+00,-6.699579144229418116e-03,9.932126081320112876e-01,-7.269262557156758175e-02,9.268309760374865425e-01,1.131083470481249404e-03,1.951470270145975159e-04,8.759770262090053247e-07,0.000000000000000000e+00
1.000000000000000000e+00,6.018094635009765625e+01,2.475786209106445312e+01,1.030000019073486328e+01,1.000000000000000000e+00,-9.211005801968341622e-02,9.078597593565047585e-01,-6.699579144229418116e-03,9.932126081320112876e-01,3.023330490403478097e-03,1.131083470481249404e-03,3.580598784404555539e-06,0.000000000000000000e+00
1.000000000000000000e+00,6.018096542358398438e+01,2.475906372070312500e+01,1.030000019073486328e+01,1.000000000000000000e+00,1.562372010484901035e-02,9.842943666054876362e-01,-9.211005801968341622e-02,9.078597593565047585e-01,1.201781006013745347e-03,3.023330490403478097e-03,3.318042524080501086e-06,0.000000000000000000e+00
1.000000000000000000e+00,6.018098068237304688e+01,2.475986289978027344e+01,1.031666660308837891e+01,1.000000000000000000e+00,1.873306287586204780e-02,9.811441681232747625e-01,1.562372010484901035e-02,9.842943666054876362e-01,7.993247325058083080e-04,1.201781006013745347e-03,1.619710520858954324e-07,0.000000000000000000e+00
1.000000000000000000e+00,6.018106460571289062e+01,2.476225280761718750e+01,1.031666660308837891e+01,1.000000000000000000e+00,3.392306974106489015e-02,9.660365087625979452e-01,1.873306287586204780e-02,9.811441681232747625e-01,2.391380897287962923e-03,7.993247325058083080e-04,2.534642831820862901e-06,0.000000000000000000e+00
1.000000000000000000e+00,6.018144989013671875e+01,2.476426506042480469e+01,1.031666660308837891e+01,1.000000000000000000e+00,1.606933771193871929e-01,8.392649151532350915e-01,3.392306974106489015e-02,9.660365087625979452e-01,2.048805859277014023e-03,2.391380897287962923e-03,1.173576566682030838e-07,0.000000000000000000e+00
1.000000000000000000e+00,6.018155288696289062e+01,2.476466560363769531e+01,1.031666660308837891e+01,1.000000000000000000e+00,2.045048411234307306e-01,7.952966043688972642e-01,1.606933771193871929e-01,8.392649151532350915e-01,4.135737075712429497e-04,2.048805859277014023e-03,2.673984189972286113e-06,0.000000000000000000e+00
1.000000000000000000e+00,6.018155288696289062e+01,2.476466560363769531e+01,1.031666660308837891e+01,1.000000000000000000e+00,0.000000000000000000e+00,0.000000000000000000e+00,2.045048411234307306e-01,7.952966043688972642e-01,0.000000000000000000e+00,4.135737075712429497e-04,1.710432115942239761e-07,0.000000000000000000e+00
1.000000000000000000e+00,6.018389129638671875e+01,2.477073478698730469e+01,1.031666660308837891e+01,1.000000000000000000e+00,2.781273634564625508e-01,7.218607426741140420e-01,0.000000000000000000e+00,0.000000000000000000e+00,6.504086804819247773e-03,0.000000000000000000e+00,4.230314516462384977e-05,0.000000000000000000e+00
1.000000000000000000e+00,6.018456649780273438e+01,2.477291488647460938e+01,1.033333301544189453e+01,1.000000000000000000e+00,2.364646642895183171e-01,7.635003143585294971e-01,2.781273634564625508e-01,7.218607426741140420e-01,2.282264385809774313e-03,6.504086804819247773e-03,1.782378453765099866e-05,0.000000000000000000e+00
1.000000000000000000e+00,6.018482208251953125e+01,2.477436065673828125e+01,1.033333301544189453e+01,1.000000000000000000e+00,1.502153860847152966e-01,8.497258406881655901e-01,2.364646642895183171e-01,7.635003143585294971e-01,1.468187727362540562e-03,2.282264385809774313e-03,6.627208058286141129e-07,0.000000000000000000e+00
1.000000000000000000e+00,6.018457031250000000e+01,2.477609443664550781e+01,1.033333301544189453e+01,1.000000000000000000e+00,-1.267947668612172951e-01,8.731548717942917426e-01,1.502153860847152966e-01,8.497258406881655901e-01,1.751964871062577488e-03,1.468187727362540562e-03,8.052946728655141080e-08,0.000000000000000000e+00
1.000000000000000000e+00,6.018384933471679688e+01,2.477700424194335938e+01,1.033333301544189453e+01,1.000000000000000000e+00,-4.420781548220309443e-01,5.578605287039913874e-01,-1.267947668612172951e-01,8.731548717942917426e-01,1.160842213167346225e-03,1.751964871062577488e-03,3.494259966771225920e-07,0.000000000000000000e+00
1.000000000000000000e+00,6.018279266357421875e+01,2.477820205688476562e+01,1.033333301544189453e+01,1.000000000000000000e+00,-4.686763349087752495e-01,5.312793110518246875e-01,-4.420781548220309443e-01,5.578605287039913874e-01,1.597283486865565131e-03,1.160842213167346225e-03,1.904809853873236247e-07,0.000000000000000000e+00
1.000000000000000000e+00,6.018191909790039062e+01,2.477908325195312500e+01,1.033333301544189453e+01,1.000000000000000000e+00,-4.977977185467106769e-01,5.021452968746296097e-01,-4.686763349087752495e-01,5.312793110518246875e-01,1.240814947924012528e-03,1.597283486865565131e-03,1.270698192551252029e-07,0.000000000000000000e+00
1.000000000000000000e+00,6.018175888061523438e+01,2.477938270568847656e+01,1.035000038146972656e+01,1.000000000000000000e+00,-3.484719088630066630e-01,6.513105915653815137e-01,-4.977977185467106769e-01,5.021452968746296097e-01,3.396205501421296099e-04,1.240814947924012528e-03,8.121513425934504742e-07,0.000000000000000000e+00
1.000000000000000000e+00,6.018173217773437500e+01,2.477934074401855469e+01,1.035000038146972656e+01,1.000000000000000000e+00,-3.883233520178257514e-01,-6.102224103137261491e-01,-3.484719088630066630e-01,6.513105915653815137e-01,4.973756717836493800e-05,3.396205501421296099e-04,8.403214381197028004e-08,0.000000000000000000e+00
1.000000000000000000e+00,6.018184280395507812e+01,2.478026962280273438e+01,1.035000038146972656e+01,1.000000000000000000e+00,1.064117815742866013e-01,8.934920280461650099e-01,-3.883233520178257514e-01,-6.102224103137261491e-01,9.354431871611396630e-04,4.973756717836493800e-05,7.844744452690713582e-07,0.000000000000000000e+00
1.000000000000000000e+00,6.018236160278320312e+01,2.478307151794433594e+01,1.035000038146972656e+01,1.000000000000000000e+00,1.562273458861160313e-01,8.437425408334722210e-01,1.064117815742866013e-01,8.934920280461650099e-01,2.849520768233548742e-03,9.354431871611396630e-04,3.663692986364004718e-06,0.000000000000000000e+00
1.000000000000000000e+00,6.018300628662109375e+01,2.478499984741210938e+01,1.035000038146972656e+01,1.000000000000000000e+00,2.505462299198078502e-01,7.494149066536264225e-01,1.562273458861160313e-01,8.437425408334722210e-01,2.033241694221514344e-03,2.849520768233548742e-03,6.663115266699443701e-07,0.000000000000000000e+00
1.000000000000000000e+00,6.018322753906250000e+01,2.478790664672851562e+01,1.035000038146972656e+01,1.000000000000000000e+00,7.072944618293412755e-02,9.292385860585483659e-01,2.505462299198078502e-01,7.494149066536264225e-01,2.915207524120378563e-03,2.033241694221514344e-03,7.778637251091923057e-07,0.000000000000000000e+00
1.000000000000000000e+00,6.018279647827148438e+01,2.479008865356445312e+01,1.036666679382324219e+01,1.000000000000000000e+00,-1.649571908703878209e-01,8.350045413970073049e-01,7.072944618293412755e-02,9.292385860585483659e-01,2.224177879044074001e-03,2.915207524120378563e-03,4.775219703742834807e-07,0.000000000000000000e+00
1.000000000000000000e+00,6.018261718750000000e+01,2.479274368286132812e+01,1.036666679382324219e+01,1.000000000000000000e+00,-6.325483420252259181e-02,9.367098852118238561e-01,-1.649571908703878209e-01,8.350045413970073049e-01,2.661076050774201316e-03,2.224177879044074001e-03,1.908800124611278233e-07,0.000000000000000000e+00
1.000000000000000000e+00,6.018283462524414062e+01,2.479360771179199219e+01,1.036666679382324219e+01,1.000000000000000000e+00,2.010396115245419724e-01,7.988679300054167820e-01,-6.325483420252259181e-02,9.367098852118238561e-01,8.909686670144171270e-04,2.661076050774201316e-03,3.133280150040908222e-06,0.000000000000000000e+00
1.000000000000000000e+00,6.018264389038085938e+01,2.479411125183105469e+01,1.036666679382324219e+01,1.000000000000000000e+00,-2.746857103237104192e-01,7.251702752545954311e-01,2.010396115245419724e-01,7.988679300054167820e-01,5.384536739683193482e-04,8.909686670144171270e-04,1.242668203222903644e-07,0.000000000000000000e+00
1.000000000000000000e+00,6.018266296386718750e+01,2.479413604736328125e+01,1.036666679382324219e+01,1.000000000000000000e+00,4.337937701384419475e-01,5.639319011799746040e-01,-2.746857103237104192e-01,7.251702752545954311e-01,3.128284352656693807e-05,5.384536739683193482e-04,2.572222512509767450e-07,0.000000000000000000e+00
1.000000000000000000e+00,6.018268585205078125e+01,2.479425048828125000e+01,1.036666679382324219e+01,1.000000000000000000e+00,1.665453920132113630e-01,8.327269600660567317e-01,4.337937701384419475e-01,5.639319011799746040e-01,1.167072947752254887e-04,3.128284352656693807e-05,7.297336871134440434e-09,0.000000000000000000e+00
1.000000000000000000e+00,6.018268585205078125e+01,2.479439353942871094e+01,1.038333320617675781e+01,1.000000000000000000e+00,0.000000000000000000e+00,9.993014376638001961e-01,1.665453920132113630e-01,8.327269600660567317e-01,1.430511474609375000e-04,1.167072947752254887e-04,6.939985743264959411e-10,0.000000000000000000e+00
1.000000000000000000e+00,6.018273162841796875e+01,2.479524230957031250e+01,1.038333320617675781e+01,1.000000000000000000e+00,5.116698800899589783e-02,9.487212360001322509e-01,0.000000000000000000e+00,9.993014376638001961e-01,8.500036641492913353e-04,1.430511474609375000e-04,4.997818608519972120e-07,0.000000000000000000e+00
1.000000000000000000e+00,6.018333435058593750e+01,2.479779243469238281e+01,1.038333320617675781e+01,1.000000000000000000e+00,1.911615109687681280e-01,8.088067726748195962e-01,5.116698800899589783e-02,9.487212360001322509e-01,2.620383969950792428e-03,8.500036641492913353e-04,3.134246427169816507e-06,0.000000000000000000e+00
1.000000000000000000e+00,6.018391799926757812e+01,2.479958534240722656e+01,1.038333320617675781e+01,1.000000000000000000e+00,2.455755415481920556e-01,7.543823825336618549e-01,1.911615109687681280e-01,8.088067726748195962e-01,1.885514215678862817e-03,2.620383969950792428e-03,5.400335557436862231e-07,0.000000000000000000e+00
1.000000000000000000e+00,6.018399810791015625e+01,2.479974555969238281e+01,1.038333320617675781e+01,1.000000000000000000e+00,3.331946904937383991e-01,6.663893809874767982e-01,2.455755415481920556e-01,7.543823825336618549e-01,1.791283703899215025e-04,1.885514215678862817e-03,2.911752653002454595e-06,0.000000000000000000e+00
1.000000000000000000e+00,6.018435287475585938e+01,2.480146980285644531e+01,1.038333320617675781e+01,1.000000000000000000e+00,1.706339943710421525e-01,8.293179081259252072e-01,3.331946904937383991e-01,6.663893809874767982e-01,1.760361895641463338e-03,1.791283703899215025e-04,2.500299461379418740e-06,0.000000000000000000e+00
1.000000000000000000e+00,6.018458557128906250e+01,2.480437850952148438e+01,1.039999961853027344e+01,1.000000000000000000e+00,7.407171615592471337e-02,9.258964519490590073e-01,1.706339943710421525e-01,8.293179081259252072e-01,2.917999681255537339e-03,1.760361895641463338e-03,1.340125242681456822e-06,0.000000000000000000e+00
1.000000000000000000e+00,6.018473815917968750e+01,2.480543327331542969e+01,1.039999961853027344e+01,1.000000000000000000e+00,1.263718396146843725e-01,8.735453413365057429e-01,7.407171615592471337e-02,9.258964519490590073e-01,1.065743742830938109e-03,2.917999681255537339e-03,3.430852061429192552e-06,0.000000000000000000e+00
1.000000000000000000e+00,6.018503952026367188e+01,2.480715560913085938e+01,1.039999961853027344e+01,1.000000000000000000e+00,1.489087586168484911e-01,8.510418293102163245e-01,1.263718396146843725e-01,8.735453413365057429e-01,1.748501977137024684e-03,1.065743742830938109e-03,4.661588065127649966e-07,0.000000000000000000e+00
1.000000000000000000e+00,6.018515014648437500e+01,2.480756378173828125e+01,1.039999961853027344e+01,1.000000000000000000e+00,2.131942003084958404e-01,7.866130838968640182e-01,1.489087586168484911e-01,8.510418293102163245e-01,4.228983780491816970e-04,1.748501977137024684e-03,1.757224901914642798e-06,0.000000000000000000e+00
1.000000000000000000e+00,6.018550872802734375e+01,2.480908584594726562e+01,1.039999961853027344e+01,1.000000000000000000e+00,1.906592332304186677e-01,8.092875963716706922e-01,2.131942003084958404e-01,7.866130838968640182e-01,1.563732771041484752e-03,4.228983780491816970e-04,1.301503112234116532e-06,0.000000000000000000e+00
1.000000000000000000e+00,6.018565368652343750e+01,2.480961990356445312e+01,1.039999961853027344e+01,1.000000000000000000e+00,2.134517106262750763e-01,7.864010391494344887e-01,1.906592332304186677e-01,8.092875963716706922e-01,5.533809755184506502e-04,1.563732771041484752e-03,1.020810750716619163e-06,0.000000000000000000e+00
1.000000000000000000e+00,6.018560791015625000e+01,2.480958557128906250e+01,1.041666698455810547e+01,1.000000000000000000e+00,-5.707161437486341082e-01,-4.280371078114755257e-01,2.134517106262750763e-01,7.864010391494344887e-01,5.722045898437500000e-05,5.533809755184506502e-04,2.461752581673607421e-07,0.000000000000000000e+00
1.000000000000000000e+00,6.018563842773437500e+01,2.480962944030761719e+01,1.041666698455810547e+01,1.000000000000000000e+00,4.097056314202920935e-01,5.889518451666698740e-01,-5.707161437486341082e-01,-4.280371078114755257e-01,5.343981066178092961e-05,5.722045898437500000e-05,1.429330173913335848e-11,0.000000000000000000e+00
1.000000000000000000e+00,6.018566513061523438e+01,2.480977249145507812e+01,1.041666698455810547e+01,1.000000000000000000e+00,1.572107598709312215e-01,8.422004993085601132e-01,4.097056314202920935e-01,5.889518451666698740e-01,1.455220761124609047e-04,5.343981066178092961e-05,8.479143610529490197e-09,0.000000000000000000e+00
1.000000000000000000e+00,6.018572616577148438e+01,2.480972290039062500e+01,1.041666698455810547e+01,1.000000000000000000e+00,5.512258601659056900e-01,-4.478710113847984009e-01,1.572107598709312215e-01,8.422004993085601132e-01,7.864199877963372733e-05,1.455220761124609047e-04,4.472944744044943475e-09,0.000000000000000000e+00
1.000000000000000000e+00,6.018572235107421875e+01,2.480990600585937500e+01,1.041666698455810547e+01,1.000000000000000000e+00,-2.039725098579098228e-02,9.790680473179670384e-01,5.512258601659056900e-01,-4.478710113847984009e-01,1.831452008691071098e-04,7.864199877963372733e-05,1.092091924695331403e-08,0.000000000000000000e+00
1.000000000000000000e+00,6.018607711791992188e+01,2.481166076660156250e+01,1.041666698455810547e+01,1.000000000000000000e+00,1.681656268336201576e-01,8.317869714351103783e-01,-2.039725098579098228e-02,9.790680473179670384e-01,1.790263884775808879e-03,1.831452008691071098e-04,2.582830464162009070e-06,0.000000000000000000e+00
1.000000000000000000e+00,6.018640136718750000e+01,2.481236267089843750e+01,1.043333339691162109e+01,1.000000000000000000e+00,3.159543399500029937e-01,6.839482182447124137e-01,1.681656268336201576e-01,8.317869714351103783e-01,7.731799463879923109e-04,1.790263884775808879e-03,1.034459737726471531e-06,0.000000000000000000e+00
1.000000000000000000e+00,6.018726730346679688e+01,2.481294822692871094e+01,1.043333339691162109e+01,1.000000000000000000e+00,5.965423442848093449e-01,4.033887658489790362e-01,3.159543399500029937e-01,6.839482182447124137e-01,1.045333202568493082e-03,7.731799463879923109e-04,7.406739484964928376e-08,0.000000000000000000e+00
1.000000000000000000e+00,6.018726348876953125e+01,2.481303215026855469e+01,1.043333339691162109e+01,1.000000000000000000e+00,-4.342876265409914560e-02,9.554327783901812587e-01,5.965423442848093449e-01,4.033887658489790362e-01,8.400999277322860346e-05,1.045333202568493082e-03,9.241423136910701883e-07,0.000000000000000000e+00
1.000000000000000000e+00,6.018684768676757812e+01,2.481736183166503906e+01,1.043333339691162109e+01,1.000000000000000000e+00,-8.761873241760523290e-02,9.123601953576324641e-01,-4.342876265409914560e-02,9.554327783901812587e-01,4.349601395517883017e-03,8.400999277322860346e-05,1.819527001516910955e-05,0.000000000000000000e+00
1.000000000000000000e+00,6.018652725219726562e+01,2.481976127624511719e+01,1.043333339691162109e+01,1.000000000000000000e+00,-1.178077303520806002e-01,8.821555046602225225e-01,-8.761873241760523290e-02,9.123601953576324641e-01,2.420746291274169376e-03,4.349601395517883017e-03,3.720482013167027350e-06,0.000000000000000000e+00
1.000000000000000000e+00,6.018674850463867188e+01,2.481997680664062500e+01,1.043333339691162109e+01,1.000000000000000000e+00,5.064342718726936310e-01,4.933368338070205361e-01,-1.178077303520806002e-01,8.821555046602225225e-01,3.088786075725869743e-04,2.420746291274169376e-03,4.459985113463085793e-06,0.000000000000000000e+00
1.000000000000000000e+00,6.018696594238281250e+01,2.482028961181640625e+01,1.044999980926513672e+01,1.000000000000000000e+00,4.099946204102354330e-01,5.898168223445492409e-01,5.064342718726936310e-01,4.933368338070205361e-01,3.809543943472795745e-04,3.088786075725869743e-04,5.194919039190952376e-09,0.000000000000000000e+00
1.000000000000000000e+00,6.018740844726562500e+01,2.482101249694824219e+01,1.044999980926513672e+01,1.000000000000000000e+00,3.796728219468947785e-01,6.202413772322117325e-01,4.099946204102354330e-01,5.898168223445492409e-01,8.475691624536402236e-04,3.809543943472795745e-04,2.177293418149527356e-07,0.000000000000000000e+00
1.000000000000000000e+00,6.018753814697265625e+01,2.482107353210449219e+01,1.044999980926513672e+01,1.000000000000000000e+00,6.796436709790297792e-01,3.198323157548375040e-01,3.796728219468947785e-01,6.202413772322117325e-01,1.433433092350458948e-04,8.475691624536402236e-04,4.959340523414572476e-07,0.000000000000000000e+00
1.000000000000000000e+00,6.018753051757812500e+01,2.482111167907714844e+01,1.044999980926513672e+01,1.000000000000000000e+00,-1.663033714083793357e-01,8.315168570418967064e-01,6.796436709790297792e-01,3.198323157548375040e-01,3.890243159174182504e-05,1.433433092350458948e-04,1.090789692290361144e-08,0.000000000000000000e+00
1.000000000000000000e+00,6.018752288818359375e+01,2.482113647460937500e+01,1.044999980926513672e+01,1.000000000000000000e+00,-2.345706905986318924e-01,7.623547444455536226e-01,-1.663033714083793357e-01,8.315168570418967064e-01,2.594274617907608784e-05,3.890243159174182504e-05,1.679534459952610931e-10,0.000000000000000000e+00
1.000000000000000000e+00,6.018756866455078125e+01,2.482088279724121094e+01,1.044999980926513672e+01,1.000000000000000000e+00,1.528152107126152237e-01,-8.468509593657427281e-01,-2.345706905986318924e-01,7.623547444455536226e-01,2.577744807220647507e-04,2.594274617907608784e-05,5.374595314121076041e-08,0.000000000000000000e+00
1.000000000000000000e+00,6.018737792968750000e+01,2.482093238830566406e+01,1.046666622161865234e+01,1.000000000000000000e+00,-7.933206916517581142e-01,2.062633798294571108e-01,1.528152107126152237e-01,-8.468509593657427281e-01,1.970762840742414741e-04,2.577744807220647507e-04,3.684271076297824945e-09,0.000000000000000000e+00
1.000000000000000000e+00,6.018722915649414062e+01,2.482114410400390625e+01,1.046666622161865234e+01,1.000000000000000000e+00,-4.125839614709038705e-01,5.871387144009017067e-01,-7.933206916517581142e-01,2.062633798294571108e-01,2.587605069258502237e-04,1.970762840742414741e-04,3.804943348806931064e-09,0.000000000000000000e+00
1.000000000000000000e+00,6.018724441528320312e+01,2.482127380371093750e+01,1.046666622161865234e+01,1.000000000000000000e+00,1.051905918881054780e-01,8.941200310488965908e-01,-4.125839614709038705e-01,5.871387144009017067e-01,1.305941983690161903e-04,2.587605069258502237e-04,1.642660264908559023e-08,0.000000000000000000e+00
1.000000000000000000e+00,6.018698120117187500e+01,2.482196044921875000e+01,1.046666622161865234e+01,1.000000000000000000e+00,-2.770792631861973554e-01,7.228154691813843957e-01,1.051905918881054780e-01,8.941200310488965908e-01,7.353663860969854305e-04,1.305941983690161903e-04,3.657493990492740173e-07,0.000000000000000000e+00
1.000000000000000000e+00,6.018692398071289062e+01,2.482185745239257812e+01,1.046666622161865234e+01,1.000000000000000000e+00,-3.569200846222304602e-01,-6.424561523200148505e-01,-2.770792631861973554e-01,7.228154691813843957e-01,1.178241364401283356e-04,7.353663860969854305e-04,3.813584301112519451e-07,0.000000000000000000e+00
1.000000000000000000e+00,6.018689346313476562e+01,2.482182121276855469e+01,1.046666622161865234e+01,1.000000000000000000e+00,-4.564590970654792135e-01,-5.420451777652566250e-01,-3.569200846222304602e-01,-6.424561523200148505e-01,4.737755717611015819e-05,1.178241364401283356e-04,4.962720530001595719e-09,0.000000000000000000e+00
1.000000000000000000e+00,6.018688201904296875e+01,2.482179641723632812e+01,1.048333358764648438e+01,1.000000000000000000e+00,-3.149204788000572464e-01,-6.823277040667906634e-01,-4.564590970654792135e-01,-5.420451777652566250e-01,2.730907642989416771e-05,4.737755717611015819e-05,4.027439194612418975e-10,0.000000000000000000e+00
1.000000000000000000e+00,6.018687057495117188e+01,2.482179450988769531e+01,1.048333358764648438e+01,1.000000000000000000e+00,-8.507707302199207788e-01,-1.417951217033201206e-01,-3.149204788000572464e-01,-6.823277040667906634e-01,1.160194879588741176e-05,2.730907642989416771e-05,2.467138585109786333e-10,0.000000000000000000e+00
1.000000000000000000e+00,6.018685531616210938e+01,2.482178115844726562e+01,1.048333358764648438e+01,1.000000000000000000e+00,-5.314756911522477978e-01,-4.650412297582168231e-01,-8.507707302199207788e-01,-1.417951217033201206e-01,2.027539408251695629e-05,1.160194879588741176e-05,7.522865314015626753e-11,0.000000000000000000e+00
1.000000000000000000e+00,6.018685531616210938e+01,2.482177543640136719e+01,1.048333358764648438e+01,1.000000000000000000e+00,0.000000000000000000e+00,-9.828239073094842126e-01,-5.314756911522477978e-01,-4.650412297582168231e-01,5.722045898437500000e-06,2.027539408251695629e-05,2.117999433670488155e-10,0.000000000000000000e+00
1.000000000000000000e+00,6.018685531616210938e+01,2.482177162170410156e+01,1.048333358764648438e+01,1.000000000000000000e+00,0.000000000000000000e+00,-9.744552405423272390e-01,0.000000000000000000e+00,-9.828239073094842126e-01,3.814697265625000000e-06,5.722045898437500000e-06,3.637978807091712952e-12,0.000000000000000000e+00
1.000000000000000000e+00,6.018685531616210938e+01,2.482177734375000000e+01,1.048333358764648438e+01,1.000000000000000000e+00,0.000000000000000000e+00,9.828239073094842126e-01,0.000000000000000000e+00,-9.744552405423272390e-01,5.722045898437500000e-06,3.814697265625000000e-06,3.637978807091712952e-12,0.000000000000000000e+00
1.000000000000000000e+00,6.018685150146484375e+01,2.482177543640136719e+01,1.050000000000000000e+01,1.000000000000000000e+00,-6.552159382063228454e-01,-3.276079691031614227e-01,0.000000000000000000e+00,9.828239073094842126e-01,4.264961199760036097e-06,5.722045898437500000e-06,2.123095819119995626e-12,0.000000000000000000e+00
1.000000000000000000e+00,6.018714904785156250e+01,2.482226562500000000e+01,1.723333358764648438e+01,1.000000000000000000e+00,0.000000000000000000e+00,0.000000000000000000e+00,-6.552159382063228454e-01,-3.276079691031614227e-01,0.000000000000000000e+00,4.264961199760036097e-06,1.818989403545856799e-11,0.000000000000000000e+00
1.000000000000000000e+00,6.018722915649414062e+01,2.482035255432128906e+01,1.723333358764648438e+01,1.000000000000000000e+00,4.018937121482722696e-02,-9.597604602017074660e-01,0.000000000000000000e+00,0.000000000000000000e+00,1.914747193850727851e-03,0.000000000000000000e+00,3.666256816359236836e-06,0.000000000000000000e+00
1.000000000000000000e+00,6.018722915649414062e+01,2.482035255432128906e+01,1.725000000000000000e+01,1.000000000000000000e+00,0.000000000000000000e+00,0.000000000000000000e+00,4.018937121482722696e-02,-9.597604602017074660e-01,0.000000000000000000e+00,1.914747193850727851e-03,3.666256816359236836e-06,0.000000000000000000e+00
1.000000000000000000e+00,6.018722915649414062e+01,2.482035255432128906e+01,1.725000000000000000e+01,1.000000000000000000e+00,0.000000000000000000e+00,0.000000000000000000e+00,0.000000000000000000e+00,0.000000000000000000e+00,0.000000000000000000e+00,0.000000000000000000e+00,0.000000000000000000e+00,0.000000000000000000e+00
1.000000000000000000e+00,6.018672180175781250e+01,2.481978607177734375e+01,1.725000000000000000e+01,1.000000000000000000e+00,-4.724249224302431438e-01,-5.274819622623391213e-01,0.000000000000000000e+00,0.000000000000000000e+00,7.604678172476032720e-04,0.000000000000000000e+00,5.783113010693341494e-07,0.000000000000000000e+00
1.000000000000000000e+00,6.018669128417968750e+01,2.482007217407226562e+01,1.725000000000000000e+01,1.000000000000000000e+00,-9.635510974230326875e-02,9.033291538340931792e-01,-4.724249224302431438e-01,-5.274819622623391213e-01,2.877252956105510800e-04,7.604678172476032720e-04,2.234854917637587560e-07,0.000000000000000000e+00
1.000000000000000000e+00,6.018669128417968750e+01,2.482007217407226562e+01,1.725000000000000000e+01,1.000000000000000000e+00,0.000000000000000000e+00,0.000000000000000000e+00,-9.635510974230326875e-02,9.033291538340931792e-01,0.000000000000000000e+00,2.877252956105510800e-04,8.278584573417900669e-08,0.000000000000000000e+00
1.000000000000000000e+00,6.018702316284179688e+01,2.481735610961914062e+01,1.725000000000000000e+01,1.000000000000000000e+00,1.088825353062158607e-01,-8.910846567589160161e-01,0.000000000000000000e+00,0.000000000000000000e+00,2.736265623051372092e-03,0.000000000000000000e+00,7.487149559892713177e-06,0.000000000000000000e+00
1.000000000000000000e+00,6.018702316284179688e+01,2.481735610961914062e+01,1.726666641235351562e+01,1.000000000000000000e+00,0.000000000000000000e+00,0.000000000000000000e+00,1.088825353062158607e-01,-8.910846567589160161e-01,0.000000000000000000e+00,2.736265623051372092e-03,7.487149559892713177e-06,0.000000000000000000e+00
1.000000000000000000e+00,6.018730163574218750e+01,2.481310081481933594e+01,1.726666641235351562e+01,1.000000000000000000e+00,6.142060571785735307e-02,-9.385573380584915082e-01,0.000000000000000000e+00,0.000000000000000000e+00,4.264396908062942707e-03,0.000000000000000000e+00,1.818508098949678581e-05,0.000000000000000000e+00
1.000000000000000000e+00,6.018664932250976562e+01,2.481236457824707031e+01,1.726666641235351562e+01,1.000000000000000000e+00,-4.697463897808783484e-01,-5.301815978228626713e-01,6.142060571785735307e-02,-9.385573380584915082e-01,9.836446734131751475e-04,4.264396908062942707e-03,1.076333522515944307e-05,0.000000000000000000e+00
1.000000000000000000e+00,6.018618774414062500e+01,2.481138229370117188e+01,1.726666641235351562e+01,1.000000000000000000e+00,-3.196608197712184629e-01,-6.802699263726342815e-01,-4.697463897808783484e-01,-5.301815978228626713e-01,1.085328300547543437e-03,9.836446734131751475e-04,1.033956002720123951e-08,0.000000000000000000e+00
1.000000000000000000e+00,6.018601989746093750e+01,2.481056976318359375e+01,1.726666641235351562e+01,1.000000000000000000e+00,-1.711887641605478183e-01,-8.287092446862882600e-01,-3.196608197712184629e-01,-6.802699263726342815e-01,8.296856934272724528e-04,1.085328300547543437e-03,6.535314257524921958e-08,0.000000000000000000e+00
1.000000000000000000e+00,6.018611145019531250e+01,2.481079673767089844e+01,1.726666641235351562e+01,1.000000000000000000e+00,2.873349423579287798e-01,7.123512112623651138e-01,-1.711887641605478183e-01,-8.287092446862882600e-01,2.447433779671373631e-04,8.296856934272724528e-04,3.421575124158641818e-07,0.000000000000000000e+00
1.000000000000000000e+00,6.018609619140625000e+01,2.481077384948730469e+01,1.728333282470703125e+01,1.000000000000000000e+00,-3.989541655921500785e-01,-5.984312483882251454e-01,2.873349423579287798e-01,7.123512112623651138e-01,2.750817318316642094e-05,2.447433779671373631e-04,4.719113419753379933e-08,0.000000000000000000e+00
1.000000000000000000e+00,6.018604278564453125e+01,2.481081581115722656e+01,1.728333282470703125e+01,1.000000000000000000e+00,-5.594134125215517450e-01,4.395391098383621409e-01,-3.989541655921500785e-01,-5.984312483882251454e-01,6.791875387102072625e-05,2.750817318316642094e-05,1.633015031529583098e-09,0.000000000000000000e+00
1.000000000000000000e+00,6.018607330322265625e+01,2.481077766418457031e+01,1.728333282470703125e+01,1.000000000000000000e+00,4.437981165918008508e-01,-5.547476457397511052e-01,-5.594134125215517450e-01,4.395391098383621409e-01,4.885196103998450112e-05,6.791875387102072625e-05,3.635425888616543859e-10,0.000000000000000000e+00
1.000000000000000000e+00,6.018605804443359375e+01,2.481078338623046875e+01,1.728333282470703125e+01,1.000000000000000000e+00,-7.238228035452262121e-01,2.714335513294598434e-01,4.437981165918008508e-01,-5.547476457397511052e-01,1.629639386237627101e-05,4.885196103998450112e-05,1.059864954255762179e-09,0.000000000000000000e+00
1.000000000000000000e+00,6.018608474731445312e+01,2.481050109863281250e+01,1.728333282470703125e+01,1.000000000000000000e+00,8.639179371559040088e-02,-9.132846764219556546e-01,-7.238228035452262121e-01,2.714335513294598434e-01,2.835477590049458496e-04,1.629639386237627101e-05,7.142329217056705518e-08,0.000000000000000000e+00
1.000000000000000000e+00,6.018554687500000000e+01,2.480915451049804688e+01,1.728333282470703125e+01,1.000000000000000000e+00,-2.854099557677237109e-01,-7.145369814610388337e-01,8.639179371559040088e-02,-9.132846764219556546e-01,1.450036631036170183e-03,2.835477590049458496e-04,1.360696288572678165e-06,0.000000000000000000e+00
1.000000000000000000e+00,6.018533325195312500e+01,2.480813789367675781e+01,1.729999923706054688e+01,1.000000000000000000e+00,-1.736292974020036683e-01,-8.262894242434638548e-01,-2.854099557677237109e-01,-7.145369814610388337e-01,1.038818832850096126e-03,1.450036631036170183e-03,1.691000775450027434e-07,0.000000000000000000e+00
1.000000000000000000e+00,6.018525695800781250e+01,2.480788612365722656e+01,1.729999923706054688e+01,1.000000000000000000e+00,-2.324872730887016792e-01,-7.672080011927154830e-01,-1.736292974020036683e-01,-8.262894242434638548e-01,2.630758613520304298e-04,1.038818832850096126e-03,6.017771578286486692e-07,0.000000000000000000e+00
1.000000000000000000e+00,6.018519973754882812e+01,2.480780982971191406e+01,1.729999923706054688e+01,1.000000000000000000e+00,-4.282506761564275344e-01,-5.710009015419034162e-01,-2.324872730887016792e-01,-7.672080011927154830e-01,9.536743164062500000e-05,2.630758613520304298e-04,2.812611739626541608e-08,0.000000000000000000e+00
1.000000000000000000e+00,6.018520355224609375e+01,2.480756568908691406e+01,1.729999923706054688e+01,1.000000000000000000e+00,1.537841329419293440e-02,-9.842184508283478017e-01,-4.282506761564275344e-01,-5.710009015419034162e-01,2.441704255036202822e-04,9.536743164062500000e-05,2.214233098259061120e-08,0.000000000000000000e+00
1.000000000000000000e+00,6.018480682373046875e+01,2.480584144592285156e+01,1.729999923706054688e+01,1.000000000000000000e+00,-1.870415410399758338e-01,-8.129113129814334870e-01,1.537841329419293440e-02,-9.842184508283478017e-01,1.769295906265053609e-03,2.441704255036202822e-04,2.326007732067793062e-06,0.000000000000000000e+00
1.000000000000000000e+00,6.018462753295898438e+01,2.480455780029296875e+01,1.729999923706054688e+01,1.000000000000000000e+00,-1.225470339062173786e-01,-8.773846150945138200e-01,-1.870415410399758338e-01,-8.129113129814334870e-01,1.296106200840311173e-03,1.769295906265053609e-03,2.239084973199545183e-07,0.000000000000000000e+00
1.000000000000000000e+00,6.018444824218750000e+01,2.480387306213378906e+01,1.731666755676269531e+01,1.000000000000000000e+00,-2.074815055047333212e-01,-7.924027710233964017e-01,-1.225470339062173786e-01,-8.773846150945138200e-01,7.078216776676519995e-04,1.296106200840311173e-03,3.460786802044829803e-07,0.000000000000000000e+00
1.000000000000000000e+00,6.018464279174804688e+01,2.480390357971191406e+01,1.731666755676269531e+01,1.000000000000000000e+00,8.640228840425179246e-01,1.355330014184341902e-01,-2.074815055047333212e-01,-7.924027710233964017e-01,1.969285507070969721e-04,7.078216776676519995e-04,2.610117871755338171e-07,0.000000000000000000e+00
1.000000000000000000e+00,6.018462371826171875e+01,2.480174827575683594e+01,1.731666755676269531e+01,1.000000000000000000e+00,-8.771526420522460579e-03,-9.911824855190379813e-01,8.640228840425179246e-01,1.355330014184341902e-01,2.155388349383033624e-03,1.969285507070969721e-04,3.835564783029790157e-06,0.000000000000000000e+00
1.000000000000000000e+00,6.018421173095703125e+01,2.480012321472167969e+01,1.731666755676269531e+01,1.000000000000000000e+00,-2.022372630552272954e-01,-7.977136487178410063e-01,-8.771526420522460579e-03,-9.911824855190379813e-01,1.676471564687804020e-03,2.155388349383033624e-03,2.293612866628169033e-07,0.000000000000000000e+00
1.000000000000000000e+00,6.018357086181640625e+01,2.479840850830078125e+01,1.731666755676269531e+01,1.000000000000000000e+00,-2.720532279965344191e-01,-7.279043213359657205e-01,-2.022372630552272954e-01,-7.977136487178410063e-01,1.830554933695177459e-03,1.676471564687804020e-03,2.374168460466241063e-08,0.000000000000000000e+00
1.000000000000000000e+00,6.018343353271484375e+01,2.479792022705078125e+01,1.731666755676269531e+01,1.000000000000000000e+00,-2.194771130437062900e-01,-7.803630685998445005e-01,-2.720532279965344191e-01,-7.279043213359657205e-01,5.072256512022296554e-04,1.830554933695177459e-03,1.751200389903299750e-06,0.000000000000000000e+00
1.000000000000000000e+00,6.018268585205078125e+01,2.479581451416015625e+01,1.733333396911621094e+01,1.000000000000000000e+00,-2.620229027096513397e-01,-7.379420525292221811e-01,-2.194771130437062900e-01,-7.803630685998445005e-01,2.234514075399220666e-03,5.072256512022296554e-04,2.983525300364924008e-06,0.000000000000000000e+00
1.000000000000000000e+00,6.018279266357421875e+01,2.479420661926269531e+01,1.733333396911621094e+01,1.000000000000000000e+00,6.228780236403494430e-02,-9.376538820157402920e-01,-2.620229027096513397e-01,-7.379420525292221811e-01,1.611438705883645565e-03,2.234514075399220666e-03,3.882229160969704573e-07,0.000000000000000000e+00
1.000000000000000000e+00,6.018286132812500000e+01,2.479262351989746094e+01,1.733333396911621094e+01,1.000000000000000000e+00,4.156792222138503551e-02,-9.583715401041549287e-01,6.228780236403494430e-02,-9.376538820157402920e-01,1.584587776281097060e-03,1.611438705883645565e-03,7.209724205210156002e-10,0.000000000000000000e+00
1.000000000000000000e+00,6.018287277221679688e+01,2.479168319702148438e+01,1.733333396911621094e+01,1.000000000000000000e+00,1.202278488941000041e-02,-9.878721584131884281e-01,4.156792222138503551e-02,-9.583715401041549287e-01,9.403925129018675345e-04,1.584587776281097060e-03,4.149875373602349049e-07,0.000000000000000000e+00
1.000000000000000000e+00,6.018318939208984375e+01,2.478840827941894531e+01,1.733333396911621094e+01,1.000000000000000000e+00,8.815474145124344019e-02,-9.118174160950903717e-01,1.202278488941000041e-02,-9.878721584131884281e-01,3.290187448676506511e-03,9.403925129018675345e-04,5.521536240192138996e-06,0.000000000000000000e+00
1.000000000000000000e+00,6.018316650390625000e+01,2.478791427612304688e+01,1.733333396911621094e+01,1.000000000000000000e+00,-4.427187778071664526e-02,-9.555346954338009846e-01,8.815474145124344019e-02,-9.118174160950903717e-01,4.945332398400945247e-04,3.290187448676506511e-03,7.815682455384744356e-06,0.000000000000000000e+00
1.000000000000000000e+00,6.018310546875000000e+01,2.478791046142578125e+01,1.735000038146972656e+01,1.000000000000000000e+00,-9.397273888434060085e-01,-5.873296180271287553e-02,-4.427187778071664526e-02,-9.555346954338009846e-01,6.115424935104903613e-05,4.945332398400945247e-04,1.878173493973041811e-07,0.000000000000000000e+00
1.000000000000000000e+00,6.018320083618164062e+01,2.478775405883789062e+01,1.735000038146972656e+01,1.000000000000000000e+00,3.786374885669652746e-01,-6.209654812498230925e-01,-9.397273888434060085e-01,-5.873296180271287553e-02,1.831849243704676750e-04,6.115424935104903613e-05,1.489148564569496424e-08,0.000000000000000000e+00
1.000000000000000000e+00,6.018295288085937500e+01,2.478606605529785156e+01,1.735000038146972656e+01,1.000000000000000000e+00,-1.280722022937146598e-01,-8.718761463841344650e-01,3.786374885669652746e-01,-6.209654812498230925e-01,1.706117754735662038e-03,1.831849243704676750e-04,2.319324405804142041e-06,0.000000000000000000e+00
1.000000000000000000e+00,6.018254089355468750e+01,2.478395652770996094e+01,1.735000038146972656e+01,1.000000000000000000e+00,-1.633823253106980178e-01,-8.365780175631111204e-01,-1.280722022937146598e-01,-8.718761463841344650e-01,2.149381348968886461e-03,1.706117754735662038e-03,1.964826139725566380e-07,0.000000000000000000e+00
1.000000000000000000e+00,6.018201065063476562e+01,2.478160285949707031e+01,1.735000038146972656e+01,1.000000000000000000e+00,-1.838560586292813104e-01,-8.161092674407667280e-01,-1.633823253106980178e-01,-8.365780175631111204e-01,2.412656546319642305e-03,2.149381348968886461e-03,6.931382954007943986e-08,0.000000000000000000e+00
1.000000000000000000e+00,6.018164825439453125e+01,2.477965927124023438e+01,1.735000038146972656e+01,1.000000000000000000e+00,-1.571478584998811379e-01,-8.428087779546257208e-01,-1.838560586292813104e-01,-8.161092674407667280e-01,1.977085316076817451e-03,2.412656546319642305e-03,1.897222966152479381e-07,0.000000000000000000e+00
1.000000000000000000e+00,6.018251800537109375e+01,2.477904891967773438e+01,1.736666679382324219e+01,1.000000000000000000e+00,5.875891667591415235e-01,-4.123432749186957680e-01,-1.571478584998811379e-01,-8.428087779546257208e-01,1.062542136142192659e-03,1.977085316076817451e-03,8.363892279649355285e-07,0.000000000000000000e+00
1.000000000000000000e+00,6.018357467651367188e+01,2.477729415893554688e+01,1.736666679382324219e+01,1.000000000000000000e+00,3.758346644773019607e-01,-6.241297677240393860e-01,5.875891667591415235e-01,-4.123432749186957680e-01,2.048350352327400759e-03,1.062542136142192659e-03,9.718178390982619353e-07,0.000000000000000000e+00
1.000000000000000000e+00,6.018442153930664062e+01,2.477630233764648438e+01,1.736666679382324219e+01,1.000000000000000000e+00,4.605558647392932747e-01,-5.393897514964696160e-01,3.758346644773019607e-01,-6.241297677240393860e-01,1.304180225104042447e-03,2.048350352327400759e-03,5.537891782516292626e-07,0.000000000000000000e+00
1.000000000000000000e+00,6.018482208251953125e+01,2.477489662170410156e+01,1.736666679382324219e+01,1.000000000000000000e+00,2.217406276715733204e-01,-7.782040123521406505e-01,4.605558647392932747e-01,-5.393897514964696160e-01,1.461667601085124644e-03,1.304180225104042447e-03,2.480227359340674570e-08,0.000000000000000000e+00
1.000000000000000000e+00,6.018467712402343750e+01,2.477333259582519531e+01,1.736666679382324219e+01,1.000000000000000000e+00,-8.481646559652737671e-02,-9.151250235414796208e-01,2.217406276715733204e-01,-7.782040123521406505e-01,1.570729103148671337e-03,1.461667601085124644e-03,1.189441123235700026e-08,0.000000000000000000e+00
1.000000000000000000e+00,6.018388748168945312e+01,2.477100181579589844e+01,1.736666679382324219e+01,1.000000000000000000e+00,-2.530481252997850428e-01,-7.469198287834234451e-01,-8.481646559652737671e-02,-9.151250235414796208e-01,2.460908482774081495e-03,1.570729103148671337e-03,7.924193279102800951e-07,0.000000000000000000e+00
1.000000000000000000e+00,6.018294906616210938e+01,2.476835823059082031e+01,1.738333320617675781e+01,1.000000000000000000e+00,-2.619735170622303766e-01,-7.379985663582343536e-01,-2.530481252997850428e-01,-7.469198287834234451e-01,2.805203457588736037e-03,2.460908482774081495e-03,1.185390296826236003e-07,0.000000000000000000e+00
1.000000000000000000e+00,6.018197631835937500e+01,2.476607513427734375e+01,1.738333320617675781e+01,1.000000000000000000e+00,-2.987605953957212512e-01,-7.012086915464280645e-01,-2.619735170622303766e-01,-7.379985663582343536e-01,2.481686334800356150e-03,2.805203457588736037e-03,1.046633287372716660e-07,0.000000000000000000e+00
1.000000000000000000e+00,6.018112564086914062e+01,2.476324272155761719e+01,1.738333320617675781e+01,1.000000000000000000e+00,-2.309621392709438614e-01,-7.690107103528063259e-01,-2.987605953957212512e-01,-7.012086915464280645e-01,2.957399872736231252e-03,2.481686334800356150e-03,2.263033701754672727e-07,0.000000000000000000e+00
1.000000000000000000e+00,6.018098831176757812e+01,2.476055526733398438e+01,1.738333320617675781e+01,1.000000000000000000e+00,-4.861407915068671759e-02,-9.513505211571886555e-01,-2.309621392709438614e-01,-7.690107103528063259e-01,2.690960699500794581e-03,2.957399872736231252e-03,7.098983303438303149e-08,0.000000000000000000e+00
1.000000000000000000e+00,6.018088150024414062e+01,2.475823974609375000e+01,1.738333320617675781e+01,1.000000000000000000e+00,-4.409266793254448813e-02,-9.558660512519465691e-01,-4.861407915068671759e-02,-9.513505211571886555e-01,2.317983458852883663e-03,2.690960699500794581e-03,1.391120220413296580e-07,0.000000000000000000e+00
1.000000000000000000e+00,6.018109893798828125e+01,2.475503158569335938e+01,1.738333320617675781e+01,1.000000000000000000e+00,6.347253463873939183e-02,-9.364982742312250030e-01,-4.409266793254448813e-02,-9.558660512519465691e-01,3.215520537519780779e-03,2.317983458852883663e-03,8.055728075819078210e-07,0.000000000000000000e+00
1.000000000000000000e+00,6.018136215209960938e+01,2.475242614746093750e+01,1.739999961853027344e+01,1.000000000000000000e+00,9.175212070905171269e-02,-9.082130209316278124e-01,6.347253463873939183e-02,-9.364982742312250030e-01,2.618700068997570091e-03,3.215520537519780779e-03,3.561946716470710921e-07,0.000000000000000000e+00
1.000000000000000000e+00,6.018157958984375000e+01,2.474991035461425781e+01,1.739999961853027344e+01,1.000000000000000000e+00,7.955047401542773844e-02,-9.204129405820103971e-01,9.175212070905171269e-02,-9.082130209316278124e-01,2.525171839693617689e-03,2.618700068997570091e-03,8.747529676732700383e-09,0.000000000000000000e+00
1.000000000000000000e+00,6.018180465698242188e+01,2.474715423583984375e+01,1.739999961853027344e+01,1.000000000000000000e+00,7.549330900601458616e-02,-9.244731484211107242e-01,7.955047401542773844e-02,-9.204129405820103971e-01,2.765293097591577012e-03,2.525171839693617689e-03,5.765821849449829374e-08,0.000000000000000000e+00
1.000000000000000000e+00,6.018174362182617188e+01,2.474634742736816406e+01,1.739999961853027344e+01,1.000000000000000000e+00,-7.032156730683952750e-02,-9.295632178372850163e-01,7.549330900601458616e-02,-9.244731484211107242e-01,8.091138364115243271e-04,2.765293097591577012e-03,3.826637301870936663e-06,0.000000000000000000e+00
1.000000000000000000e+00,6.018173980712890625e+01,2.474630355834960938e+01,1.739999961853027344e+01,1.000000000000000000e+00,-7.983257894739530236e-02,-9.180746578950460535e-01,-7.032156730683952750e-02,-9.295632178372850163e-01,4.403456260915830916e-05,8.091138364115243271e-04,5.853462952019556741e-07,0.000000000000000000e+00
1.000000000000000000e+00,6.018173599243164062e+01,2.474626350402832031e+01,1.739999961853027344e+01,1.000000000000000000e+00,-8.675875402768838673e-02,-9.109669172907280954e-01,-7.983257894739530236e-02,-9.180746578950460535e-01,4.023556348748967738e-05,4.403456260915830916e-05,1.443239432643903631e-11,0.000000000000000000e+00
1.000000000000000000e+00,6.018171691894531250e+01,2.474615097045898438e+01,1.741666603088378906e+01,1.000000000000000000e+00,-1.448174984396783382e-01,-8.544232407941022567e-01,-8.675875402768838673e-02,-9.109669172907280954e-01,1.141385215788053980e-04,4.023556348748967738e-05,5.461647214646766743e-09,0.000000000000000000e+00
1.000000000000000000e+00,6.018134689331054688e+01,2.474480247497558594e+01,1.741666603088378906e+01,1.000000000000000000e+00,-2.153037867711699582e-01,-7.846380270475110663e-01,-1.448174984396783382e-01,-8.544232407941022567e-01,1.398341531647290205e-03,1.141385215788053980e-04,1.649177371068956734e-06,0.000000000000000000e+00
1.000000000000000000e+00,6.018043518066406250e+01,2.474316406250000000e+01,1.741666603088378906e+01,1.000000000000000000e+00,-3.575028096908686170e-01,-6.424579780846362276e-01,-2.153037867711699582e-01,-7.846380270475110663e-01,1.874997437308964206e-03,1.398341531647290205e-03,2.272008524021506663e-07,0.000000000000000000e+00
1.000000000000000000e+00,6.017940902709960938e+01,2.474233245849609375e+01,1.741666603088378906e+01,1.000000000000000000e+00,-5.523316652090257683e-01,-4.476145093515524476e-01,-3.575028096908686170e-01,-6.424579780846362276e-01,1.320816549393881564e-03,1.874997437308964206e-03,3.071164565303493727e-07,0.000000000000000000e+00
1.000000000000000000e+00,6.017838287353515625e+01,2.474170303344726562e+01,1.741666603088378906e+01,1.000000000000000000e+00,-6.197782324550763500e-01,-3.801613693497680191e-01,-5.523316652090257683e-01,-4.476145093515524476e-01,1.203813536197421725e-03,1.320816549393881564e-03,1.368970509705095467e-08,0.000000000000000000e+00
1.000000000000000000e+00,6.017824935913085938e+01,2.474134445190429688e+01,1.741666603088378906e+01,1.000000000000000000e+00,-2.712627055111058172e-01,-7.285341233726843058e-01,-6.197782324550763500e-01,-3.801613693497680191e-01,3.826314403085545124e-04,1.203813536197421725e-03,6.743400346084326660e-07,0.000000000000000000e+00
1.000000000000000000e+00,6.017762756347656250e+01,2.473816299438476562e+01,1.743333244323730469e+01,1.000000000000000000e+00,-1.634861728265507019e-01,-8.364875345849281940e-01,-2.712627055111058172e-01,-7.285341233726843058e-01,3.241651089226663292e-03,3.826314403085545124e-04,8.173993352899827270e-06,0.000000000000000000e+00
1.000000000000000000e+00,6.017753219604492188e+01,2.473627662658691406e+01,1.743333244323730469e+01,1.000000000000000000e+00,-4.812076716643155783e-02,-9.518287745520161991e-01,-1.634861728265507019e-01,-8.364875345849281940e-01,1.888776962954885966e-03,3.241651089226663292e-03,1.830268401535625003e-06,0.000000000000000000e+00
1.000000000000000000e+00,6.017752456665039062e+01,2.473604965209960938e+01,1.743333244323730469e+01,1.000000000000000000e+00,-3.250646930749569868e-02,-9.670674618979970827e-01,-4.812076716643155783e-02,-9.518287745520161991e-01,2.271026762240797923e-04,1.888776962954885966e-03,2.761161435182333478e-06,0.000000000000000000e+00
1.000000000000000000e+00,6.017731094360351562e+01,2.473242568969726562e+01,1.743333244323730469e+01,1.000000000000000000e+00,-5.566455346633162465e-02,-9.443093891609829482e-01,-3.250646930749569868e-02,-9.670674618979970827e-01,3.630253200502306984e-03,2.271026762240797923e-04,1.158143349089517398e-05,0.000000000000000000e+00
1.000000000000000000e+00,6.017727661132812500e+01,2.473050689697265625e+01,1.743333244323730469e+01,1.000000000000000000e+00,-1.757722504607764358e-02,-9.823715775752281942e-01,-5.566455346633162465e-02,-9.443093891609829482e-01,1.919099847623193921e-03,3.630253200502306984e-03,2.928045797069430620e-06,0.000000000000000000e+00
1.000000000000000000e+00,6.017648315429687500e+01,2.472942352294921875e+01,1.743333244323730469e+01,1.000000000000000000e+00,-4.227417034144105856e-01,-5.772050181235220956e-01,-1.757722504607764358e-02,-9.823715775752281942e-01,1.342860132366442867e-03,1.919099847623193921e-03,3.320522094391815322e-07,0.000000000000000000e+00
1.000000000000000000e+00,6.017558288574218750e+01,2.472920417785644531e+01,1.745000076293945312e+01,1.000000000000000000e+00,-8.040167740466045432e-01,-1.958939174054226962e-01,-4.227417034144105856e-01,-5.772050181235220956e-01,9.266044141287630006e-04,1.342860132366442867e-03,1.732688229655667420e-07,0.000000000000000000e+00
1.000000000000000000e+00,6.017541885375976562e+01,2.472913932800292969e+01,1.745000076293945312e+01,1.000000000000000000e+00,-7.163536869651403460e-01,-2.832095971722647931e-01,-8.040167740466045432e-01,-1.958939174054226962e-01,1.763859256240370393e-04,9.266044141287630006e-04,5.628277804943157342e-07,0.000000000000000000e+00
1.000000000000000000e+00,6.017448043823242188e+01,2.472908401489257812e+01,1.745000076293945312e+01,1.000000000000000000e+00,-9.442427917150129080e-01,-5.565658731653531227e-02,-7.163536869651403460e-01,-2.832095971722647931e-01,9.400442766894612874e-04,1.763859256240370393e-04,5.831740771519628652e-07,0.000000000000000000e+00
1.000000000000000000e+00,6.017361831665039062e+01,2.472935867309570312e+01,1.745000076293945312e+01,1.000000000000000000e+00,-7.583225537894159318e-01,2.415894861629997448e-01,-9.442427917150129080e-01,-5.565658731653531227e-02,9.048153130600294003e-04,9.400442766894612874e-04,1.241079878403834759e-09,0.000000000000000000e+00
1.000000000000000000e+00,6.017274093627929688e+01,2.472763061523437500e+01,1.745000076293945312e+01,1.000000000000000000e+00,-3.367367095888728623e-01,-6.632249106250408532e-01,-7.583225537894159318e-01,2.415894861629997448e-01,1.938035161620794717e-03,9.048153130600294003e-04,1.067543255459930676e-06,0.000000000000000000e+00
1.000000000000000000e+00,6.017248916625976562e+01,2.472634124755859375e+01,1.745000076293945312e+01,1.000000000000000000e+00,-1.633557369489339606e-01,-8.365793801324193923e-01,-3.367367095888728623e-01,-6.632249106250408532e-01,1.313718823068433031e-03,1.938035161620794717e-03,3.897708905834271103e-07,0.000000000000000000e+00
1.000000000000000000e+00,6.017264938354492188e+01,2.472627067565917969e+01,1.746666717529296875e+01,1.000000000000000000e+00,6.939142058750662478e-01,-3.056526859211601277e-01,-1.633557369489339606e-01,-8.365793801324193923e-01,1.750713324612218874e-04,1.313718823068433031e-03,1.296518107866098952e-06,0.000000000000000000e+00
1.000000000000000000e+00,6.017287445068359375e+01,2.472605323791503906e+01,1.746666717529296875e+01,1.000000000000000000e+00,5.085057743640388761e-01,-4.912682904872918144e-01,6.939142058750662478e-01,-3.056526859211601277e-01,3.129447067564954002e-04,1.750713324612218874e-04,1.900906733956458633e-08,0.000000000000000000e+00
1.000000000000000000e+00,6.017287826538085938e+01,2.472621536254882812e+01,1.746666717529296875e+01,1.000000000000000000e+00,2.297466053009195389e-02,9.764230725289080315e-01,5.085057743640388761e-01,-4.912682904872918144e-01,1.621695063705442489e-04,3.129447067564954002e-04,2.273316105142372510e-08,0.000000000000000000e+00
1.000000000000000000e+00,6.017280197143554688e+01,2.472602462768554688e+01,1.746666717529296875e+01,1.000000000000000000e+00,-2.856073282179308892e-01,-7.140183205448272785e-01,2.297466053009195389e-02,9.764230725289080315e-01,2.054277346471597258e-04,1.621695063705442489e-04,1.871274313631774799e-09,0.000000000000000000e+00
1.000000000000000000e+00,6.017280960083007812e+01,2.472606277465820312e+01,1.746666717529296875e+01,1.000000000000000000e+00,1.663033714083793357e-01,8.315168570418967064e-01,-2.856073282179308892e-01,-7.140183205448272785e-01,3.890243159174182504e-05,2.054277346471597258e-04,2.773067655769876907e-08,0.000000000000000000e+00
1.000000000000000000e+00,6.017291641235351562e+01,2.472584724426269531e+01,1.746666717529296875e+01,1.000000000000000000e+00,3.312581806573843268e-01,-6.684316859693647528e-01,1.663033714083793357e-01,8.315168570418967064e-01,2.405453240593000868e-04,3.890243159174182504e-05,4.065985608268326860e-08,0.000000000000000000e+00
1.000000000000000000e+00,6.017275238037109375e+01,2.472558021545410156e+01,1.748333358764648438e+01,1.000000000000000000e+00,-3.804427161279852476e-01,-6.193253518362550336e-01,3.312581806573843268e-01,-6.684316859693647528e-01,3.133861449972667138e-04,2.405453240593000868e-04,5.305785194916917085e-09,0.000000000000000000e+00
1.000000000000000000e+00,6.017259979248046875e+01,2.472580528259277344e+01,1.748333358764648438e+01,1.000000000000000000e+00,-4.039334457280838730e-01,5.958018324489237072e-01,-3.804427161279852476e-01,-6.193253518362550336e-01,2.719159452392079924e-04,3.133861449972667138e-04,1.719777467973293690e-09,0.000000000000000000e+00
1.000000000000000000e+00,6.017274475097656250e+01,2.472780990600585938e+01,1.748333358764648438e+01,1.000000000000000000e+00,6.743253291323726695e-02,9.325209485764786033e-01,-4.039334457280838730e-01,5.958018324489237072e-01,2.009857704884123169e-03,2.719159452392079924e-04,3.020441559917664064e-06,0.000000000000000000e+00
1.000000000000000000e+00,6.017315673828125000e+01,2.472953224182128906e+01,1.748333358764648438e+01,1.000000000000000000e+00,1.930204469790790245e-01,8.069327019542054114e-01,6.743253291323726695e-02,9.325209485764786033e-01,1.770924673817471330e-03,2.009857704884123169e-03,5.708899333469761484e-08,0.000000000000000000e+00
1.000000000000000000e+00,6.017394256591796875e+01,2.472937965393066406e+01,1.748333358764648438e+01,1.000000000000000000e+00,8.373091481425485316e-01,-1.625843006102035970e-01,1.930204469790790245e-01,8.069327019542054114e-01,8.005049275278464712e-04,1.770924673817471330e-03,9.417144839888198466e-07,0.000000000000000000e+00
1.000000000000000000e+00,6.017397308349609375e+01,2.472935676574707031e+01,1.748333358764648438e+01,1.000000000000000000e+00,5.703605956572287417e-01,-4.277704467429215840e-01,8.373091481425485316e-01,-1.625843006102035970e-01,3.814697265625000000e-05,8.005049275278464712e-04,5.811896513560031662e-07,0.000000000000000000e+00
1.000000000000000000e+00,6.017547988891601562e+01,2.472922706604003906e+01,1.750000000000000000e+01,1.000000000000000000e+00,9.206896612422944548e-01,-7.924923666389370458e-02,5.703605956572287417e-01,-4.277704467429215840e-01,1.512377131376274955e-03,3.814697265625000000e-05,2.173354560879670120e-06,0.000000000000000000e+00
1.000000000000000000e+00,6.017650985717773438e+01,2.472937965393066406e+01,1.750000000000000000e+01,1.000000000000000000e+00,8.708940968831827556e-01,1.290213476863974473e-01,9.206896612422944548e-01,-7.924923666389370458e-02,1.041209721676344306e-03,1.512377131376274955e-03,2.219987279633423141e-07,0.000000000000000000e+00
1.000000000000000000e+00,6.017708587646484375e+01,2.473021697998046875e+01,1.750000000000000000e+01,1.000000000000000000e+00,4.075285206055315190e-01,5.924007302841998168e-01,8.708940968831827556e-01,1.290213476863974473e-01,1.016323340676339318e-03,1.041209721676344306e-03,6.193319592774092568e-10,0.000000000000000000e+00
1.000000000000000000e+00,6.017715835571289062e+01,2.473188781738281250e+01,1.750000000000000000e+01,1.000000000000000000e+00,4.157310762784988817e-02,9.583695337367501565e-01,4.075285206055315190e-01,5.924007302841998168e-01,1.672408701982936634e-03,1.016323340676339318e-03,4.304480013208083235e-07,0.000000000000000000e+00
1.000000000000000000e+00,6.017717742919921875e+01,2.473378372192382812e+01,1.750000000000000000e+01,1.000000000000000000e+00,9.959639270980666023e-03,9.899881435354782599e-01,4.157310762784988817e-02,9.583695337367501565e-01,1.896000481678308250e-03,1.672408701982936634e-03,4.999328394734359557e-08,0.000000000000000000e+00
1.000000000000000000e+00,6.017723464965820312e+01,2.473413276672363281e+01,1.750000000000000000e+01,1.000000000000000000e+00,1.408104107001853511e-01,8.589435052711307250e-01,9.959639270980666023e-03,9.899881435354782599e-01,3.537039061094419522e-04,1.896000481678308250e-03,2.378678727011451677e-06,0.000000000000000000e+00
1.000000000000000000e+00,6.017761611938476562e+01,2.473773765563964844e+01,1.751666641235351562e+01,1.000000000000000000e+00,9.569137943339997565e-02,9.042835356456297990e-01,1.408104107001853511e-01,8.589435052711307250e-01,3.625016310183441868e-03,3.537039061094419522e-04,1.070148484504841378e-05,0.000000000000000000e+00
1.000000000000000000e+00,6.017763900756835938e+01,2.473976516723632812e+01,1.751666641235351562e+01,1.000000000000000000e+00,1.116224630401951336e-02,9.887889850977285011e-01,9.569137943339997565e-02,9.042835356456297990e-01,2.027640782687810655e-03,3.625016310183441868e-03,2.551608575841946232e-06,0.000000000000000000e+00
1.000000000000000000e+00,6.017791748046875000e+01,2.474111175537109375e+01,1.751666641235351562e+01,1.000000000000000000e+00,1.713509580691192358e-01,8.285875095671108026e-01,1.116224630401951336e-02,9.887889850977285011e-01,1.375080637978563086e-03,2.027640782687810655e-03,4.258347424629541076e-07,0.000000000000000000e+00
1.000000000000000000e+00,6.017848587036132812e+01,2.474186515808105469e+01,1.751666641235351562e+01,1.000000000000000000e+00,4.299818998051536667e-01,5.699424510840124247e-01,1.713509580691192358e-01,8.285875095671108026e-01,9.437598811993742811e-04,1.375080637978563086e-03,1.860375952285721332e-07,0.000000000000000000e+00
1.000000000000000000e+00,6.017976760864257812e+01,2.474285316467285156e+01,1.751666641235351562e+01,1.000000000000000000e+00,5.646810037416731820e-01,4.352749403842063880e-01,4.299818998051536667e-01,5.699424510840124247e-01,1.618335579246709018e-03,9.437598811993742811e-04,4.550523723960489059e-07,0.000000000000000000e+00
1.000000000000000000e+00,6.018110275268554688e+01,2.474458312988281250e+01,1.751666641235351562e+01,1.000000000000000000e+00,4.355800641318815503e-01,5.643873116680236945e-01,5.646810037416731820e-01,4.352749403842063880e-01,2.185266400956672756e-03,1.618335579246709018e-03,3.214105566047346953e-07,0.000000000000000000e+00
1.000000000000000000e+00,6.018165588378906250e+01,2.474639320373535156e+01,1.753333282470703125e+01,1.000000000000000000e+00,2.340498216696607348e-01,7.659078647052001143e-01,4.355800641318815503e-01,5.643873116680236945e-01,1.892702134336519569e-03,2.185266400956672756e-03,8.559385010298807966e-08,0.000000000000000000e+00
1.000000000000000000e+00,6.018182373046875000e+01,2.474894714355468750e+01,1.753333282470703125e+01,1.000000000000000000e+00,6.166556898964020011e-02,9.382976917855480048e-01,2.340498216696607348e-01,7.659078647052001143e-01,2.559449376071306140e-03,1.892702134336519569e-03,4.445518843609459368e-07,0.000000000000000000e+00
1.000000000000000000e+00,6.018147659301757812e+01,2.475182342529296875e+01,1.753333282470703125e+01,1.000000000000000000e+00,-1.076889668619492313e-01,8.922800111418650593e-01,6.166556898964020011e-02,9.382976917855480048e-01,2.897153956553968814e-03,2.559449376071306140e-03,1.140443836789711930e-07,0.000000000000000000e+00
1.000000000000000000e+00,6.018124008178710938e+01,2.475358963012695312e+01,1.753333282470703125e+01,1.000000000000000000e+00,-1.180893416357383374e-01,8.818607286668846967e-01,-1.076889668619492313e-01,8.922800111418650593e-01,1.781969999109866021e-03,2.897153956553968814e-03,1.243635258940690480e-06,0.000000000000000000e+00
1.000000000000000000e+00,6.018122482299804688e+01,2.475377273559570312e+01,1.753333282470703125e+01,1.000000000000000000e+00,-7.688431776423848563e-02,9.226118131708618275e-01,-1.180893416357383374e-01,8.818607286668846967e-01,1.837401516539351773e-04,1.781969999109866021e-03,2.554338645299007868e-06,0.000000000000000000e+00
1.000000000000000000e+00,6.018127059936523438e+01,2.475383567810058594e+01,1.753333282470703125e+01,1.000000000000000000e+00,4.206657017904205098e-01,5.784153399618282565e-01,-7.688431776423848563e-02,9.226118131708618275e-01,7.782823853722826014e-05,1.837401516539351773e-04,1.121733334004087447e-08,0.000000000000000000e+00
1.000000000000000000e+00,6.018127822875976562e+01,2.475383949279785156e+01,1.754999923706054688e+01,1.000000000000000000e+00,6.608917068136348494e-01,3.304458534068174247e-01,4.206657017904205098e-01,5.784153399618282565e-01,8.529922399520072193e-06,7.782823853722826014e-05,4.802256619521746667e-09,0.000000000000000000e+00
1.000000000000000000e+00,6.018119430541992188e+01,2.475414085388183594e+01,1.754999923706054688e+01,1.000000000000000000e+00,-2.177652615280019910e-01,7.819752573050979816e-01,6.608917068136348494e-01,3.304458534068174247e-01,3.128284352656693400e-04,8.529922399520072193e-06,9.259758493255002174e-08,0.000000000000000000e+00
1.000000000000000000e+00,6.018096542358398438e+01,2.475612640380859375e+01,1.754999923706054688e+01,1.000000000000000000e+00,-1.033545058116156073e-01,8.966003379157653219e-01,-2.177652615280019910e-01,7.819752573050979816e-01,1.998698428095162759e-03,3.128284352656693400e-04,2.842157632722916488e-06,0.000000000000000000e+00
1.000000000000000000e+00,6.018098831176757812e+01,2.475805091857910156e+01,1.754999923706054688e+01,1.000000000000000000e+00,1.175257965362571516e-02,9.881960725423623026e-01,-1.033545058116156073e-01,8.966003379157653219e-01,1.924650869859507746e-03,1.998698428095162759e-03,5.483040880662720058e-09,0.000000000000000000e+00
1.000000000000000000e+00,6.018096923828125000e+01,2.475974655151367188e+01,1.754999923706054688e+01,1.000000000000000000e+00,-1.112282185072052502e-02,9.888188625290547096e-01,1.175257965362571516e-02,9.881960725423623026e-01,1.695740206128355972e-03,1.924650869859507746e-03,5.240009196983644430e-08,0.000000000000000000e+00
1.000000000000000000e+00,6.018097305297851562e+01,2.476183700561523438e+01,1.754999923706054688e+01,1.000000000000000000e+00,1.821406653765784370e-03,9.981308462636497847e-01,-1.112282185072052502e-02,9.888188625290547096e-01,2.090457582122800910e-03,1.695740206128355972e-03,1.558018069119400154e-07,0.000000000000000000e+00
1.000000000000000000e+00,6.018118286132812500e+01,2.476331138610839844e+01,1.756666755676269531e+01,1.000000000000000000e+00,1.245679151230935366e-01,8.753727126377390810e-01,1.821406653765784370e-03,9.981308462636497847e-01,1.489233823880089548e-03,2.090457582122800910e-03,3.614700074754902489e-07,0.000000000000000000e+00
1.000000000000000000e+00,6.018201446533203125e+01,2.476600074768066406e+01,1.756666755676269531e+01,1.000000000000000000e+00,2.361796410535401680e-01,7.637919584529624384e-01,1.245679151230935366e-01,8.753727126377390810e-01,2.815001045415781080e-03,1.489233823880089548e-03,1.757658725698467403e-06,0.000000000000000000e+00
1.000000000000000000e+00,6.018288040161132812e+01,2.476824569702148438e+01,1.756666755676269531e+01,1.000000000000000000e+00,2.783478887518149869e-01,7.216199670944630773e-01,2.361796410535401680e-01,7.637919584529624384e-01,2.406167737846235787e-03,2.815001045415781080e-03,1.671446733782544315e-07,0.000000000000000000e+00
1.000000000000000000e+00,6.018303298950195312e+01,2.476873397827148438e+01,1.756666755676269531e+01,1.000000000000000000e+00,2.380580919640120363e-01,7.617858942848385606e-01,2.783478887518149869e-01,7.216199670944630773e-01,5.115678288037173779e-04,2.406167737846235787e-03,3.589508815343919096e-06,0.000000000000000000e+00
1.000000000000000000e+00,6.018451309204101562e+01,2.477301788330078125e+01,1.756666755676269531e+01,1.000000000000000000e+00,2.567791321569278251e-01,7.432035191036854282e-01,2.380580919640120363e-01,7.617858942848385606e-01,4.532388534335325160e-03,5.115678288037173779e-04,1.616699914603169559e-05,0.000000000000000000e+00
1.000000000000000000e+00,6.018480682373046875e+01,2.477469444274902344e+01,1.756666755676269531e+01,1.000000000000000000e+00,1.490727824713478922e-01,8.508764661838623677e-01,2.567791321569278251e-01,7.432035191036854282e-01,1.702095734346083982e-03,4.532388534335325160e-03,8.010557333670940017e-06,0.000000000000000000e+00
1.000000000000000000e+00,6.018464279174804688e+01,2.477602005004882812e+01,1.758333396911621094e+01,1.000000000000000000e+00,-1.101078452980799455e-01,8.898250288623902327e-01,1.490727824713478922e-01,8.508764661838623677e-01,1.335717486803524945e-03,1.702095734346083982e-03,1.342330202723566693e-07,0.000000000000000000e+00
1.000000000000000000e+00,6.018378829956054688e+01,2.477720642089843750e+01,1.758333396911621094e+01,1.000000000000000000e+00,-4.186710743719401773e-01,5.812799291503276677e-01,-1.101078452980799455e-01,8.898250288623902327e-01,1.462064530484686025e-03,1.335717486803524945e-03,1.596357544696922450e-08,0.000000000000000000e+00
1.000000000000000000e+00,6.018272018432617188e+01,2.477823829650878906e+01,1.758333396911621094e+01,1.000000000000000000e+00,-5.086043001697250210e-01,4.913480828425379476e-01,-4.186710743719401773e-01,5.812799291503276677e-01,1.485138858538948481e-03,1.462064530484686025e-03,5.324246151557233581e-10,0.000000000000000000e+00
1.000000000000000000e+00,6.018191909790039062e+01,2.477915954589843750e+01,1.758333396911621094e+01,1.000000000000000000e+00,-4.650892756670917949e-01,5.348526670171556141e-01,-5.086043001697250210e-01,4.913480828425379476e-01,1.220835738131300198e-03,1.485138858538948481e-03,6.985613945721982356e-08,0.000000000000000000e+00
1.000000000000000000e+00,6.018181228637695312e+01,2.477929687500000000e+01,1.758333396911621094e+01,1.000000000000000000e+00,-4.373208733702675377e-01,5.622696943332010644e-01,-4.650892756670917949e-01,5.348526670171556141e-01,1.739769630583401364e-04,1.220835738131300198e-03,1.095913294947258659e-06,0.000000000000000000e+00
1.000000000000000000e+00,6.018170928955078125e+01,2.477962112426757812e+01,1.758333396911621094e+01,1.000000000000000000e+00,-2.410150172850971662e-01,7.587509803419725252e-01,-4.373208733702675377e-01,5.622696943332010644e-01,3.402145407333877322e-04,1.739769630583401364e-04,2.763493223126748392e-08,0.000000000000000000e+00
1.000000000000000000e+00,6.018208694458007812e+01,2.478194046020507812e+01,1.760000038146972656e+01,1.000000000000000000e+00,1.400230967164546592e-01,8.599398262990346486e-01,-2.410150172850971662e-01,7.587509803419725252e-01,2.349881382566411121e-03,3.402145407333877322e-04,4.038760815163117403e-06,0.000000000000000000e+00
1.000000000000000000e+00,6.018226623535156250e+01,2.478368377685546875e+01,1.760000038146972656e+01,1.000000000000000000e+00,9.324911811571044706e-02,9.066988718910569123e-01,1.400230967164546592e-01,8.599398262990346486e-01,1.752511946968878962e-03,2.349881382566411121e-03,3.568502425861141360e-07,0.000000000000000000e+00
1.000000000000000000e+00,6.018289184570312500e+01,2.478591918945312500e+01,1.760000038146972656e+01,1.000000000000000000e+00,2.186590239798423818e-01,7.813060247084612220e-01,9.324911811571044706e-02,9.066988718910569123e-01,2.321305191857033368e-03,1.752511946968878962e-03,3.235257554303959621e-07,0.000000000000000000e+00
1.000000000000000000e+00,6.018318939208984375e+01,2.478796577453613281e+01,1.760000038146972656e+01,1.000000000000000000e+00,1.269270507461691122e-01,8.730302913502530071e-01,2.186590239798423818e-01,7.813060247084612220e-01,2.068101630539340499e-03,2.321305191857033368e-03,6.411204346396265000e-08,0.000000000000000000e+00
1.000000000000000000e+00,6.018292236328125000e+01,2.479063415527343750e+01,1.760000038146972656e+01,1.000000000000000000e+00,-9.096506225532426104e-02,9.090008721085617305e-01,1.269270507461691122e-01,8.730302913502530071e-01,2.681708437514732004e-03,2.068101630539340499e-03,3.765133135665353681e-07,0.000000000000000000e+00
1.000000000000000000e+00,6.018278121948242188e+01,2.479240226745605469e+01,1.760000038146972656e+01,1.000000000000000000e+00,-7.392220214550264401e-02,9.260254241740669690e-01,-9.096506225532426104e-02,9.090008721085617305e-01,1.773736807496238644e-03,2.681708437514732004e-03,8.244124809184397883e-07,0.000000000000000000e+00
1.000000000000000000e+00,6.018277359008789062e+01,2.479255485534667969e+01,1.761666679382324219e+01,1.000000000000000000e+00,-4.758934461629739376e-02,9.517868923259478198e-01,-7.392220214550264401e-02,9.260254241740669690e-01,1.527785064277709006e-04,1.773736807496238644e-03,2.627505813802773417e-06,0.000000000000000000e+00
1.000000000000000000e+00,6.018268966674804688e+01,2.479429626464843750e+01,1.761666679382324219e+01,1.000000000000000000e+00,-4.597449280304255481e-02,9.539707256631330123e-01,-4.758934461629739376e-02,9.517868923259478198e-01,1.743430378082004529e-03,1.527785064277709006e-04,2.530173376797116364e-06,0.000000000000000000e+00
1.000000000000000000e+00,6.018267440795898438e+01,2.479427146911621094e+01,1.761666679382324219e+01,1.000000000000000000e+00,-3.800036601952549997e-01,-6.175059478172892913e-01,-4.597449280304255481e-02,9.539707256631330123e-01,2.911441330427884521e-05,1.743430378082004529e-03,2.938879227091784561e-06,0.000000000000000000e+00
1.000000000000000000e+00,6.018270111083984375e+01,2.479430770874023438e+01,1.761666679382324219e+01,1.000000000000000000e+00,4.235694775931261868e-01,5.748442910192427258e-01,-3.800036601952549997e-01,-6.175059478172892913e-01,4.501504410250071277e-05,2.911441330427884521e-05,2.528300597813617950e-10,0.000000000000000000e+00
1.000000000000000000e+00,6.018263626098632812e+01,2.479445075988769531e+01,1.761666679382324219e+01,1.000000000000000000e+00,-3.117766415120870604e-01,6.877425915707803261e-01,4.235694775931261868e-01,5.748442910192427258e-01,1.570641088565077100e-04,4.501504410250071277e-05,1.255499291224765468e-08,0.000000000000000000e+00
1.000000000000000000e+00,6.018199157714843750e+01,2.479518508911132812e+01,1.761666679382324219e+01,1.000000000000000000e+00,-4.674626438375363291e-01,5.324648457912766197e-01,-3.117766415120870604e-01,6.877425915707803261e-01,9.771676721620271323e-04,1.570641088565077100e-04,6.725698545464100948e-07,0.000000000000000000e+00
1.000000000000000000e+00,6.018103027343750000e+01,2.479656791687011719e+01,1.763333320617675781e+01,1.000000000000000000e+00,-4.100720101030079223e-01,5.898853319934141970e-01,-4.674626438375363291e-01,5.324648457912766197e-01,1.684137000110083214e-03,9.771676721620271323e-04,4.998056306593260556e-07,0.000000000000000000e+00
1.000000000000000000e+00,6.018096542358398438e+01,2.479667472839355469e+01,1.763333320617675781e+01,1.000000000000000000e+00,-3.775578343979101859e-01,6.218599625377344564e-01,-4.100720101030079223e-01,5.898853319934141970e-01,1.249568126995788452e-04,1.684137000110083214e-03,2.431042856813455423e-06,0.000000000000000000e+00
1.000000000000000000e+00,6.017949676513671875e+01,2.479813194274902344e+01,1.763333320617675781e+01,1.000000000000000000e+00,-5.019385162750442664e-01,4.980273070573166816e-01,-3.775578343979101859e-01,6.218599625377344564e-01,2.068920325316777557e-03,1.249568126995788452e-04,3.778994138386997351e-06,0.000000000000000000e+00
1.000000000000000000e+00,6.017913055419921875e+01,2.479844665527343750e+01,1.763333320617675781e+01,1.000000000000000000e+00,-5.377361544501556567e-01,4.621170077306025470e-01,-5.019385162750442664e-01,4.980273070573166816e-01,4.828606670331523406e-04,2.068920325316777557e-03,2.515585239634769908e-06,0.000000000000000000e+00
1.000000000000000000e+00,6.017887115478515625e+01,2.479851722717285156e+01,1.763333320617675781e+01,1.000000000000000000e+00,-7.858889987448705039e-01,2.138080364232368413e-01,-5.377361544501556567e-01,4.621170077306025470e-01,2.688279170824281927e-04,4.828606670331523406e-04,4.581001805146920633e-08,0.000000000000000000e+00
1.000000000000000000e+00,6.017823410034179688e+01,2.479892921447753906e+01,1.763333320617675781e+01,1.000000000000000000e+00,-6.072148444624775321e-01,3.926898395326201552e-01,-7.858889987448705039e-01,2.138080364232368413e-01,7.586645523731777281e-04,2.688279170824281927e-04,2.399399292729627435e-07,0.000000000000000000e+00
1.000000000000000000e+00,6.017712020874023438e+01,2.479950332641601562e+01,1.764999961853027344e+01,1.000000000000000000e+00,-6.598479152153928773e-01,3.400928467120432619e-01,-6.072148444624775321e-01,3.926898395326201552e-01,1.253139664176658235e-03,7.586645523731777281e-04,2.445056361930645462e-07,0.000000000000000000e+00
1.000000000000000000e+00,6.017629241943359375e+01,2.479997825622558594e+01,1.764999961853027344e+01,1.000000000000000000e+00,-6.353831443985342720e-01,3.645400989751959586e-01,-6.598479152153928773e-01,3.400928467120432619e-01,9.543549969518994296e-04,1.253139664176658235e-03,8.927227736860985830e-08,0.000000000000000000e+00
1.000000000000000000e+00,6.017628860473632812e+01,2.479998207092285156e+01,1.764999961853027344e+01,1.000000000000000000e+00,-4.935311880124827466e-01,4.935311880124827466e-01,-6.353831443985342720e-01,3.645400989751959586e-01,5.394796609394436438e-06,9.543549969518994296e-04,9.005254618340871373e-07,0.000000000000000000e+00
1.000000000000000000e+00,6.017625808715820312e+01,2.479999923706054688e+01,1.764999961853027344e+01,1.000000000000000000e+00,-6.386606315791624189e-01,3.592466052632788953e-01,-4.935311880124827466e-01,4.935311880124827466e-01,3.501426649224437612e-05,5.394796609394436438e-06,8.773129961410546541e-10,0.000000000000000000e+00
1.000000000000000000e+00,6.017573547363281250e+01,2.480032730102539062e+01,1.764999961853027344e+01,1.000000000000000000e+00,-6.142775653909857692e-01,3.856048950629545335e-01,-6.386606315791624189e-01,3.592466052632788953e-01,6.170501292036317982e-04,3.501426649224437612e-05,3.387657454821889956e-07,0.000000000000000000e+00
1.000000000000000000e+00,6.017564010620117188e+01,2.480040359497070312e+01,1.764999961853027344e+01,1.000000000000000000e+00,-5.552321094086914988e-01,4.441856875269531990e-01,-6.142775653909857692e-01,3.856048950629545335e-01,1.221299025999612528e-04,6.170501292036317982e-04,2.449460307014285972e-07,0.000000000000000000e+00
1.000000000000000000e+00,6.017544174194335938e+01,2.480050468444824219e+01,1.766666603088378906e+01,1.000000000000000000e+00,-6.621992464213326546e-01,3.374669236570252973e-01,-5.552321094086914988e-01,4.441856875269531990e-01,2.226375108705282570e-04,1.221299025999612528e-04,1.010177932026974908e-08,0.000000000000000000e+00
1.000000000000000000e+00,6.017544174194335938e+01,2.480050468444824219e+01,1.766666603088378906e+01,1.000000000000000000e+00,0.000000000000000000e+00,0.000000000000000000e+00,-6.621992464213326546e-01,3.374669236570252973e-01,0.000000000000000000e+00,2.226375108705282570e-04,4.956746124662458897e-08,0.000000000000000000e+00
1.000000000000000000e+00,6.017544174194335938e+01,2.480050468444824219e+01,1.766666603088378906e+01,1.000000000000000000e+00,0.000000000000000000e+00,0.000000000000000000e+00,0.000000000000000000e+00,0.000000000000000000e+00,0.000000000000000000e+00,0.000000000000000000e+00,0.000000000000000000e+00,0.000000000000000000e+00
1.000000000000000000e+00,6.017527008056640625e+01,2.480066108703613281e+01,1.766666603088378906e+01,1.000000000000000000e+00,-5.230963644495787435e-01,4.765989098318383910e-01,0.000000000000000000e+00,0.000000000000000000e+00,2.322270394168765800e-04,0.000000000000000000e+00,5.392939783632754618e-08,0.000000000000000000e+00
1.000000000000000000e+00,6.017570114135742188e+01,2.480328559875488281e+01,1.766666603088378906e+01,1.000000000000000000e+00,1.410690411482243833e-01,8.588982328316669967e-01,-5.230963644495787435e-01,4.765989098318383910e-01,2.659675763586060934e-03,2.322270394168765800e-04,5.892507308470600233e-06,0.000000000000000000e+00
1.000000000000000000e+00,6.017570114135742188e+01,2.480328369140625000e+01,1.766666603088378906e+01,1.000000000000000000e+00,0.000000000000000000e+00,-9.501830432614539745e-01,1.410690411482243833e-01,8.588982328316669967e-01,1.907348632812500000e-06,2.659675763586060934e-03,7.063732947523102137e-06,0.000000000000000000e+00
1.000000000000000000e+00,6.017570114135742188e+01,2.480328369140625000e+01,1.768333244323730469e+01,1.000000000000000000e+00,0.000000000000000000e+00,0.000000000000000000e+00,0.000000000000000000e+00,-9.501830432614539745e-01,0.000000000000000000e+00,1.907348632812500000e-06,3.637978807091712952e-12,0.000000000000000000e+00
1.000000000000000000e+00,6.017570114135742188e+01,2.480328369140625000e+01,1.768333244323730469e+01,1.000000000000000000e+00,0.000000000000000000e+00,0.000000000000000000e+00,0.000000000000000000e+00,0.000000000000000000e+00,0.000000000000000000e+00,0.000000000000000000e+00,0.000000000000000000e+00,0.000000000000000000e+00
1.000000000000000000e+00,6.017568588256835938e+01,2.480318641662597656e+01,1.768333244323730469e+01,1.000000000000000000e+00,-1.354728359623372513e-01,-8.636393292598999460e-01,0.000000000000000000e+00,0.000000000000000000e+00,9.846427535354848604e-05,0.000000000000000000e+00,9.695213520899415016e-09,0.000000000000000000e+00
1.000000000000000000e+00,6.017568588256835938e+01,2.480317687988281250e+01,1.768333244323730469e+01,1.000000000000000000e+00,0.000000000000000000e+00,-9.896230502050814559e-01,-1.354728359623372513e-01,-8.636393292598999460e-01,9.536743164062500000e-06,9.846427535354848604e-05,7.908105981312065391e-09,0.000000000000000000e+00
1.000000000000000000e+00,6.017568588256835938e+01,2.480317687988281250e+01,1.768333244323730469e+01,1.000000000000000000e+00,0.000000000000000000e+00,0.000000000000000000e+00,0.000000000000000000e+00,-9.896230502050814559e-01,0.000000000000000000e+00,9.536743164062500000e-06,9.094947017729282379e-11,0.000000000000000000e+00
1.000000000000000000e+00,6.017572021484375000e+01,2.480304527282714844e+01,1.768333244323730469e+01,1.000000000000000000e+00,2.067719447708275815e-01,-7.926257882881723171e-01,0.000000000000000000e+00,0.000000000000000000e+00,1.360114783173146664e-04,0.000000000000000000e+00,1.849912223406135705e-08,0.000000000000000000e+00
1.000000000000000000e+00,6.017572021484375000e+01,2.480304527282714844e+01,1.770000076293945312e+01,1.000000000000000000e+00,0.000000000000000000e+00,0.000000000000000000e+00,2.067719447708275815e-01,-7.926257882881723171e-01,0.000000000000000000e+00,1.360114783173146664e-04,1.849912223406135705e-08,0.000000000000000000e+00
1.000000000000000000e+00,6.017572021484375000e+01,2.480304527282714844e+01,1.770000076293945312e+01,1.000000000000000000e+00,0.000000000000000000e+00,0.000000000000000000e+00,0.000000000000000000e+00,0.000000000000000000e+00,0.000000000000000000e+00,0.000000000000000000e+00,0.000000000000000000e+00,0.000000000000000000e+00
1.000000000000000000e+00,6.017519760131835938e+01,2.480304145812988281e+01,1.771666717529296875e+01,1.000000000000000000e+00,-9.925650761019496615e-01,-7.245000555488683401e-03,0.000000000000000000e+00,0.000000000000000000e+00,5.226274474579820258e-04,0.000000000000000000e+00,2.731394488364457555e-07,0.000000000000000000e+00
1.000000000000000000e+00,6.017556381225585938e+01,2.480312728881835938e+01,1.773333358764648438e+01,1.000000000000000000e+00,8.099474068750819322e-01,1.898314234863473227e-01,-9.925650761019496615e-01,-7.245000555488683401e-03,3.761347601977110692e-04,5.226274474579820258e-04,2.146010742073555126e-08,0.000000000000000000e+00
1.000000000000000000e+00,6.017556381225585938e+01,2.480312156677246094e+01,1.773333358764648438e+01,1.000000000000000000e+00,0.000000000000000000e+00,-9.828239073094842126e-01,8.099474068750819322e-01,1.898314234863473227e-01,5.722045898437500000e-06,3.761347601977110692e-04,1.372055789145552596e-07,0.000000000000000000e+00
1.000000000000000000e+00,6.017556381225585938e+01,2.480312156677246094e+01,1.773333358764648438e+01,1.000000000000000000e+00,0.000000000000000000e+00,0.000000000000000000e+00,0.000000000000000000e+00,-9.828239073094842126e-01,0.000000000000000000e+00,5.722045898437500000e-06,3.274180926382541656e-11,0.000000000000000000e+00
1.000000000000000000e+00,6.017556381225585938e+01,2.480312156677246094e+01,1.773333358764648438e+01,1.000000000000000000e+00,0.000000000000000000e+00,0.000000000000000000e+00,0.000000000000000000e+00,0.000000000000000000e+00,0.000000000000000000e+00,0.000000000000000000e+00,0.000000000000000000e+00,0.000000000000000000e+00
1.000000000000000000e+00,6.017556381225585938e+01,2.480312156677246094e+01,1.773333358764648438e+01,1.000000000000000000e+00,0.000000000000000000e+00,0.000000000000000000e+00,0.000000000000000000e+00,0.000000000000000000e+00,0.000000000000000000e+00,0.000000000000000000e+00,0.000000000000000000e+00,0.000000000000000000e+00
1.000000000000000000e+00,6.017557144165039062e+01,2.480362129211425781e+01,1.773333358764648438e+01,1.000000000000000000e+00,1.503463064795746221e-02,9.847683074412136861e-01,0.000000000000000000e+00,0.000000000000000000e+00,4.997835780564593164e-04,0.000000000000000000e+00,2.497836248949169583e-07,0.000000000000000000e+00
1.000000000000000000e+00,6.017557144165039062e+01,2.480369186401367188e+01,1.775000000000000000e+01,1.000000000000000000e+00,0.000000000000000000e+00,9.985850104379662140e-01,1.503463064795746221e-02,9.847683074412136861e-01,7.057189941406250000e-05,4.997835780564593164e-04,1.842226650830241284e-07,0.000000000000000000e+00
1.000000000000000000e+00,6.017513656616210938e+01,2.480409049987792969e+01,1.775000000000000000e+01,1.000000000000000000e+00,-5.216765426198679556e-01,4.782034974015456630e-01,0.000000000000000000e+00,9.985850104379662140e-01,5.899383379476440736e-04,7.057189941406250000e-05,2.697414974750565849e-07,0.000000000000000000e+00
1.000000000000000000e+00,6.017527008056640625e+01,2.480407333374023438e+01,1.775000000000000000e+01,1.000000000000000000e+00,8.854882900194964712e-01,-1.138484944310781261e-01,-5.216765426198679556e-01,4.782034974015456630e-01,1.346134184920798370e-04,5.899383379476440736e-04,2.073207822772160272e-07,0.000000000000000000e+00
1.000000000000000000e+00,6.017542266845703125e+01,2.480404853820800781e+01,1.775000000000000000e+01,1.000000000000000000e+00,8.597303802993264688e-01,-1.397061867986405526e-01,8.854882900194964712e-01,-1.138484944310781261e-01,1.545894006191416271e-04,1.346134184920798370e-04,3.990398619406920649e-10,0.000000000000000000e+00
1.000000000000000000e+00,6.017543029785156250e+01,2.480410385131835938e+01,1.775000000000000000e+01,1.000000000000000000e+00,1.210198507408932062e-01,8.773939178714756926e-01,8.597303802993264688e-01,-1.397061867986405526e-01,5.583679644891528120e-05,1.545894006191416271e-04,9.752076830401405354e-09,0.000000000000000000e+00
1.000000000000000000e+00,6.017542648315429688e+01,2.480407714843750000e+01,1.775000000000000000e+01,1.000000000000000000e+00,-1.245917377935979314e-01,-8.721421645551854507e-01,1.210198507408932062e-01,8.773939178714756926e-01,2.697398304697218134e-05,5.583679644891528120e-05,8.330619974753861775e-10,0.000000000000000000e+00
1.000000000000000000e+00,6.017543029785156250e+01,2.480402374267578125e+01,1.776666641235351562e+01,1.000000000000000000e+00,6.655036148026743925e-02,-9.317050607237441495e-01,-1.245917377935979314e-01,-8.721421645551854507e-01,5.354182757422713850e-05,2.697398304697218134e-05,7.058503628243911912e-10,0.000000000000000000e+00
1.000000000000000000e+00,6.017537689208984375e+01,2.480389213562011719e+01,1.776666641235351562e+01,1.000000000000000000e+00,-2.885038565876673622e-01,-7.109559323053231683e-01,6.655036148026743925e-02,-9.317050607237441495e-01,1.420302520075337582e-04,5.354182757422713850e-05,7.830201258689017926e-09,0.000000000000000000e+00
1.000000000000000000e+00,6.017536163330078125e+01,2.480389022827148438e+01,1.776666641235351562e+01,1.000000000000000000e+00,-8.837407260248211216e-01,-1.104675907531026402e-01,-2.885038565876673622e-01,-7.109559323053231683e-01,1.537753629359922243e-05,1.420302520075337582e-04,1.604091039771472072e-08,0.000000000000000000e+00
1.000000000000000000e+00,6.017536926269531250e+01,2.480384635925292969e+01,1.776666641235351562e+01,1.000000000000000000e+00,1.478610305038488837e-01,-8.502009253971309910e-01,-8.837407260248211216e-01,-1.104675907531026402e-01,4.452750217410565275e-05,1.537753629359922243e-05,8.497205108346890709e-10,0.000000000000000000e+00
1.000000000000000000e+00,6.017535781860351562e+01,2.480387306213378906e+01,1.776666641235351562e+01,1.000000000000000000e+00,-2.992156241941125727e-01,6.981697897862626512e-01,1.478610305038488837e-01,-8.502009253971309910e-01,2.905186884255946600e-05,4.452750217410565275e-05,2.394952270124633026e-10,0.000000000000000000e+00
1.000000000000000000e+00,6.017556762695312500e+01,2.480392646789550781e+01,1.776666641235351562e+01,1.000000000000000000e+00,7.967987304255236269e-01,2.028214950174060116e-01,-2.992156241941125727e-01,6.981697897862626512e-01,2.164987735544236954e-04,2.905186884255946600e-05,3.513634208605870718e-08,0.000000000000000000e+00
1.000000000000000000e+00,6.017530822753906250e+01,2.480392074584960938e+01,1.778333282470703125e+01,1.000000000000000000e+00,-9.780483604181389179e-01,-2.157459618569423920e-02,7.967987304255236269e-01,2.028214950174060116e-01,2.594625171874198610e-04,2.164987735544236954e-04,1.845883266961818475e-09,0.000000000000000000e+00
1.000000000000000000e+00,6.017437744140625000e+01,2.480319213867187500e+01,1.791666603088378906e+01,1.000000000000000000e+00,0.000000000000000000e+00,0.000000000000000000e+00,-9.780483604181389179e-01,-2.157459618569423920e-02,0.000000000000000000e+00,2.594625171874198610e-04,6.732079782523214817e-08,0.000000000000000000e+00
1.000000000000000000e+00,6.017436981201171875e+01,2.480318069458007812e+01,1.793333244323730469e+01,1.000000000000000000e+00,-3.979137857708577308e-01,-5.968706786562865130e-01,0.000000000000000000e+00,0.000000000000000000e+00,1.375408659158321047e-05,0.000000000000000000e+00,1.891748979687690476e-10,0.000000000000000000e+00
1.000000000000000000e+00,6.017436981201171875e+01,2.480314826965332031e+01,1.793333244323730469e+01,1.000000000000000000e+00,0.000000000000000000e+00,-9.969254350441855150e-01,-3.979137857708577308e-01,-5.968706786562865130e-01,3.242492675781250000e-05,1.375408659158321047e-05,3.486002725128808976e-10,0.000000000000000000e+00
1.000000000000000000e+00,6.017436599731445312e+01,2.480312156677246094e+01,1.793333244323730469e+01,1.000000000000000000e+00,-1.245917377935979314e-01,-8.721421645551854507e-01,0.000000000000000000e+00,-9.969254350441855150e-01,2.697398304697218134e-05,3.242492675781250000e-05,2.971278733874962144e-11,0.000000000000000000e+00
1.000000000000000000e+00,6.017436218261718750e+01,2.480308914184570312e+01,1.793333244323730469e+01,1.000000000000000000e+00,-1.049734929333524108e-01,-8.922746899334954573e-01,-1.245917377935979314e-01,-8.721421645551854507e-01,3.264854959225404758e-05,2.697398304697218134e-05,3.220070547683217621e-11,0.000000000000000000e+00
1.000000000000000000e+00,6.017437362670898438e+01,2.480316543579101562e+01,1.793333244323730469e+01,1.000000000000000000e+00,1.302862879622974368e-01,8.685752530819829120e-01,-1.049734929333524108e-01,-8.922746899334954573e-01,7.714747778380082980e-05,3.264854959225404758e-05,1.980154610196436880e-09,0.000000000000000000e+00
1.000000000000000000e+00,6.017436599731445312e+01,2.480315589904785156e+01,1.793333244323730469e+01,1.000000000000000000e+00,-4.418703630124105608e-01,-5.523379537655132010e-01,1.302862879622974368e-01,8.685752530819829120e-01,1.221299025999612528e-05,7.714747778380082980e-05,4.216487669979149203e-09,0.000000000000000000e+00
1.000000000000000000e+00,6.017439270019531250e+01,2.480327987670898438e+01,1.795000076293945312e+01,1.000000000000000000e+00,1.770976580038993164e-01,8.222391264466752947e-01,-4.418703630124105608e-01,-5.523379537655132010e-01,1.268207566061347138e-04,1.221299025999612528e-05,1.313494010685109754e-08,0.000000000000000000e+00
1.000000000000000000e+00,6.017438125610351562e+01,2.480322837829589844e+01,1.795000076293945312e+01,1.000000000000000000e+00,-1.815297761113398023e-01,-8.168839925010291658e-01,1.770976580038993164e-01,8.222391264466752947e-01,5.275465654731495137e-05,1.268207566061347138e-04,5.485787177923099808e-09,0.000000000000000000e+00
1.000000000000000000e+00,6.017465972900390625e+01,2.480413627624511719e+01,1.798333358764648438e+01,1.000000000000000000e+00,2.347069044994298526e-01,7.652088119296480695e-01,-1.815297761113398023e-01,-8.168839925010291658e-01,9.496451139491946360e-04,5.275465654731495137e-05,8.044124925785530184e-07,0.000000000000000000e+00
1.000000000000000000e+00,6.017475128173828125e+01,2.480434226989746094e+01,1.798333358764648438e+01,1.000000000000000000e+00,3.075889325728969337e-01,6.920750982890181424e-01,2.347069044994298526e-01,7.652088119296480695e-01,2.254224655562463023e-04,9.496451139491946360e-04,5.244984444452961112e-07,0.000000000000000000e+00
1.000000000000000000e+00,6.017475128173828125e+01,2.480434226989746094e+01,1.798333358764648438e+01,1.000000000000000000e+00,0.000000000000000000e+00,0.000000000000000000e+00,3.075889325728969337e-01,6.920750982890181424e-01,0.000000000000000000e+00,2.254224655562463023e-04,5.081528797745705313e-08,0.000000000000000000e+00
1.000000000000000000e+00,6.017489242553710938e+01,2.480485343933105469e+01,1.800000000000000000e+01,1.000000000000000000e+00,2.163411037881219912e-01,7.835056191245498569e-01,0.000000000000000000e+00,0.000000000000000000e+00,5.302978048117768959e-04,0.000000000000000000e+00,2.812157617881894112e-07,0.000000000000000000e+00
1.000000000000000000e+00,6.017489242553710938e+01,2.480485343933105469e+01,1.800000000000000000e+01,1.000000000000000000e+00,0.000000000000000000e+00,0.000000000000000000e+00,2.163411037881219912e-01,7.835056191245498569e-01,0.000000000000000000e+00,5.302978048117768959e-04,2.812157617881894112e-07,0.000000000000000000e+00
1.000000000000000000e+00,6.017570114135742188e+01,2.480328750610351562e+01,1.800000000000000000e+01,1.000000000000000000e+00,3.405479080175423112e-01,-6.594099822698166191e-01,0.000000000000000000e+00,0.000000000000000000e+00,1.762432452928232004e-03,0.000000000000000000e+00,3.106168151134624654e-06,0.000000000000000000e+00
1.000000000000000000e+00,6.017570114135742188e+01,2.480328750610351562e+01,1.800000000000000000e+01,1.000000000000000000e+00,0.000000000000000000e+00,0.000000000000000000e+00,3.405479080175423112e-01,-6.594099822698166191e-01,0.000000000000000000e+00,1.762432452928232004e-03,3.106168151134624654e-06,0.000000000000000000e+00
1.000000000000000000e+00,6.017571258544921875e+01,2.480318832397460938e+01,1.800000000000000000e+01,1.000000000000000000e+00,1.033548487811073308e-01,-8.957420227695968018e-01,0.000000000000000000e+00,0.000000000000000000e+00,9.984018194810791299e-05,0.000000000000000000e+00,9.968061931431293488e-09,0.000000000000000000e+00
1.000000000000000000e+00,6.017571640014648438e+01,2.480307388305664062e+01,1.800000000000000000e+01,1.000000000000000000e+00,3.223080931201197097e-02,-9.669242793603591846e-01,1.033548487811073308e-01,-8.957420227695968018e-01,1.145044786056795836e-04,9.984018194810791299e-05,2.150415964612676576e-10,0.000000000000000000e+00
1.000000000000000000e+00,6.017571640014648438e+01,2.480305862426757812e+01,1.801666641235351562e+01,1.000000000000000000e+00,0.000000000000000000e+00,-9.934890700306472366e-01,3.223080931201197097e-02,-9.669242793603591846e-01,1.525878906250000000e-05,1.145044786056795836e-04,9.849706892901185347e-09,0.000000000000000000e+00
1.000000000000000000e+00,6.017572021484375000e+01,2.480304145812988281e+01,1.801666641235351562e+01,1.000000000000000000e+00,1.809557008863065530e-01,-8.143006539883794748e-01,0.000000000000000000e+00,-9.934890700306472366e-01,1.758488551577165046e-05,1.525878906250000000e-05,5.410724709922951199e-12,0.000000000000000000e+00
1.000000000000000000e+00,6.017572021484375000e+01,2.480304145812988281e+01,1.801666641235351562e+01,1.000000000000000000e+00,0.000000000000000000e+00,0.000000000000000000e+00,1.809557008863065530e-01,-8.143006539883794748e-01,0.000000000000000000e+00,1.758488551577165046e-05,3.092281986027956009e-10,0.000000000000000000e+00
1.000000000000000000e+00,6.017572021484375000e+01,2.480304145812988281e+01,1.801666641235351562e+01,1.000000000000000000e+00,0.000000000000000000e+00,0.000000000000000000e+00,0.000000000000000000e+00,0.000000000000000000e+00,0.000000000000000000e+00,0.000000000000000000e+00,0.000000000000000000e+00,0.000000000000000000e+00
1.000000000000000000e+00,6.017572021484375000e+01,2.480304145812988281e+01,1.801666641235351562e+01,1.000000000000000000e+00,0.000000000000000000e+00,0.000000000000000000e+00,0.000000000000000000e+00,0.000000000000000000e+00,0.000000000000000000e+00,0.000000000000000000e+00,0.000000000000000000e+00,0.000000000000000000e+00
1.000000000000000000e+00,6.017569351196289062e+01,2.480294227600097656e+01,1.801666641235351562e+01,1.000000000000000000e+00,-2.119528419218401072e-01,-7.872534128525490171e-01,0.000000000000000000e+00,0.000000000000000000e+00,1.027138673235798629e-04,0.000000000000000000e+00,1.055013854056596756e-08,0.000000000000000000e+00
1.000000000000000000e+00,6.017543411254882812e+01,2.480114173889160156e+01,1.803333282470703125e+01,1.000000000000000000e+00,-1.259198131252792785e-01,-8.740316440460562664e-01,-2.119528419218401072e-01,-7.872534128525490171e-01,1.819126696591649934e-03,1.027138673235798629e-04,2.946073000476021021e-06,0.000000000000000000e+00
1.000000000000000000e+00,6.017514419555664062e+01,2.480083656311035156e+01,1.804999923706054688e+01,1.000000000000000000e+00,-4.870976347933492212e-01,-5.127343524140518527e-01,-1.259198131252792785e-01,-8.740316440460562664e-01,4.209324409220496321e-04,1.819126696591649934e-03,1.954947176587467475e-06,0.000000000000000000e+00
1.000000000000000000e+00,6.017460632324218750e+01,2.480080223083496094e+01,1.804999923706054688e+01,1.000000000000000000e+00,-9.398357517977872222e-01,-5.998951607219918380e-02,-4.870976347933492212e-01,-5.127343524140518527e-01,5.389669115898110046e-04,4.209324409220496321e-04,1.393213626581861975e-08,0.000000000000000000e+00
1.000000000000000000e+00,6.017441940307617188e+01,2.480106544494628906e+01,1.804999923706054688e+01,1.000000000000000000e+00,-4.151620065855471386e-01,5.846158868245460161e-01,-9.398357517977872222e-01,-5.998951607219918380e-02,3.228324904119215231e-04,5.389669115898110046e-04,4.671408801790131892e-08,0.000000000000000000e+00
1.000000000000000000e+00,6.017416763305664062e+01,2.480122947692871094e+01,1.804999923706054688e+01,1.000000000000000000e+00,-6.053589988721097548e-01,3.944005598712230221e-01,-4.151620065855471386e-01,5.846158868245460161e-01,3.004906554154659773e-04,3.228324904119215231e-04,4.991575910088457891e-10,0.000000000000000000e+00
1.000000000000000000e+00,6.017208480834960938e+01,2.480207443237304688e+01,1.804999923706054688e+01,1.000000000000000000e+00,-7.113763540009194752e-01,2.885894915956110918e-01,-6.053589988721097548e-01,3.944005598712230221e-01,2.247689583357264601e-03,3.004906554154659773e-04,3.791583664977690186e-06,0.000000000000000000e+00
1.000000000000000000e+00,6.017196273803710938e+01,2.480208396911621094e+01,1.804999923706054688e+01,1.000000000000000000e+00,-9.268319900139413425e-01,7.240874921983916912e-02,-7.113763540009194752e-01,2.885894915956110918e-01,1.224422748237917664e-04,2.247689583357264601e-03,4.516676122428770497e-06,0.000000000000000000e+00
1.000000000000000000e+00,6.017189407348632812e+01,2.480212020874023438e+01,1.806666755676269531e+01,1.000000000000000000e+00,-6.539221027065748038e-01,3.451255542062478532e-01,-9.268319900139413425e-01,7.240874921983916912e-02,7.764103865450904798e-05,1.224422748237917664e-04,2.007150762295846114e-09,0.000000000000000000e+00
1.000000000000000000e+00,6.017188262939453125e+01,2.480210685729980469e+01,1.806666755676269531e+01,1.000000000000000000e+00,-4.596845607769183828e-01,-5.362986542397381040e-01,-6.539221027065748038e-01,3.451255542062478532e-01,1.758488551577165046e-05,7.764103865450904798e-05,3.606741529823477887e-09,0.000000000000000000e+00
1.000000000000000000e+00,6.017061614990234375e+01,2.480129241943359375e+01,1.806666755676269531e+01,1.000000000000000000e+00,-6.085867025934803554e-01,-3.913652439870725086e-01,-4.596845607769183828e-01,-5.362986542397381040e-01,1.505748764585158970e-03,1.758488551577165046e-05,2.214631730966846235e-06,0.000000000000000000e+00
1.000000000000000000e+00,6.016985321044921875e+01,2.480235290527343750e+01,1.806666755676269531e+01,1.000000000000000000e+00,-4.183870967223675130e-01,5.815580644440908609e-01,-6.085867025934803554e-01,-3.913652439870725086e-01,1.306409899550588227e-03,1.505748764585158970e-03,3.973598311327080813e-08,0.000000000000000000e+00
1.000000000000000000e+00,6.016977691650390625e+01,2.480236625671386719e+01,1.806666755676269531e+01,1.000000000000000000e+00,-8.501155204978494417e-01,1.487702160871236523e-01,-4.183870967223675130e-01,5.815580644440908609e-01,7.745338632296353346e-05,1.306409899550588227e-03,1.510334111404600887e-06,0.000000000000000000e+00
1.000000000000000000e+00,6.016955184936523438e+01,2.480064010620117188e+01,1.806666755676269531e+01,1.000000000000000000e+00,-1.153411073354366906e-01,-8.846076452421203218e-01,-8.501155204978494417e-01,1.487702160871236523e-01,1.740761560176532288e-03,7.745338632296353346e-05,2.766594081208093900e-06,0.000000000000000000e+00
1.000000000000000000e+00,6.016884231567382812e+01,2.479425239562988281e+01,1.808333396911621094e+01,1.000000000000000000e+00,-9.997171690482363482e-02,-9.000141933178880116e-01,-1.153411073354366906e-01,-8.846076452421203218e-01,6.426996530401943644e-03,1.740761560176532288e-03,2.196079819616356344e-05,0.000000000000000000e+00
1.000000000000000000e+00,6.016879272460937500e+01,2.479000854492187500e+01,1.808333396911621094e+01,1.000000000000000000e+00,-1.155015301614284624e-02,-9.884265561891473206e-01,-9.997171690482363482e-02,-9.000141933178880116e-01,4.244140443662533339e-03,6.426996530401943644e-03,4.764860695415291935e-06,0.000000000000000000e+00
1.000000000000000000e+00,6.016872406005859375e+01,2.478646087646484375e+01,1.808333396911621094e+01,1.000000000000000000e+00,-1.898681674260673316e-02,-9.809855317013479459e-01,-1.155015301614284624e-02,-9.884265561891473206e-01,3.548332890463982460e-03,4.244140443662533339e-03,4.841481510881542331e-07,0.000000000000000000e+00
1.000000000000000000e+00,6.016874313354492188e+01,2.478369712829589844e+01,1.808333396911621094e+01,1.000000000000000000e+00,6.853763307343599918e-03,-9.931103032340876657e-01,-1.898681674260673316e-02,-9.809855317013479459e-01,2.763813984194536146e-03,3.548332890463982460e-03,6.154699142942083153e-07,0.000000000000000000e+00
1.000000000000000000e+00,6.016840362548828125e+01,2.477946662902832031e+01,1.808333396911621094e+01,1.000000000000000000e+00,-7.428885856606511073e-02,-9.256892601097326256e-01,6.853763307343599918e-03,-9.931103032340876657e-01,4.244100584753257750e-03,2.763813984194536146e-03,2.191248419793696414e-06,0.000000000000000000e+00
1.000000000000000000e+00,6.016846466064453125e+01,2.477869033813476562e+01,1.808333396911621094e+01,1.000000000000000000e+00,7.288423409354796711e-02,-9.269963523773132597e-01,-7.428885856606511073e-02,-9.256892601097326256e-01,7.786866132882965625e-04,4.244100584753257750e-03,1.200909399362455429e-05,0.000000000000000000e+00
1.000000000000000000e+00,6.016834259033203125e+01,2.477610588073730469e+01,1.810000038146972656e+01,1.000000000000000000e+00,-4.510051827621381487e-02,-9.548625353792143944e-01,7.288423409354796711e-02,-9.269963523773132597e-01,2.587338632742998846e-03,7.786866132882965625e-04,3.271222127477572448e-06,0.000000000000000000e+00
1.000000000000000000e+00,6.016796875000000000e+01,2.477185821533203125e+01,1.810000038146972656e+01,1.000000000000000000e+00,-8.088970658264610369e-02,-9.190886559160861280e-01,-4.510051827621381487e-02,-9.548625353792143944e-01,4.264084660159784927e-03,2.587338632742998846e-03,2.811477240457973476e-06,0.000000000000000000e+00
1.000000000000000000e+00,6.016759872436523438e+01,2.476638984680175781e+01,1.810000038146972656e+01,1.000000000000000000e+00,-6.337689553264276576e-02,-9.366059767633340138e-01,-8.088970658264610369e-02,-9.190886559160861280e-01,5.480873411534750543e-03,4.264084660159784927e-03,1.480574865472647820e-06,0.000000000000000000e+00
1.000000000000000000e+00,6.016759490966796875e+01,2.476540946960449219e+01,1.810000038146972656e+01,1.000000000000000000e+00,-3.875575209772174051e-03,-9.960228289114486655e-01,-6.337689553264276576e-02,-9.366059767633340138e-01,9.803846188275449226e-04,5.480873411534750543e-03,2.025439937328316200e-05,0.000000000000000000e+00
1.000000000000000000e+00,6.016622543334960938e+01,2.475674438476562500e+01,1.810000038146972656e+01,1.000000000000000000e+00,-1.364745950961316623e-01,-8.635154394453010696e-01,-3.875575209772174051e-03,-9.960228289114486655e-01,8.772637040896718100e-03,9.803846188275449226e-04,6.071919780924290243e-05,0.000000000000000000e+00
1.000000000000000000e+00,6.016642379760742188e+01,2.475673103332519531e+01,1.810000038146972656e+01,1.000000000000000000e+00,9.364946010077719318e-01,-6.303329045244618345e-02,-1.364745950961316623e-01,-8.635154394453010696e-01,1.988130773843900425e-04,8.772637040896718100e-03,7.351045735729825269e-05,0.000000000000000000e+00
1.000000000000000000e+00,6.016619491577148438e+01,2.475283432006835938e+01,1.811666679382324219e+01,1.000000000000000000e+00,-5.547715737365301741e-02,-9.444986042864426112e-01,9.364946010077719318e-01,-6.303329045244618345e-02,3.903429402566807073e-03,1.988130773843900425e-04,1.372418211680807511e-05,0.000000000000000000e+00
1.000000000000000000e+00,6.016544342041015625e+01,2.474603843688964844e+01,1.811666679382324219e+01,1.000000000000000000e+00,-9.956906234863378835e-02,-9.004176881933558807e-01,-5.547715737365301741e-02,-9.444986042864426112e-01,6.837307471277268879e-03,3.903429402566807073e-03,8.607640522060228916e-06,0.000000000000000000e+00
1.000000000000000000e+00,6.016506958007812500e+01,2.474329185485839844e+01,1.811666679382324219e+01,1.000000000000000000e+00,-1.198005617361301151e-01,-8.801673923470783034e-01,-9.956906234863378835e-02,-9.004176881933558807e-01,2.771907186079398955e-03,6.837307471277268879e-03,1.652747947888692231e-05,0.000000000000000000e+00
1.000000000000000000e+00,6.016497039794921875e+01,2.474310111999511719e+01,1.811666679382324219e+01,1.000000000000000000e+00,-3.419873027375147090e-01,-6.576678898798359318e-01,-1.198005617361301151e-01,-8.801673923470783034e-01,2.149811218811854764e-04,2.771907186079398955e-03,6.537870897776165409e-06,0.000000000000000000e+00
1.000000000000000000e+00,6.016411590576171875e+01,2.474010848999023438e+01,1.811666679382324219e+01,1.000000000000000000e+00,-2.221062742858536110e-01,-7.778677329341614488e-01,-3.419873027375147090e-01,-6.576678898798359318e-01,3.112232517763323901e-03,2.149811218811854764e-04,8.394065650940998904e-06,0.000000000000000000e+00
1.000000000000000000e+00,6.016307830810546875e+01,2.473454666137695312e+01,1.811666679382324219e+01,1.000000000000000000e+00,-1.572230511514727536e-01,-8.427617962457620848e-01,-2.221062742858536110e-01,-7.778677329341614488e-01,5.657786353316067093e-03,3.112232517763323901e-03,6.479844329697282142e-06,0.000000000000000000e+00
1.000000000000000000e+00,6.016257858276367188e+01,2.473144531250000000e+01,1.813333320617675781e+01,1.000000000000000000e+00,-1.387673329424018165e-01,-8.612048983371960453e-01,-1.572230511514727536e-01,-8.427617962457620848e-01,3.141351663506079632e-03,5.657786353316067093e-03,6.332443548079088026e-06,0.000000000000000000e+00
1.000000000000000000e+00,6.016244125366210938e+01,2.472978973388671875e+01,1.813333320617675781e+01,1.000000000000000000e+00,-7.659147276701339102e-02,-9.233527550245503868e-01,-1.387673329424018165e-01,-8.612048983371960453e-01,1.661264526464774089e-03,3.141351663506079632e-03,2.190657933235128534e-06,0.000000000000000000e+00
1.000000000000000000e+00,6.016230010986328125e+01,2.472887992858886719e+01,1.813333320617675781e+01,1.000000000000000000e+00,-1.342884925870777568e-01,-8.656163643788661322e-01,-7.659147276701339102e-02,-9.233527550245503868e-01,9.206884662829249418e-04,1.661264526464774089e-03,5.484529009144698482e-07,0.000000000000000000e+00
1.000000000000000000e+00,6.016201400756835938e+01,2.472753143310546875e+01,1.813333320617675781e+01,1.000000000000000000e+00,-1.750184644013227375e-01,-8.249203622115678369e-01,-1.342884925870777568e-01,-8.656163643788661322e-01,1.378511730782712354e-03,9.206884662829249418e-04,2.096021415172422922e-07,0.000000000000000000e+00
1.000000000000000000e+00,6.016188812255859375e+01,2.472534370422363281e+01,1.813333320617675781e+01,1.000000000000000000e+00,-5.440820069524104907e-02,-9.455485787491133554e-01,-1.750184644013227375e-01,-8.249203622115678369e-01,2.191347689460258156e-03,1.378511730782712354e-03,6.607022957192449450e-07,0.000000000000000000e+00
1.000000000000000000e+00,6.016153717041015625e+01,2.472345161437988281e+01,1.813333320617675781e+01,1.000000000000000000e+00,-1.564556098810550022e-01,-8.434998097935139105e-01,-5.440820069524104907e-02,-9.455485787491133554e-01,1.924362592474400694e-03,2.191347689460258156e-03,7.128104201254771611e-08,0.000000000000000000e+00
1.000000000000000000e+00,6.016141128540039062e+01,2.472122001647949219e+01,1.814999961853027344e+01,1.000000000000000000e+00,-5.339579330310038202e-02,-9.465617903731431415e-01,-1.564556098810550022e-01,-8.434998097935139105e-01,2.235145683106928242e-03,1.924362592474400694e-03,9.658612942310582829e-08,0.000000000000000000e+00
1.000000000000000000e+00,6.016140365600585938e+01,2.471864509582519531e+01,1.814999961853027344e+01,1.000000000000000000e+00,-2.954095362130781423e-03,-9.970071847191387393e-01,-5.339579330310038202e-02,-9.465617903731431415e-01,2.574931957078780732e-03,2.235145683106928242e-03,1.154547119796748072e-07,0.000000000000000000e+00
1.000000000000000000e+00,6.016135025024414062e+01,2.471613311767578125e+01,1.814999961853027344e+01,1.000000000000000000e+00,-2.081703240741361940e-02,-9.791439885915620422e-01,-2.954095362130781423e-03,-9.970071847191387393e-01,2.512545800282744730e-03,2.574931957078780732e-03,3.892032559779589123e-09,0.000000000000000000e+00
1.000000000000000000e+00,6.016123962402343750e+01,2.471327590942382812e+01,1.814999961853027344e+01,1.000000000000000000e+00,-3.727380834123215914e-02,-9.626924981925133462e-01,-2.081703240741361940e-02,-9.791439885915620422e-01,2.859349079027618395e-03,2.512545800282744730e-03,1.202725141481945468e-07,0.000000000000000000e+00
1.000000000000000000e+00,6.016119384765625000e+01,2.471010398864746094e+01,1.814999961853027344e+01,1.000000000000000000e+00,-1.422599534566403208e-02,-9.857429274933036112e-01,-3.727380834123215914e-02,-9.626924981925133462e-01,3.172251075709914096e-03,2.859349079027618395e-03,9.790765952776739565e-08,0.000000000000000000e+00
1.000000000000000000e+00,6.016109848022460938e+01,2.470766448974609375e+01,1.814999961853027344e+01,1.000000000000000000e+00,-3.762078825223241774e-02,-9.623397634921052601e-01,-1.422599534566403208e-02,-9.857429274933036112e-01,2.441362291178727269e-03,3.172251075709914096e-03,5.341984153534756104e-07,0.000000000000000000e+00
1.000000000000000000e+00,6.016095733642578125e+01,2.470583915710449219e+01,1.816666603088378906e+01,1.000000000000000000e+00,-7.177132600921720673e-02,-9.281778242002819423e-01,-3.762078825223241774e-02,-9.623397634921052601e-01,1.830781479162319923e-03,2.441362291178727269e-03,3.728089280026153633e-07,0.000000000000000000e+00
1.000000000000000000e+00,6.016094207763671875e+01,2.470564460754394531e+01,1.816666603088378906e+01,1.000000000000000000e+00,-7.269262557156758175e-02,-9.268309760374865425e-01,-7.177132600921720673e-02,-9.281778242002819423e-01,1.951470270145975159e-04,1.830781479162319923e-03,2.675300061052580143e-06,0.000000000000000000e+00
1.000000000000000000e+00,6.016115951538085938e+01,2.470452880859375000e+01,1.816666603088378906e+01,1.000000000000000000e+00,1.630778970265412964e-01,-8.368471031625145384e-01,-7.269262557156758175e-02,-9.268309760374865425e-01,1.136787785751555832e-03,1.951470270145975159e-04,8.866873185147145717e-07,0.000000000000000000e+00
1.000000000000000000e+00,6.016193008422851562e+01,2.470625305175781250e+01,1.816666603088378906e+01,1.000000000000000000e+00,3.088561215934038651e-01,6.911037968327650161e-01,1.630778970265412964e-01,-8.368471031625145384e-01,1.888594937458676608e-03,1.136787785751555832e-03,5.652139933579737482e-07,0.000000000000000000e+00
1.000000000000000000e+00,6.016192245483398438e+01,2.470655441284179688e+01,1.816666603088378906e+01,1.000000000000000000e+00,-2.468336963302582635e-02,9.749931005045201493e-01,3.088561215934038651e-01,6.911037968327650161e-01,3.014576431294303371e-04,1.888594937458676608e-03,2.519004791050760626e-06,0.000000000000000000e+00
1.000000000000000000e+00,6.016190338134765625e+01,2.470674705505371094e+01,1.816666603088378906e+01,1.000000000000000000e+00,-9.004755778920883746e-02,9.094803336710092223e-01,-2.468336963302582635e-02,9.749931005045201493e-01,1.935841411166000763e-04,3.014576431294303371e-04,1.163669243651209449e-08,0.000000000000000000e+00
1.000000000000000000e+00,6.016186904907226562e+01,2.470675086975097656e+01,1.818333244323730469e+01,1.000000000000000000e+00,-8.976468725823376626e-01,9.973854139803751961e-02,-9.004755778920883746e-02,9.094803336710092223e-01,3.454355292563406868e-05,1.935841411166000763e-04,2.529390869212843718e-08,0.000000000000000000e+00
1.000000000000000000e+00,6.016188049316406250e+01,2.470690345764160156e+01,1.818333244323730469e+01,1.000000000000000000e+00,6.972493494570602968e-02,9.296657992760803957e-01,-8.976468725823376626e-01,9.973854139803751961e-02,1.530164422617460648e-04,3.454355292563406868e-05,1.403582550764663928e-08,0.000000000000000000e+00
1.000000000000000000e+00,6.016172027587890625e+01,2.470942115783691406e+01,1.818333244323730469e+01,1.000000000000000000e+00,-5.982682574880212462e-02,9.401358331954620118e-01,6.972493494570602968e-02,9.296657992760803957e-01,2.522792867426780841e-03,1.530164422617460648e-04,5.615840305267972076e-06,0.000000000000000000e+00
1.000000000000000000e+00,6.016170120239257812e+01,2.471158790588378906e+01,1.818333244323730469e+01,1.000000000000000000e+00,-8.725604299334478731e-03,9.912286484043967283e-01,-5.982682574880212462e-02,9.401358331954620118e-01,2.166831995452655341e-03,2.522792867426780841e-03,1.267081423765797685e-07,0.000000000000000000e+00
1.000000000000000000e+00,6.016193771362304688e+01,2.471339988708496094e+01,1.818333244323730469e+01,1.000000000000000000e+00,1.154506024799373393e-01,8.845005835156489749e-01,-8.725604299334478731e-03,9.912286484043967283e-01,1.827351481116348646e-03,2.166831995452655341e-03,1.152470196140433290e-07,0.000000000000000000e+00
1.000000000000000000e+00,6.016181564331054688e+01,2.471391677856445312e+01,1.818333244323730469e+01,1.000000000000000000e+00,-1.910148815491887753e-01,8.088286390598462550e-01,1.154506024799373393e-01,8.845005835156489749e-01,5.311101230116689956e-04,1.827351481116348646e-03,1.680241658461064328e-06,0.000000000000000000e+00
1.000000000000000000e+00,6.016208267211914062e+01,2.471870994567871094e+01,1.820000076293945312e+01,1.000000000000000000e+00,5.276940571556035242e-02,9.472108325943082718e-01,-1.910148815491887753e-01,8.088286390598462550e-01,4.800599480254685858e-03,5.311101230116689956e-04,1.822853937161138905e-05,0.000000000000000000e+00
1.000000000000000000e+00,6.016243743896484375e+01,2.472094726562500000e+01,1.820000076293945312e+01,1.000000000000000000e+00,1.368600622451571491e-01,8.631013602880072133e-01,5.276940571556035242e-02,9.472108325943082718e-01,2.265272623079402775e-03,4.800599480254685858e-03,6.427882272714298616e-06,0.000000000000000000e+00
1.000000000000000000e+00,6.016280364990234375e+01,2.472155570983886719e+01,1.820000076293945312e+01,1.000000000000000000e+00,3.756953087001941860e-01,6.242021014341767593e-01,1.368600622451571491e-01,8.631013602880072133e-01,7.101512600376688180e-04,2.265272623079402775e-03,2.418402453788780276e-06,0.000000000000000000e+00
1.000000000000000000e+00,6.016302871704101562e+01,2.472174644470214844e+01,1.820000076293945312e+01,1.000000000000000000e+00,5.411542565674920535e-01,4.586053021758407233e-01,3.756953087001941860e-01,6.242021014341767593e-01,2.950169571073197727e-04,7.101512600376688180e-04,1.723364894694668091e-07,0.000000000000000000e+00
1.000000000000000000e+00,6.016309738159179688e+01,2.472165489196777344e+01,1.820000076293945312e+01,1.000000000000000000e+00,4.283041015466765300e-01,-5.710721353955686697e-01,5.411542565674920535e-01,4.586053021758407233e-01,1.144409179687500000e-04,2.950169571073197727e-04,3.260770591097428504e-08,0.000000000000000000e+00
1.000000000000000000e+00,6.016379547119140625e+01,2.472078132629394531e+01,1.820000076293945312e+01,1.000000000000000000e+00,4.441464974904276164e-01,-5.557898793732674037e-01,4.283041015466765300e-01,-5.710721353955686697e-01,1.118233462016569911e-03,1.144409179687500000e-04,1.007599471485994454e-06,0.000000000000000000e+00
1.000000000000000000e+00,6.016494750976562500e+01,2.471891403198242188e+01,1.821666717529296875e+01,1.000000000000000000e+00,3.815413747590468141e-01,-6.184255064389185819e-01,4.441464974904276164e-01,-5.557898793732674037e-01,2.194078604411373295e-03,1.118233462016569911e-03,1.157442770414494788e-06,0.000000000000000000e+00
1.000000000000000000e+00,6.016494750976562500e+01,2.471891403198242188e+01,1.821666717529296875e+01,1.000000000000000000e+00,0.000000000000000000e+00,0.000000000000000000e+00,3.815413747590468141e-01,-6.184255064389185819e-01,0.000000000000000000e+00,2.194078604411373295e-03,4.813980922335759652e-06,0.000000000000000000e+00
1.000000000000000000e+00,6.016535949707031250e+01,2.471790313720703125e+01,1.821666717529296875e+01,1.000000000000000000e+00,2.895238882171172201e-01,-7.104058368290375736e-01,0.000000000000000000e+00,0.000000000000000000e+00,1.091623463532977092e-03,0.000000000000000000e+00,1.191641786135732916e-06,0.000000000000000000e+00
1.000000000000000000e+00,6.016579055786132812e+01,2.471528625488281250e+01,1.821666717529296875e+01,1.000000000000000000e+00,1.414221435586481834e-01,-8.585450485064837212e-01,2.895238882171172201e-01,-7.104058368290375736e-01,2.652147526884494899e-03,1.091623463532977092e-03,2.435235352299132135e-06,0.000000000000000000e+00
1.000000000000000000e+00,6.016605377197265625e+01,2.471503067016601562e+01,1.821666717529296875e+01,1.000000000000000000e+00,5.072551662512487791e-01,-4.925521179541110794e-01,1.414221435586481834e-01,-8.585450485064837212e-01,3.668858349165219409e-04,2.652147526884494899e-03,5.222421000776321911e-06,0.000000000000000000e+00
1.000000000000000000e+00,6.016641616821289062e+01,2.471363067626953125e+01,1.821666717529296875e+01,1.000000000000000000e+00,2.056160387422380775e-01,-7.943272233515934477e-01,5.072551662512487791e-01,-4.925521179541110794e-01,1.446137595503800468e-03,3.668858349165219409e-04,1.164784362730740273e-06,0.000000000000000000e+00
1.000000000000000000e+00,6.016755676269531250e+01,2.471098327636718750e+01,1.823333358764648438e+01,1.000000000000000000e+00,3.010998054876727337e-01,-6.988737960148658779e-01,2.056160387422380775e-01,-7.943272233515934477e-01,2.882651906883819740e-03,1.446137595503800468e-03,2.063573366799611149e-06,0.000000000000000000e+00
1.000000000000000000e+00,6.016784286499023438e+01,2.470973968505859375e+01,1.823333358764648438e+01,1.000000000000000000e+00,1.870201929622284376e-01,-8.129144387424863671e-01,3.010998054876727337e-01,-6.988737960148658779e-01,1.276077531331650363e-03,2.882651906883819740e-03,2.581081224180843038e-06,0.000000000000000000e+00
1.000000000000000000e+00,6.016844177246093750e+01,2.470897674560546875e+01,1.823333358764648438e+01,1.000000000000000000e+00,4.397436201256150756e-01,-5.601829555740318600e-01,1.870201929622284376e-01,-8.129144387424863671e-01,9.699313210731409958e-04,1.276077531331650363e-03,9.372550205564742598e-08,0.000000000000000000e+00
1.000000000000000000e+00,6.016902923583984375e+01,2.470916938781738281e+01,1.823333358764648438e+01,1.000000000000000000e+00,7.529597144883155568e-01,2.469121141666229535e-01,4.397436201256150756e-01,-5.601829555740318600e-01,6.182428676233076925e-04,9.699313210731409958e-04,1.236847682899355572e-07,0.000000000000000000e+00
1.000000000000000000e+00,6.016960525512695312e+01,2.470845031738281250e+01,1.823333358764648438e+01,1.000000000000000000e+00,4.447373828463950240e-01,-5.551854083877182378e-01,7.529597144883155568e-01,2.469121141666229535e-01,9.213362627158070382e-04,6.182428676233076925e-04,9.186560614869790146e-08,0.000000000000000000e+00
1.000000000000000000e+00,6.017004394531250000e+01,2.470768737792968750e+01,1.823333358764648438e+01,1.000000000000000000e+00,3.650489855868959688e-01,-6.348678010206886269e-01,4.447373828463950240e-01,-5.551854083877182378e-01,8.800714107558691617e-04,9.213362627158070382e-04,1.702788007275588729e-09,0.000000000000000000e+00
1.000000000000000000e+00,6.017049789428710938e+01,2.470733451843261719e+01,1.825000000000000000e+01,1.000000000000000000e+00,5.625780253173197076e-01,-4.372980448895132377e-01,3.650489855868959688e-01,-6.348678010206886269e-01,5.749604301355154328e-04,8.800714107558691617e-04,9.309271049511387115e-08,0.000000000000000000e+00
1.000000000000000000e+00,6.017062759399414062e+01,2.470650482177734375e+01,1.825000000000000000e+01,1.000000000000000000e+00,1.351747772338754705e-01,-8.647210014225857888e-01,5.625780253173197076e-01,-4.372980448895132377e-01,8.397729179819515442e-04,5.749604301355154328e-04,7.012565371941887141e-08,0.000000000000000000e+00
1.000000000000000000e+00,6.017052078247070312e+01,2.470611381530761719e+01,1.825000000000000000e+01,1.000000000000000000e+00,-2.145162956629806661e-01,-7.852828680519827742e-01,1.351747772338754705e-01,-8.647210014225857888e-01,4.053329013379852069e-04,8.397729179819515442e-04,1.887381280616097555e-07,0.000000000000000000e+00
1.000000000000000000e+00,6.017053222656250000e+01,2.470549392700195312e+01,1.825000000000000000e+01,1.000000000000000000e+00,1.812401746076541809e-02,-9.817176124581268315e-01,-2.145162956629806661e-01,-7.852828680519827742e-01,6.199939344349406642e-04,4.053329013379852069e-04,4.607935913025220411e-08,0.000000000000000000e+00
1.000000000000000000e+00,6.017081069946289062e+01,2.470511054992675781e+01,1.825000000000000000e+01,1.000000000000000000e+00,4.206857174428165758e-01,-5.791632137397679791e-01,1.812401746076541809e-02,-9.817176124581268315e-01,4.738408361858222474e-04,6.199939344349406642e-04,2.136072812781646224e-08,0.000000000000000000e+00
1.000000000000000000e+00,6.017088317871093750e+01,2.470504188537597656e+01,1.825000000000000000e+01,1.000000000000000000e+00,5.131499481621324410e-01,-4.861420561535991225e-01,4.206857174428165758e-01,-5.791632137397679791e-01,9.984018194810791299e-05,4.738408361858222474e-04,1.398764893702383411e-07,0.000000000000000000e+00
1.000000000000000000e+00,6.017090988159179688e+01,2.470503616333007812e+01,1.826666641235351562e+01,1.000000000000000000e+00,8.209974170952115680e-01,-1.759280179489739193e-01,5.131499481621324410e-01,-4.861420561535991225e-01,2.730907642989416771e-05,9.984018194810791299e-05,5.260761267694255973e-09,0.000000000000000000e+00
1.000000000000000000e+00,6.017095947265625000e+01,2.470502662658691406e+01,1.826666641235351562e+01,1.000000000000000000e+00,8.372936032623637947e-01,-1.610180006273776443e-01,8.209974170952115680e-01,-1.759280179489739193e-01,5.049973409604540471e-05,2.730907642989416771e-05,5.378066029886191441e-10,0.000000000000000000e+00
1.000000000000000000e+00,6.017093276977539062e+01,2.470505905151367188e+01,1.826666641235351562e+01,1.000000000000000000e+00,-4.508504017566574151e-01,5.474612021330840239e-01,8.372936032623637947e-01,-1.610180006273776443e-01,4.200499638661430173e-05,5.049973409604540471e-05,7.216056875203077994e-11,0.000000000000000000e+00
1.000000000000000000e+00,6.017089080810546875e+01,2.470488548278808594e+01,1.826666641235351562e+01,1.000000000000000000e+00,-1.945999766083751636e-01,-8.049362668800973397e-01,-4.508504017566574151e-01,5.474612021330840239e-01,1.785689901527106249e-04,4.200499638661430173e-05,1.864972439334639381e-08,0.000000000000000000e+00
1.000000000000000000e+00,6.017093658447265625e+01,2.470502281188964844e+01,1.826666641235351562e+01,1.000000000000000000e+00,2.498635411913706916e-01,7.495906235741121026e-01,-1.945999766083751636e-01,-8.049362668800973397e-01,1.447575833206960773e-04,1.785689901527106249e-04,1.143211231960000040e-09,0.000000000000000000e+00
1.000000000000000000e+00,6.017092514038085938e+01,2.470499420166015625e+01,1.826666641235351562e+01,1.000000000000000000e+00,-2.850027451464412498e-01,-7.125068628661030967e-01,2.498635411913706916e-01,7.495906235741121026e-01,3.081416019707395617e-05,1.447575833206960773e-04,1.298310367312878418e-08,0.000000000000000000e+00
1.000000000000000000e+00,6.017092895507812500e+01,2.470510482788085938e+01,1.828333282470703125e+01,1.000000000000000000e+00,3.330423165165968813e-02,9.658227178981310113e-01,-2.850027451464412498e-01,-7.125068628661030967e-01,1.106919718059303930e-04,3.081416019707395617e-05,6.380464787419960127e-09,0.000000000000000000e+00
1.000000000000000000e+00,6.017094802856445312e+01,2.470517349243164062e+01,1.828333282470703125e+01,1.000000000000000000e+00,2.171438132704957280e-01,7.817177277737846763e-01,3.330423165165968813e-02,9.658227178981310113e-01,7.126442601115953648e-05,1.106919718059303930e-04,1.554531367398753040e-09,0.000000000000000000e+00
1.000000000000000000e+00,6.017077255249023438e+01,2.470509529113769531e+01,1.895000076293945312e+01,1.000000000000000000e+00,0.000000000000000000e+00,0.000000000000000000e+00,2.171438132704957280e-01,7.817177277737846763e-01,0.000000000000000000e+00,7.126442601115953648e-05,5.078618414700032108e-09,0.000000000000000000e+00
1.000000000000000000e+00,6.017098617553710938e+01,2.470529556274414062e+01,1.895000076293945312e+01,1.000000000000000000e+00,5.160043617996132870e-01,4.837540891871374149e-01,0.000000000000000000e+00,0.000000000000000000e+00,2.928199489521582702e-04,0.000000000000000000e+00,8.574352250434456932e-08,0.000000000000000000e+00
1.000000000000000000e+00,6.017098617553710938e+01,2.470529556274414062e+01,1.896666717529296875e+01,1.000000000000000000e+00,0.000000000000000000e+00,0.000000000000000000e+00,5.160043617996132870e-01,4.837540891871374149e-01,0.000000000000000000e+00,2.928199489521582702e-04,8.574352250434456932e-08,0.000000000000000000e+00
1.000000000000000000e+00,6.017098617553710938e+01,2.470529556274414062e+01,1.896666717529296875e+01,1.000000000000000000e+00,0.000000000000000000e+00,0.000000000000000000e+00,0.000000000000000000e+00,0.000000000000000000e+00,0.000000000000000000e+00,0.000000000000000000e+00,0.000000000000000000e+00,0.000000000000000000e+00
1.000000000000000000e+00,6.017094039916992188e+01,2.470510673522949219e+01,1.896666717529296875e+01,1.000000000000000000e+00,-1.950388158449742060e-01,-8.045351153605185823e-01,0.000000000000000000e+00,0.000000000000000000e+00,1.942969533502538002e-04,0.000000000000000000e+00,3.775130608119069868e-08,0.000000000000000000e+00
1.000000000000000000e+00,6.017095565795898438e+01,2.470534133911132812e+01,2.045000076293945312e+01,1.000000000000000000e+00,0.000000000000000000e+00,0.000000000000000000e+00,-1.950388158449742060e-01,-8.045351153605185823e-01,0.000000000000000000e+00,1.942969533502538002e-04,3.775130608119069868e-08,0.000000000000000000e+00
1.000000000000000000e+00,6.017095565795898438e+01,2.470534133911132812e+01,2.046666717529296875e+01,1.000000000000000000e+00,0.000000000000000000e+00,0.000000000000000000e+00,0.000000000000000000e+00,0.000000000000000000e+00,0.000000000000000000e+00,0.000000000000000000e+00,0.000000000000000000e+00,0.000000000000000000e+00
1.000000000000000000e+00,6.017095565795898438e+01,2.470534133911132812e+01,2.046666717529296875e+01,1.000000000000000000e+00,0.000000000000000000e+00,0.000000000000000000e+00,0.000000000000000000e+00,0.000000000000000000e+00,0.000000000000000000e+00,0.000000000000000000e+00,0.000000000000000000e+00,0.000000000000000000e+00
1.000000000000000000e+00,6.017095565795898438e+01,2.470534133911132812e+01,2.046666717529296875e+01,1.000000000000000000e+00,0.000000000000000000e+00,0.000000000000000000e+00,0.000000000000000000e+00,0.000000000000000000e+00,0.000000000000000000e+00,0.000000000000000000e+00,0.000000000000000000e+00,0.000000000000000000e+00
1.000000000000000000e+00,6.017095565795898438e+01,2.470534133911132812e+01,2.046666717529296875e+01,1.000000000000000000e+00,0.000000000000000000e+00,0.000000000000000000e+00,0.000000000000000000e+00,0.000000000000000000e+00,0.000000000000000000e+00,0.000000000000000000e+00,0.000000000000000000e+00,0.000000000000000000e+00
1.000000000000000000e+00,6.017095565795898438e+01,2.470534133911132812e+01,2.046666717529296875e+01,1.000000000000000000e+00,0.000000000000000000e+00,0.000000000000000000e+00,0.000000000000000000e+00,0.000000000000000000e+00,0.000000000000000000e+00,0.000000000000000000e+00,0.000000000000000000e+00,0.000000000000000000e+00
1.000000000000000000e+00,6.017095565795898438e+01,2.470534133911132812e+01,2.046666717529296875e+01,1.000000000000000000e+00,0.000000000000000000e+00,0.000000000000000000e+00,0.000000000000000000e+00,0.000000000000000000e+00,0.000000000000000000e+00,0.000000000000000000e+00,0.000000000000000000e+00,0.000000000000000000e+00
1.000000000000000000e+00,6.017095565795898438e+01,2.470534133911132812e+01,2.048333358764648438e+01,1.000000000000000000e+00,0.000000000000000000e+00,0.000000000000000000e+00,0.000000000000000000e+00,0.000000000000000000e+00,0.000000000000000000e+00,0.000000000000000000e+00,0.000000000000000000e+00,0.000000000000000000e+00
1.000000000000000000e+00,6.017095565795898438e+01,2.470534133911132812e+01,2.048333358764648438e+01,1.000000000000000000e+00,0.000000000000000000e+00,0.000000000000000000e+00,0.000000000000000000e+00,0.000000000000000000e+00,0.000000000000000000e+00,0.000000000000000000e+00,0.000000000000000000e+00,0.000000000000000000e+00
1.000000000000000000e+00,6.017095565795898438e+01,2.470534133911132812e+01,2.048333358764648438e+01,1.000000000000000000e+00,0.000000000000000000e+00,0.000000000000000000e+00,0.000000000000000000e+00,0.000000000000000000e+00,0.000000000000000000e+00,0.000000000000000000e+00,0.000000000000000000e+00,0.000000000000000000e+00
1.000000000000000000e+00,6.017095565795898438e+01,2.470534133911132812e+01,2.050000000000000000e+01,1.000000000000000000e+00,0.000000000000000000e+00,0.000000000000000000e+00,0.000000000000000000e+00,0.000000000000000000e+00,0.000000000000000000e+00,0.000000000000000000e+00,0.000000000000000000e+00,0.000000000000000000e+00
1.000000000000000000e+00,6.017095565795898438e+01,2.470534133911132812e+01,2.050000000000000000e+01,1.000000000000000000e+00,0.000000000000000000e+00,0.000000000000000000e+00,0.000000000000000000e+00,0.000000000000000000e+00,0.000000000000000000e+00,0.000000000000000000e+00,0.000000000000000000e+00,0.000000000000000000e+00
1.000000000000000000e+00,6.017095565795898438e+01,2.470534133911132812e+01,2.050000000000000000e+01,1.000000000000000000e+00,0.000000000000000000e+00,0.000000000000000000e+00,0.000000000000000000e+00,0.000000000000000000e+00,0.000000000000000000e+00,0.000000000000000000e+00,0.000000000000000000e+00,0.000000000000000000e+00
1.000000000000000000e+00,6.017095565795898438e+01,2.470534133911132812e+01,2.050000000000000000e+01,1.000000000000000000e+00,0.000000000000000000e+00,0.000000000000000000e+00,0.000000000000000000e+00,0.000000000000000000e+00,0.000000000000000000e+00,0.000000000000000000e+00,0.000000000000000000e+00,0.000000000000000000e+00
1.000000000000000000e+00,6.017095565795898438e+01,2.470534133911132812e+01,2.050000000000000000e+01,1.000000000000000000e+00,0.000000000000000000e+00,0.000000000000000000e+00,0.000000000000000000e+00,0.000000000000000000e+00,0.000000000000000000e+00,0.000000000000000000e+00,0.000000000000000000e+00,0.000000000000000000e+00
1.000000000000000000e+00,6.017095565795898438e+01,2.470534133911132812e+01,2.050000000000000000e+01,1.000000000000000000e+00,0.000000000000000000e+00,0.000000000000000000e+00,0.000000000000000000e+00,0.000000000000000000e+00,0.000000000000000000e+00,0.000000000000000000e+00,0.000000000000000000e+00,0.000000000000000000e+00
1.000000000000000000e+00,6.017095565795898438e+01,2.470534133911132812e+01,2.051666641235351562e+01,1.000000000000000000e+00,0.000000000000000000e+00,0.000000000000000000e+00,0.000000000000000000e+00,0.000000000000000000e+00,0.000000000000000000e+00,0.000000000000000000e+00,0.000000000000000000e+00,0.000000000000000000e+00
1.000000000000000000e+00,6.017095565795898438e+01,2.470534133911132812e+01,2.051666641235351562e+01,1.000000000000000000e+00,0.000000000000000000e+00,0.000000000000000000e+00,0.000000000000000000e+00,0.000000000000000000e+00,0.000000000000000000e+00,0.000000000000000000e+00,0.000000000000000000e+00,0.000000000000000000e+00
1.000000000000000000e+00,6.017095565795898438e+01,2.470534133911132812e+01,2.051666641235351562e+01,1.000000000000000000e+00,0.000000000000000000e+00,0.000000000000000000e+00,0.000000000000000000e+00,0.000000000000000000e+00,0.000000000000000000e+00,0.000000000000000000e+00,0.000000000000000000e+00,0.000000000000000000e+00
1.000000000000000000e+00,6.017095565795898438e+01,2.470534133911132812e+01,2.051666641235351562e+01,1.000000000000000000e+00,0.000000000000000000e+00,0.000000000000000000e+00,0.000000000000000000e+00,0.000000000000000000e+00,0.000000000000000000e+00,0.000000000000000000e+00,0.000000000000000000e+00,0.000000000000000000e+00
1.000000000000000000e+00,6.017096710205078125e+01,2.470532226562500000e+01,5.666666507720947266e+00,2.000000000000000000e+00,0.000000000000000000e+00,0.000000000000000000e+00,0.000000000000000000e+00,0.000000000000000000e+00,0.000000000000000000e+00,0.000000000000000000e+00,0.000000000000000000e+00,0.000000000000000000e+00
1.000000000000000000e+00,6.017096710205078125e+01,2.470532226562500000e+01,5.666666507720947266e+00,2.000000000000000000e+00,0.000000000000000000e+00,0.000000000000000000e+00,0.000000000000000000e+00,0.000000000000000000e+00,0.000000000000000000e+00,0.000000000000000000e+00,0.000000000000000000e+00,0.000000000000000000e+00
1.000000000000000000e+00,6.017096710205078125e+01,2.470532226562500000e+01,5.666666507720947266e+00,2.000000000000000000e+00,0.000000000000000000e+00,0.000000000000000000e+00,0.000000000000000000e+00,0.000000000000000000e+00,0.000000000000000000e+00,0.000000000000000000e+00,0.000000000000000000e+00,0.000000000000000000e+00
1.000000000000000000e+00,6.017096710205078125e+01,2.470532226562500000e+01,5.666666507720947266e+00,2.000000000000000000e+00,0.000000000000000000e+00,0.000000000000000000e+00,0.000000000000000000e+00,0.000000000000000000e+00,0.000000000000000000e+00,0.000000000000000000e+00,0.000000000000000000e+00,0.000000000000000000e+00
1.000000000000000000e+00,6.017096710205078125e+01,2.470532226562500000e+01,5.666666507720947266e+00,2.000000000000000000e+00,0.000000000000000000e+00,0.000000000000000000e+00,0.000000000000000000e+00,0.000000000000000000e+00,0.000000000000000000e+00,0.000000000000000000e+00,0.000000000000000000e+00,0.000000000000000000e+00
1.000000000000000000e+00,6.017096710205078125e+01,2.470532226562500000e+01,5.683333396911621094e+00,2.000000000000000000e+00,0.000000000000000000e+00,0.000000000000000000e+00,0.000000000000000000e+00,0.000000000000000000e+00,0.000000000000000000e+00,0.000000000000000000e+00,0.000000000000000000e+00,0.000000000000000000e+00
1.000000000000000000e+00,6.017096710205078125e+01,2.470532226562500000e+01,5.683333396911621094e+00,2.000000000000000000e+00,0.000000000000000000e+00,0.000000000000000000e+00,0.000000000000000000e+00,0.000000000000000000e+00,0.000000000000000000e+00,0.000000000000000000e+00,0.000000000000000000e+00,0.000000000000000000e+00
1.000000000000000000e+00,6.017100524902343750e+01,2.470538520812988281e+01,5.683333396911621094e+00,2.000000000000000000e+00,3.769855679067420917e-01,6.220261870461244458e-01,0.000000000000000000e+00,0.000000000000000000e+00,7.359993507985969157e-05,0.000000000000000000e+00,5.416950443759561412e-09,0.000000000000000000e+00
1.000000000000000000e+00,6.017101669311523438e+01,2.470527267456054688e+01,5.683333396911621094e+00,2.000000000000000000e+00,9.223329721395429059e-02,-9.069607559372171446e-01,3.769855679067420917e-01,6.220261870461244458e-01,1.131139755491847006e-04,7.359993507985969157e-05,1.561359394211454478e-09,0.000000000000000000e+00
1.000000000000000000e+00,6.017096710205078125e+01,2.470532226562500000e+01,5.683333396911621094e+00,2.000000000000000000e+00,-4.994963846912749417e-01,4.994963846912749417e-01,9.223329721395429059e-02,-9.069607559372171446e-01,7.013235592212766606e-05,1.131139755491847006e-04,1.847419625765014578e-09,0.000000000000000000e+00
1.000000000000000000e+00,6.017068862915039062e+01,2.470526885986328125e+01,5.800000190734863281e+00,2.000000000000000000e+00,0.000000000000000000e+00,0.000000000000000000e+00,-4.994963846912749417e-01,4.994963846912749417e-01,0.000000000000000000e+00,7.013235592212766606e-05,4.918547347187995911e-09,0.000000000000000000e+00
1.000000000000000000e+00,6.017096710205078125e+01,2.470532226562500000e+01,5.800000190734863281e+00,2.000000000000000000e+00,8.388277084473526601e-01,1.608710673734648766e-01,0.000000000000000000e+00,0.000000000000000000e+00,2.835477590049458496e-04,0.000000000000000000e+00,8.039933163672685623e-08,0.000000000000000000e+00
1.000000000000000000e+00,6.017096710205078125e+01,2.470532226562500000e+01,5.800000190734863281e+00,2.000000000000000000e+00,0.000000000000000000e+00,0.000000000000000000e+00,8.388277084473526601e-01,1.608710673734648766e-01,0.000000000000000000e+00,2.835477590049458496e-04,8.039933163672685623e-08,0.000000000000000000e+00
1.000000000000000000e+00,6.017096710205078125e+01,2.470532226562500000e+01,5.800000190734863281e+00,2.000000000000000000e+00,0.000000000000000000e+00,0.000000000000000000e+00,0.000000000000000000e+00,0.000000000000000000e+00,0.000000000000000000e+00,0.000000000000000000e+00,0.000000000000000000e+00,0.000000000000000000e+00
1.000000000000000000e+00,6.017096710205078125e+01,2.470532226562500000e+01,5.800000190734863281e+00,2.000000000000000000e+00,0.000000000000000000e+00,0.000000000000000000e+00,0.000000000000000000e+00,0.000000000000000000e+00,0.000000000000000000e+00,0.000000000000000000e+00,0.000000000000000000e+00,0.000000000000000000e+00
1.000000000000000000e+00,6.017096710205078125e+01,2.470532226562500000e+01,5.800000190734863281e+00,2.000000000000000000e+00,0.000000000000000000e+00,0.000000000000000000e+00,0.000000000000000000e+00,0.000000000000000000e+00,0.000000000000000000e+00,0.000000000000000000e+00,0.000000000000000000e+00,0.000000000000000000e+00
1.000000000000000000e+00,6.017096710205078125e+01,2.470532226562500000e+01,5.816666603088378906e+00,2.000000000000000000e+00,0.000000000000000000e+00,0.000000000000000000e+00,0.000000000000000000e+00,0.000000000000000000e+00,0.000000000000000000e+00,0.000000000000000000e+00,0.000000000000000000e+00,0.000000000000000000e+00
1.000000000000000000e+00,6.017096710205078125e+01,2.470532226562500000e+01,5.816666603088378906e+00,2.000000000000000000e+00,0.000000000000000000e+00,0.000000000000000000e+00,0.000000000000000000e+00,0.000000000000000000e+00,0.000000000000000000e+00,0.000000000000000000e+00,0.000000000000000000e+00,0.000000000000000000e+00
1.000000000000000000e+00,6.017096710205078125e+01,2.470532226562500000e+01,5.816666603088378906e+00,2.000000000000000000e+00,0.000000000000000000e+00,0.000000000000000000e+00,0.000000000000000000e+00,0.000000000000000000e+00,0.000000000000000000e+00,0.000000000000000000e+00,0.000000000000000000e+00,0.000000000000000000e+00
1.000000000000000000e+00,6.017096710205078125e+01,2.470532226562500000e+01,5.816666603088378906e+00,2.000000000000000000e+00,0.000000000000000000e+00,0.000000000000000000e+00,0.000000000000000000e+00,0.000000000000000000e+00,0.000000000000000000e+00,0.000000000000000000e+00,0.000000000000000000e+00,0.000000000000000000e+00
1.000000000000000000e+00,6.017096710205078125e+01,2.470532226562500000e+01,5.816666603088378906e+00,2.000000000000000000e+00,0.000000000000000000e+00,0.000000000000000000e+00,0.000000000000000000e+00,0.000000000000000000e+00,0.000000000000000000e+00,0.000000000000000000e+00,0.000000000000000000e+00,0.000000000000000000e+00
1.000000000000000000e+00,6.017052459716796875e+01,2.470558929443359375e+01,8.116666793823242188e+00,2.000000000000000000e+00,0.000000000000000000e+00,0.000000000000000000e+00,0.000000000000000000e+00,0.000000000000000000e+00,0.000000000000000000e+00,0.000000000000000000e+00,0.000000000000000000e+00,0.000000000000000000e+00
1.000000000000000000e+00,6.017043685913085938e+01,2.470612907409667969e+01,8.116666793823242188e+00,2.000000000000000000e+00,-1.397953516640324523e-01,8.600453156721997727e-01,0.000000000000000000e+00,0.000000000000000000e+00,5.468638293368599003e-04,0.000000000000000000e+00,2.990600478369742103e-07,0.000000000000000000e+00
1.000000000000000000e+00,6.017069244384765625e+01,2.470697212219238281e+01,8.116666793823242188e+00,2.000000000000000000e+00,2.326177155074951319e-01,7.672912705545734680e-01,-1.397953516640324523e-01,8.600453156721997727e-01,8.809390666378715071e-04,5.468638293368599003e-04,1.116062641777272109e-07,0.000000000000000000e+00
1.000000000000000000e+00,6.017065048217773438e+01,2.470747184753417969e+01,8.116666793823242188e+00,2.000000000000000000e+00,-7.745049071729677437e-02,9.223649349059888092e-01,2.326177155074951319e-01,7.672912705545734680e-01,5.014839967303402410e-04,8.809390666378715071e-04,1.439861500785294481e-07,0.000000000000000000e+00
1.000000000000000000e+00,6.017081069946289062e+01,2.470767021179199219e+01,8.133333206176757812e+00,2.000000000000000000e+00,4.466839409414742890e-01,5.530372602132538340e-01,-7.745049071729677437e-02,9.223649349059888092e-01,2.549861902934021443e-04,5.014839967303402410e-04,6.076116857822219537e-08,0.000000000000000000e+00
1.000000000000000000e+00,6.017215728759765625e+01,2.470988655090332031e+01,8.133333206176757812e+00,2.000000000000000000e+00,3.779337180881590652e-01,6.220382158901428538e-01,4.466839409414742890e-01,5.530372602132538340e-01,2.593348927756214395e-03,2.549861902934021443e-04,5.467940291954576832e-06,0.000000000000000000e+00
1.000000000000000000e+00,6.017209625244140625e+01,2.471002769470214844e+01,8.133333206176757812e+00,2.000000000000000000e+00,-3.017375496448790329e-01,6.977680835537827253e-01,3.779337180881590652e-01,6.220382158901428538e-01,1.537753629359922243e-04,2.593348927756214395e-03,5.951519178169647578e-06,0.000000000000000000e+00
1.000000000000000000e+00,6.017233657836914062e+01,2.471050834655761719e+01,8.133333206176757812e+00,2.000000000000000000e+00,3.332871062353561231e-01,6.665742124707122462e-01,-3.017375496448790329e-01,6.977680835537827253e-01,5.373851111697645075e-04,1.537753629359922243e-04,1.471564389399781620e-07,0.000000000000000000e+00
1.000000000000000000e+00,6.017263412475585938e+01,2.471064758300781250e+01,8.133333206176757812e+00,2.000000000000000000e+00,6.810667794150018217e-01,3.187043262647123454e-01,3.332871062353561231e-01,6.665742124707122462e-01,3.285127719166724427e-04,5.373851111697645075e-04,4.362765410505878108e-08,0.000000000000000000e+00
1.000000000000000000e+00,6.017478179931640625e+01,2.471025085449218750e+01,8.133333206176757812e+00,2.000000000000000000e+00,8.440447884142407986e-01,-1.559159111813162579e-01,6.810667794150018217e-01,3.187043262647123454e-01,2.184009966353228117e-03,3.285127719166724427e-04,3.442869838561929028e-06,0.000000000000000000e+00
1.000000000000000000e+00,6.017551422119140625e+01,2.471080780029296875e+01,8.149999618530273438e+00,2.000000000000000000e+00,5.680032844221918342e-01,4.319191641960417050e-01,8.440447884142407986e-01,-1.559159111813162579e-01,9.201252240789747124e-04,2.184009966353228117e-03,1.597404641753655980e-06,0.000000000000000000e+00
1.000000000000000000e+00,6.017567062377929688e+01,2.471127891540527344e+01,8.149999618530273438e+00,2.000000000000000000e+00,2.492004094880578835e-01,7.506402578481743415e-01,5.680032844221918342e-01,4.319191641960417050e-01,4.963982459082052568e-04,9.201252240789747124e-04,1.795445520297317301e-07,0.000000000000000000e+00
1.000000000000000000e+00,6.017656707763671875e+01,2.471534347534179688e+01,8.149999618530273438e+00,2.000000000000000000e+00,1.806960885509083237e-01,8.192837546850758601e-01,2.492004094880578835e-01,7.506402578481743415e-01,4.162244225904814660e-03,4.963982459082052568e-04,1.343842674905730294e-05,0.000000000000000000e+00
1.000000000000000000e+00,6.017647933959960938e+01,2.471763038635253906e+01,8.149999618530273438e+00,2.000000000000000000e+00,-3.694623530378996629e-02,9.630116549835688877e-01,1.806960885509083237e-01,8.192837546850758601e-01,2.288593440130784907e-03,4.162244225904814660e-03,3.510567267031639070e-06,0.000000000000000000e+00
1.000000000000000000e+00,6.017629241943359375e+01,2.471820640563964844e+01,8.149999618530273438e+00,2.000000000000000000e+00,-2.449678915685163383e-01,7.549010536091014245e-01,-3.694623530378996629e-02,9.630116549835688877e-01,6.055884473677658822e-04,2.288593440130784907e-03,2.832505805665249697e-06,0.000000000000000000e+00
1.000000000000000000e+00,6.017510986328125000e+01,2.472058105468750000e+01,8.149999618530273438e+00,2.000000000000000000e+00,-3.324303330169203208e-01,6.675415558162350882e-01,-2.449678915685163383e-01,7.549010536091014245e-01,2.652809294673928817e-03,6.055884473677658822e-04,4.191113197644963817e-06,0.000000000000000000e+00
1.000000000000000000e+00,6.017379379272460938e+01,2.472196197509765625e+01,8.166666984558105469e+00,2.000000000000000000e+00,-4.879592764361298518e-01,5.120036465793594838e-01,-3.324303330169203208e-01,6.675415558162350882e-01,1.907611828764560263e-03,2.652809294673928817e-03,5.553192631977444991e-07,0.000000000000000000e+00
1.000000000000000000e+00,6.017298507690429688e+01,2.472228240966796875e+01,8.166666984558105469e+00,2.000000000000000000e+00,-7.161527921765025173e-01,2.837586535038972291e-01,-4.879592764361298518e-01,5.120036465793594838e-01,8.698848152917007092e-04,1.907611828764560263e-03,1.076877354491300526e-06,0.000000000000000000e+00
1.000000000000000000e+00,6.017238616943359375e+01,2.472251319885253906e+01,8.166666984558105469e+00,2.000000000000000000e+00,-7.217520905838924472e-01,2.781273979638566596e-01,-7.161527921765025173e-01,2.837586535038972291e-01,6.418362767705205769e-04,8.698848152917007092e-04,5.200613592164617637e-08,0.000000000000000000e+00
1.000000000000000000e+00,6.017257690429687500e+01,2.472416877746582031e+01,8.166666984558105469e+00,2.000000000000000000e+00,1.033001901807738127e-01,8.966456507691166200e-01,-7.217520905838924472e-01,2.781273979638566596e-01,1.666529427530514390e-03,6.418362767705205769e-04,1.049996053214443419e-06,0.000000000000000000e+00
1.000000000000000000e+00,6.017261123657226562e+01,2.472558593750000000e+01,8.166666984558105469e+00,2.000000000000000000e+00,2.365145858397922629e-02,9.762796515498092242e-01,1.033001901807738127e-01,8.966456507691166200e-01,1.417575841925105065e-03,1.666529427530514390e-03,6.197788778578987234e-08,0.000000000000000000e+00
1.000000000000000000e+00,6.017256164550781250e+01,2.472703552246093750e+01,8.166666984558105469e+00,2.000000000000000000e+00,-3.307667408354937610e-02,9.668566270575971178e-01,2.365145858397922629e-02,9.762796515498092242e-01,1.450432981095565012e-03,1.417575841925105065e-03,1.079591594466973461e-09,0.000000000000000000e+00
1.000000000000000000e+00,6.017293930053710938e+01,2.472821807861328125e+01,8.183333396911621094e+00,2.000000000000000000e+00,2.420382765569756012e-01,7.578976336632569089e-01,-3.307667408354937610e-02,9.668566270575971178e-01,1.241395333727043568e-03,1.450432981095565012e-03,4.369673801736631946e-08,0.000000000000000000e+00
1.000000000000000000e+00,6.017317962646484375e+01,2.472920417785644531e+01,8.183333396911621094e+00,2.000000000000000000e+00,1.959404775674800925e-01,8.039779912887874413e-01,2.420382765569756012e-01,7.578976336632569089e-01,1.014962200729724187e-03,1.241395333727043568e-03,5.127196371898172460e-08,0.000000000000000000e+00
1.000000000000000000e+00,6.017312240600585938e+01,2.472927665710449219e+01,8.183333396911621094e+00,2.000000000000000000e+00,-4.408365803984353737e-01,5.583930018380180993e-01,1.959404775674800925e-01,8.039779912887874413e-01,9.234404325035251357e-05,1.014962200729724187e-03,8.512242645106307725e-07,0.000000000000000000e+00
1.000000000000000000e+00,6.017317962646484375e+01,2.472929573059082031e+01,8.183333396911621094e+00,2.000000000000000000e+00,7.490182468035496699e-01,2.496727489345165474e-01,-4.408365803984353737e-01,5.583930018380180993e-01,6.031565971695669663e-05,9.234404325035251357e-05,1.025817351762300295e-09,0.000000000000000000e+00
1.000000000000000000e+00,6.017310333251953125e+01,2.472970199584960938e+01,8.183333396911621094e+00,2.000000000000000000e+00,-1.580700101938717350e-01,8.417228042823670098e-01,7.490182468035496699e-01,2.496727489345165474e-01,4.133669394016539853e-04,6.031565971695669663e-05,1.246452060870023489e-07,0.000000000000000000e+00
1.000000000000000000e+00,6.017276000976562500e+01,2.473031425476074219e+01,8.183333396911621094e+00,2.000000000000000000e+00,-3.592438428670880479e-01,6.406515197796402994e-01,-1.580700101938717350e-01,8.417228042823670098e-01,7.019483510995012335e-04,4.133669394016539853e-04,8.327923117752241411e-08,0.000000000000000000e+00
1.000000000000000000e+00,6.017192459106445312e+01,2.473237037658691406e+01,8.199999809265136719e+00,2.000000000000000000e+00,-2.889082143067372987e-01,7.110572032480886318e-01,-3.592438428670880479e-01,6.406515197796402994e-01,2.219360576906796723e-03,7.019483510995012335e-04,2.302539863029450756e-06,0.000000000000000000e+00
1.000000000000000000e+00,6.017215347290039062e+01,2.473399162292480469e+01,8.199999809265136719e+00,2.000000000000000000e+00,1.237046539313814003e-01,8.762412986806182857e-01,-2.889082143067372987e-01,7.110572032480886318e-01,1.637322992859345169e-03,2.219360576906796723e-03,3.387677492437942364e-07,0.000000000000000000e+00
1.000000000000000000e+00,6.017221832275390625e+01,2.473509407043457031e+01,8.199999809265136719e+00,2.000000000000000000e+00,5.555079663136204549e-02,9.443635427331548149e-01,1.237046539313814003e-01,8.762412986806182857e-01,1.104353211291308643e-03,1.637322992859345169e-03,2.840567880646805598e-07,0.000000000000000000e+00
1.000000000000000000e+00,6.017242813110351562e+01,2.473553466796875000e+01,8.199999809265136719e+00,2.000000000000000000e+00,3.225310559641439423e-01,6.773152175247022511e-01,5.555079663136204549e-02,9.443635427331548149e-01,4.880017732457850614e-04,1.104353211291308643e-03,3.798890951807848840e-07,0.000000000000000000e+00
1.000000000000000000e+00,6.017244720458984375e+01,2.473560333251953125e+01,8.199999809265136719e+00,2.000000000000000000e+00,2.171438132704957280e-01,7.817177277737846763e-01,3.225310559641439423e-01,6.773152175247022511e-01,7.126442601115953648e-05,4.880017732457850614e-04,1.736700165801528481e-07,0.000000000000000000e+00
1.000000000000000000e+00,6.017274475097656250e+01,2.473686408996582031e+01,8.199999809265136719e+00,2.000000000000000000e+00,1.909302200216407841e-01,8.090056117583626083e-01,2.171438132704957280e-01,7.817177277737846763e-01,1.295393064140263999e-03,7.126442601115953648e-05,1.498490922687815770e-06,0.000000000000000000e+00
1.000000000000000000e+00,6.017287063598632812e+01,2.473683929443359375e+01,8.216666221618652344e+00,2.000000000000000000e+00,8.348889591612396188e-01,-1.644478252893350756e-01,1.909302200216407841e-01,8.090056117583626083e-01,1.283037571627970816e-04,1.295393064140263999e-03,1.362097450461144128e-06,0.000000000000000000e+00
1.000000000000000000e+00,6.017285156250000000e+01,2.473689079284667969e+01,8.216666221618652344e+00,2.000000000000000000e+00,-2.698878406589098056e-01,7.286971697790564084e-01,8.348889591612396188e-01,-1.644478252893350756e-01,5.491706866793811241e-05,1.283037571627970816e-04,5.385606048241464846e-09,0.000000000000000000e+00
1.000000000000000000e+00,6.017291259765625000e+01,2.473681449890136719e+01,8.216666221618652344e+00,2.000000000000000000e+00,4.441210453685636161e-01,-5.551513067107045618e-01,-2.698878406589098056e-01,7.286971697790564084e-01,9.770392207996900225e-05,5.491706866793811241e-05,1.830714824902619404e-09,0.000000000000000000e+00
1.000000000000000000e+00,6.017295455932617188e+01,2.473681449890136719e+01,8.216666221618652344e+00,2.000000000000000000e+00,9.976225385205641505e-01,0.000000000000000000e+00,4.441210453685636161e-01,-5.551513067107045618e-01,4.196166992187500000e-05,9.770392207996900225e-05,3.107198675656535500e-09,0.000000000000000000e+00
1.000000000000000000e+00,6.017282485961914062e+01,2.473636627197265625e+01,8.216666221618652344e+00,2.000000000000000000e+00,-2.243836166212570815e-01,-7.754433809705207903e-01,9.976225385205641505e-01,0.000000000000000000e+00,4.666148236239735085e-04,4.196166992187500000e-05,1.803303009491380876e-07,0.000000000000000000e+00
1.000000000000000000e+00,6.017274093627929688e+01,2.473604774475097656e+01,8.216666221618652344e+00,2.000000000000000000e+00,-2.084790032987291486e-01,-7.912725807019946878e-01,-2.243836166212570815e-01,-7.754433809705207903e-01,3.293975074609860375e-04,4.666148236239735085e-04,1.882859185497326377e-08,0.000000000000000000e+00
1.000000000000000000e+00,6.017250823974609375e+01,2.473525619506835938e+01,8.233333587646484375e+00,2.000000000000000000e+00,-2.271659030992543571e-01,-7.727364736572995829e-01,-2.084790032987291486e-01,-7.912725807019946878e-01,8.250445906835116895e-04,3.293975074609860375e-04,2.456660311069972591e-07,0.000000000000000000e+00
1.000000000000000000e+00,6.017231750488281250e+01,2.473458862304687500e+01,8.233333587646484375e+00,2.000000000000000000e+00,-2.221963344729315504e-01,-7.776871706552603847e-01,-2.271659030992543571e-01,-7.727364736572995829e-01,6.942853822021978396e-04,8.250445906835116895e-04,1.709797060265969920e-08,0.000000000000000000e+00
1.000000000000000000e+00,6.017207336425781250e+01,2.473271942138671875e+01,8.233333587646484375e+00,2.000000000000000000e+00,-1.155179995757255051e-01,-8.844346842516483953e-01,-2.221963344729315504e-01,-7.776871706552603847e-01,1.885078112733334921e-03,6.942853822021978396e-04,1.417987327085801154e-06,0.000000000000000000e+00
1.000000000000000000e+00,6.017198562622070312e+01,2.473217964172363281e+01,8.233333587646484375e+00,2.000000000000000000e+00,-1.397953516640324523e-01,-8.600453156721997727e-01,-1.155179995757255051e-01,-8.844346842516483953e-01,5.468638293368599003e-04,1.885078112733334921e-03,1.790817468286341094e-06,0.000000000000000000e+00
1.000000000000000000e+00,6.017199707031250000e+01,2.473156547546386719e+01,8.233333587646484375e+00,2.000000000000000000e+00,1.828975942030885635e-02,-9.815504222232419584e-01,-1.397953516640324523e-01,-8.600453156721997727e-01,6.142728724854715824e-04,5.468638293368599003e-04,4.543979098211391477e-09,0.000000000000000000e+00
1.000000000000000000e+00,6.017210388183593750e+01,2.473142242431640625e+01,8.233333587646484375e+00,2.000000000000000000e+00,4.273098981283435793e-01,-5.722900421361744039e-01,1.828975942030885635e-02,-9.815504222232419584e-01,1.785282395839114756e-04,6.142728724854715824e-04,1.898733851025153811e-07,0.000000000000000000e+00
1.000000000000000000e+00,6.017282867431640625e+01,2.473042869567871094e+01,8.250000000000000000e+00,2.000000000000000000e+00,4.217290668713638002e-01,-5.782127469473172798e-01,4.273098981283435793e-01,-5.722900421361744039e-01,1.229967782147087327e-03,1.785282395839114756e-04,1.105525111665460186e-06,0.000000000000000000e+00
1.000000000000000000e+00,6.017320251464843750e+01,2.473000335693359375e+01,8.250000000000000000e+00,2.000000000000000000e+00,4.677219043002955323e-01,-5.321529829539076717e-01,4.217290668713638002e-01,-5.782127469473172798e-01,5.662770010790646935e-04,1.229967782147087327e-03,4.404854528746819706e-07,0.000000000000000000e+00
1.000000000000000000e+00,6.017319107055664062e+01,2.473002243041992188e+01,8.250000000000000000e+00,2.000000000000000000e+00,-3.737752133807937804e-01,6.229586889679896711e-01,4.677219043002955323e-01,-5.321529829539076717e-01,2.224331624925728127e-05,5.662770010790646935e-04,2.959726502294982305e-07,0.000000000000000000e+00
1.000000000000000000e+00,6.017316818237304688e+01,2.473006057739257812e+01,8.250000000000000000e+00,2.000000000000000000e+00,-3.743866049863902590e-01,6.239776749773171538e-01,-3.737752133807937804e-01,6.229586889679896711e-01,4.448663249851456255e-05,2.224331624925728127e-05,4.947651177644729614e-10,0.000000000000000000e+00
1.000000000000000000e+00,6.017324829101562500e+01,2.472984313964843750e+01,8.250000000000000000e+00,2.000000000000000000e+00,2.691403160012847962e-01,-7.305237148606301689e-01,-3.743866049863902590e-01,6.239776749773171538e-01,2.317251975782385275e-04,4.448663249851456255e-05,3.505828025311402348e-08,0.000000000000000000e+00
1.000000000000000000e+00,6.017318344116210938e+01,2.472931671142578125e+01,8.250000000000000000e+00,2.000000000000000000e+00,-1.096588732802082911e-01,-8.901720301569849836e-01,2.691403160012847962e-01,-7.305237148606301689e-01,5.304075575536385586e-04,2.317251975782385275e-04,8.921115216047446760e-08,0.000000000000000000e+00
1.000000000000000000e+00,6.017301559448242188e+01,2.472862434387207031e+01,8.266666412353515625e+00,2.000000000000000000e+00,-1.950992709076395659e-01,-8.047844924940131817e-01,-1.096588732802082911e-01,-8.901720301569849836e-01,7.124221622842639252e-04,5.304075575536385586e-04,3.312931633524578702e-08,0.000000000000000000e+00
1.000000000000000000e+00,6.017259979248046875e+01,2.472556304931640625e+01,8.266666412353515625e+00,2.000000000000000000e+00,-1.195796657057721646e-01,-8.803915754943317795e-01,-1.950992709076395659e-01,-8.047844924940131817e-01,3.089403771177645294e-03,7.124221622842639252e-04,5.650041569017367168e-06,0.000000000000000000e+00
1.000000000000000000e+00,6.017261123657226562e+01,2.472429656982421875e+01,8.266666412353515625e+00,2.000000000000000000e+00,8.954523171784373875e-03,-9.909672310108040838e-01,-1.195796657057721646e-01,-8.803915754943317795e-01,1.266531196366107396e-03,3.089403771177645294e-03,3.322864424000045844e-06,0.000000000000000000e+00
1.000000000000000000e+00,6.017254257202148438e+01,2.472404670715332031e+01,8.266666412353515625e+00,2.000000000000000000e+00,-2.155012067684465848e-01,-7.841849468518472532e-01,8.954523171784373875e-03,-9.909672310108040838e-01,2.591257896128668688e-04,1.266531196366107396e-03,1.014865653555661914e-06,0.000000000000000000e+00
1.000000000000000000e+00,6.017261123657226562e+01,2.472304916381835938e+01,8.266666412353515625e+00,2.000000000000000000e+00,6.439467596496022128e-02,-9.355115424909499211e-01,-2.155012067684465848e-01,-7.841849468518472532e-01,9.999037581982477951e-04,2.591257896128668688e-04,5.487519987414836244e-07,0.000000000000000000e+00
1.000000000000000000e+00,6.017245864868164062e+01,2.472270011901855469e+01,8.266666412353515625e+00,2.000000000000000000e+00,-3.041218830973972387e-01,-6.956788075852962105e-01,6.439467596496022128e-02,-9.355115424909499211e-01,3.809400696121128084e-04,9.999037581982477951e-04,3.831160477881538997e-07,0.000000000000000000e+00
1.000000000000000000e+00,6.017315292358398438e+01,2.472251510620117188e+01,8.283333778381347656e+00,2.000000000000000000e+00,7.894980641299248481e-01,-2.103882203862711964e-01,-3.041218830973972387e-01,-6.956788075852962105e-01,7.185035717519777957e-04,3.809400696121128084e-04,1.139491179769306355e-07,0.000000000000000000e+00
1.000000000000000000e+00,6.017319869995117188e+01,2.472252273559570312e+01,8.283333778381347656e+00,2.000000000000000000e+00,8.555408934858431680e-01,1.425901489143071854e-01,7.894980641299248481e-01,-2.103882203862711964e-01,4.640779518354964706e-05,7.185035717519777957e-04,4.517127328811184235e-07,0.000000000000000000e+00
1.000000000000000000e+00,6.017414855957031250e+01,2.472169876098632812e+01,8.283333778381347656e+00,2.000000000000000000e+00,5.354536847374770092e-01,-4.644899433867270555e-01,8.555408934858431680e-01,1.425901489143071854e-01,1.257444811102521876e-03,4.640779518354964706e-05,1.466610653925928840e-06,0.000000000000000000e+00
1.000000000000000000e+00,6.017603302001953125e+01,2.471861648559570312e+01,8.283333778381347656e+00,2.000000000000000000e+00,3.794086436482733693e-01,-6.205712228093216432e-01,5.354536847374770092e-01,-4.644899433867270555e-01,3.612701588606818514e-03,1.257444811102521876e-03,5.547234487979924231e-06,0.000000000000000000e+00
1.000000000000000000e+00,6.017678833007812500e+01,2.471659851074218750e+01,8.283333778381347656e+00,2.000000000000000000e+00,2.723423118427791279e-01,-7.276216311355059307e-01,3.794086436482733693e-01,-6.205712228093216432e-01,2.154696218503736587e-03,3.612701588606818514e-03,2.125779659249424999e-06,0.000000000000000000e+00
1.000000000000000000e+00,6.017639541625976562e+01,2.471384811401367188e+01,8.283333778381347656e+00,2.000000000000000000e+00,-1.249960234274799381e-01,-8.749721639923595529e-01,2.723423118427791279e-01,-7.276216311355059307e-01,2.778320253838134461e-03,2.154696218503736587e-03,3.889069374467583292e-07,0.000000000000000000e+00
1.000000000000000000e+00,6.017573165893554688e+01,2.471163368225097656e+01,8.300000190734863281e+00,2.000000000000000000e+00,-2.306082899165604050e-01,-7.693569672216282740e-01,-1.249960234274799381e-01,-8.749721639923595529e-01,2.311770277749911496e-03,2.778320253838134461e-03,2.176688801879214094e-07,0.000000000000000000e+00
1.000000000000000000e+00,6.017531967163085938e+01,2.471014213562011719e+01,8.300000190734863281e+00,2.000000000000000000e+00,-2.164214962732025904e-01,-7.835259726187241425e-01,-2.306082899165604050e-01,-7.693569672216282740e-01,1.547399396164940780e-03,2.311770277749911496e-03,5.842628446149853716e-07,0.000000000000000000e+00
1.000000000000000000e+00,6.017465972900390625e+01,2.471071434020996094e+01,8.300000190734863281e+00,2.000000000000000000e+00,-5.355602495646867300e-01,4.643585978884566812e-01,-2.164214962732025904e-01,-7.835259726187241425e-01,8.734657197097351949e-04,1.547399396164940780e-03,4.541866002604297235e-07,0.000000000000000000e+00
1.000000000000000000e+00,6.017392349243164062e+01,2.471108245849609375e+01,8.300000190734863281e+00,2.000000000000000000e+00,-6.666063050627860642e-01,3.333031525313930321e-01,-5.355602495646867300e-01,4.643585978884566812e-01,8.231375115536869328e-04,8.734657197097351949e-04,2.532928536198522719e-09,0.000000000000000000e+00
1.000000000000000000e+00,6.017284011840820312e+01,2.471095848083496094e+01,8.300000190734863281e+00,2.000000000000000000e+00,-8.972400612642590367e-01,-1.026771196869310510e-01,-6.666063050627860642e-01,3.333031525313930321e-01,1.090444741891637192e-03,8.231375115536869328e-04,7.145315539094599656e-08,0.000000000000000000e+00
1.000000000000000000e+00,6.017232894897460938e+01,2.471084022521972656e+01,8.300000190734863281e+00,2.000000000000000000e+00,-8.119922067363378737e-01,-1.878489433494512917e-01,-8.972400612642590367e-01,-1.026771196869310510e-01,5.246699728162606668e-04,1.090444741891637192e-03,3.201010893222956070e-07,0.000000000000000000e+00
1.000000000000000000e+00,6.017234039306640625e+01,2.471080017089843750e+01,8.316666603088378906e+00,2.000000000000000000e+00,2.217915457557733117e-01,-7.762704101452065908e-01,-8.119922067363378737e-01,-1.878489433494512917e-01,4.165712293213187227e-05,5.246699728162606668e-04,2.333014131531879418e-07,0.000000000000000000e+00
1.000000000000000000e+00,6.017207336425781250e+01,2.471005249023437500e+01,8.316666603088378906e+00,2.000000000000000000e+00,-2.631319629829683149e-01,-7.367694963523113705e-01,2.217915457557733117e-01,-7.762704101452065908e-01,7.939337252138484223e-04,4.165712293213187227e-05,5.659200863405239428e-07,0.000000000000000000e+00
1.000000000000000000e+00,6.017142868041992188e+01,2.470857620239257812e+01,8.316666603088378906e+00,2.000000000000000000e+00,-3.039425041899607716e-01,-6.960103498314486048e-01,-2.631319629829683149e-01,-7.367694963523113705e-01,1.610913729122283224e-03,7.939337252138484223e-04,6.674563267862261818e-07,0.000000000000000000e+00
1.000000000000000000e+00,6.017114257812500000e+01,2.470809555053710938e+01,8.316666603088378906e+00,2.000000000000000000e+00,-3.730856705621772296e-01,-6.267839265444576924e-01,-3.039425041899607716e-01,-6.960103498314486048e-01,5.593574253776521744e-04,1.610913729122283224e-03,1.105770659945070489e-06,0.000000000000000000e+00
1.000000000000000000e+00,6.017090606689453125e+01,2.470789527893066406e+01,8.316666603088378906e+00,2.000000000000000000e+00,-5.413607733811552913e-01,-4.584103322985588758e-01,-3.730856705621772296e-01,-6.267839265444576924e-01,3.099133402840676733e-04,5.593574253776521744e-04,6.222235158817541922e-08,0.000000000000000000e+00
1.000000000000000000e+00,6.017031860351562500e+01,2.470751190185546875e+01,8.316666603088378906e+00,2.000000000000000000e+00,-6.050457331596568178e-01,-3.948512739126331939e-01,-5.413607733811552913e-01,-4.584103322985588758e-01,7.014921263572818002e-04,3.099133402840676733e-04,1.533339457025719818e-07,0.000000000000000000e+00
1.000000000000000000e+00,6.017074203491210938e+01,2.470653533935546875e+01,8.333333015441894531e+00,2.000000000000000000e+00,3.024307137882737417e-01,-6.974978624306132913e-01,-6.050457331596568178e-01,-3.948512739126331939e-01,1.064409913489609578e-03,7.014921263572818002e-04,1.317093202170255653e-07,0.000000000000000000e+00
1.000000000000000000e+00,6.017071914672851562e+01,2.470639038085937500e+01,8.333333015441894531e+00,2.000000000000000000e+00,-1.362824417626967155e-01,-8.631221311637459204e-01,3.024307137882737417e-01,-6.974978624306132913e-01,1.467543339666087601e-04,1.064409913489609578e-03,8.420917626296944882e-07,0.000000000000000000e+00
1.000000000000000000e+00,6.017061614990234375e+01,2.470592689514160156e+01,8.333333015441894531e+00,2.000000000000000000e+00,-1.817860914928159932e-01,-8.180374117176719695e-01,-1.362824417626967155e-01,-8.631221311637459204e-01,4.747919089258345691e-04,1.467543339666087601e-04,1.076086505851297067e-07,0.000000000000000000e+00
1.000000000000000000e+00,6.017092514038085938e+01,2.470496368408203125e+01,8.333333015441894531e+00,2.000000000000000000e+00,2.428594710185395245e-01,-7.570619312614966789e-01,-1.817860914928159932e-01,-8.180374117176719695e-01,1.011558530729625687e-03,4.747919089258345691e-04,2.881184062826541036e-07,0.000000000000000000e+00
1.000000000000000000e+00,6.017087554931640625e+01,2.470489883422851562e+01,8.333333015441894531e+00,2.000000000000000000e+00,-4.329550114715760012e-01,-5.661719380782147537e-01,2.428594710185395245e-01,-7.570619312614966789e-01,8.163808654416158733e-05,1.011558530729625687e-03,8.647520325140908947e-07,0.000000000000000000e+00
1.000000000000000000e+00,6.017088317871093750e+01,2.470490837097167969e+01,8.333333015441894531e+00,2.000000000000000000e+00,4.418703630124105608e-01,5.523379537655132010e-01,-4.329550114715760012e-01,-5.661719380782147537e-01,1.221299025999612528e-05,8.163808654416158733e-05,4.819843994065645200e-09,0.000000000000000000e+00
1.000000000000000000e+00,6.017090988159179688e+01,2.470492553710937500e+01,8.350000381469726562e+00,2.000000000000000000e+00,6.073112781938186933e-01,3.904143931245977472e-01,4.418703630124105608e-01,5.523379537655132010e-01,3.174460788172385933e-05,1.221299025999612528e-05,3.814840869213853212e-10,0.000000000000000000e+00
1.000000000000000000e+00,6.017092132568359375e+01,2.470505905151367188e+01,8.350000381469726562e+00,2.000000000000000000e+00,7.889294391607910850e-02,9.204176790209229742e-01,6.073112781938186933e-01,3.904143931245977472e-01,1.340039678211234794e-04,3.174460788172385933e-05,1.045697669521568969e-08,0.000000000000000000e+00
1.000000000000000000e+00,6.017095565795898438e+01,2.470510292053222656e+01,8.350000381469726562e+00,2.000000000000000000e+00,4.384637042473842339e-01,5.602591776494354470e-01,7.889294391607910850e-02,9.204176790209229742e-01,5.570633646587461001e-05,1.340039678211234794e-04,6.130519075842450942e-09,0.000000000000000000e+00
1.000000000000000000e+00,6.017092895507812500e+01,2.470496749877929688e+01,8.350000381469726562e+00,2.000000000000000000e+00,-1.646043528388927146e-01,-8.347792179686701619e-01,4.384637042473842339e-01,5.602591776494354470e-01,1.380293266401720121e-04,5.570633646587461001e-05,6.777074711237466890e-09,0.000000000000000000e+00
1.000000000000000000e+00,6.017090988159179688e+01,2.470505905151367188e+01,8.350000381469726562e+00,2.000000000000000000e+00,-1.722580813018455559e-01,8.268387902488586461e-01,-1.646043528388927146e-01,-8.347792179686701619e-01,9.351845300393114152e-05,1.380293266401720121e-04,1.981217871861402601e-09,0.000000000000000000e+00
1.000000000000000000e+00,6.017087554931640625e+01,2.470517158508300781e+01,8.350000381469726562e+00,2.000000000000000000e+00,-2.336071721596399420e-01,7.657123976343753746e-01,-1.722580813018455559e-01,8.268387902488586461e-01,1.176541939795771474e-04,9.351845300393114152e-05,5.825339924434776159e-10,0.000000000000000000e+00
1.000000000000000000e+00,6.017089462280273438e+01,2.470527076721191406e+01,8.366666793823242188e+00,2.000000000000000000e+00,1.611540465600598548e-01,8.380010421123113007e-01,-2.336071721596399420e-01,7.657123976343753746e-01,1.009994681920908094e-04,1.176541939795771474e-04,2.773798910563624305e-10,0.000000000000000000e+00
1.000000000000000000e+00,6.017066574096679688e+01,2.470623588562011719e+01,1.005000019073486328e+01,2.000000000000000000e+00,0.000000000000000000e+00,0.000000000000000000e+00,1.611540465600598548e-01,8.380010421123113007e-01,0.000000000000000000e+00,1.009994681920908094e-04,1.020089257508516312e-08,0.000000000000000000e+00
1.000000000000000000e+00,6.017060089111328125e+01,2.470675659179687500e+01,1.005000019073486328e+01,2.000000000000000000e+00,-1.107302753893735087e-01,8.890989759205578657e-01,0.000000000000000000e+00,0.000000000000000000e+00,5.247289071651535649e-04,0.000000000000000000e+00,2.753404260147363477e-07,0.000000000000000000e+00
1.000000000000000000e+00,6.017047119140625000e+01,2.470760917663574219e+01,1.005000019073486328e+01,2.000000000000000000e+00,-1.320253943048680934e-01,8.678728125628828449e-01,-1.107302753893735087e-01,8.890989759205578657e-01,8.623937160428409411e-04,5.247289071651535649e-04,1.140175231544051454e-07,0.000000000000000000e+00
1.000000000000000000e+00,6.017136001586914062e+01,2.470819473266601562e+01,1.005000019073486328e+01,2.000000000000000000e+00,6.028051690146891683e-01,3.971270104882179686e-01,-1.320253943048680934e-01,8.678728125628828449e-01,1.064370607646789035e-03,8.623937160428409411e-04,4.079466474199300137e-08,0.000000000000000000e+00
1.000000000000000000e+00,6.017124176025390625e+01,2.470819854736328125e+01,1.006666660308837891e+01,2.000000000000000000e+00,-9.679570495849799672e-01,3.122442095435419215e-02,6.028051690146891683e-01,3.971270104882179686e-01,1.183171266118684630e-04,1.064370607646789035e-03,8.950171889782907547e-07,0.000000000000000000e+00
1.000000000000000000e+00,6.017195510864257812e+01,2.471007156372070312e+01,1.006666660308837891e+01,2.000000000000000000e+00,2.758005458026137613e-01,7.241607913854725131e-01,-9.679570495849799672e-01,3.122442095435419215e-02,2.004259513833143557e-03,1.183171266118684630e-04,3.556778687917881600e-06,0.000000000000000000e+00
1.000000000000000000e+00,6.017232894897460938e+01,2.471090507507324219e+01,1.006666660308837891e+01,2.000000000000000000e+00,3.096110070559767169e-01,6.903061738952133153e-01,2.758005458026137613e-01,7.241607913854725131e-01,9.135084940298763027e-04,2.004259513833143557e-03,1.189737787201867199e-06,0.000000000000000000e+00
1.000000000000000000e+00,6.017236709594726562e+01,2.471097373962402344e+01,1.006666660308837891e+01,2.000000000000000000e+00,3.568088025473750702e-01,6.422558445852750708e-01,3.096110070559767169e-01,6.903061738952133153e-01,7.854942429341889038e-05,9.135084940298763027e-04,6.971566481351703059e-07,0.000000000000000000e+00
1.000000000000000000e+00,6.017417526245117188e+01,2.471071815490722656e+01,1.006666660308837891e+01,2.000000000000000000e+00,8.761128155789414951e-01,-1.238387313160107112e-01,3.568088025473750702e-01,6.422558445852750708e-01,1.826140644449022110e-03,7.854942429341889038e-05,3.054075072764949849e-06,0.000000000000000000e+00
1.000000000000000000e+00,6.017496871948242188e+01,2.471023178100585938e+01,1.006666660308837891e+01,2.000000000000000000e+00,6.199217559556502444e-01,-3.800001148285837016e-01,8.761128155789414951e-01,-1.238387313160107112e-01,9.306630068780009663e-04,1.826140644449022110e-03,8.018801993897770983e-07,0.000000000000000000e+00
1.000000000000000000e+00,6.017558670043945312e+01,2.471142387390136719e+01,1.008333301544189453e+01,2.000000000000000000e+00,3.413931519143486581e-01,6.585516047730491929e-01,6.199217559556502444e-01,-3.800001148285837016e-01,1.342753117580986963e-03,9.306630068780009663e-04,1.698182593391992461e-07,0.000000000000000000e+00
1.000000000000000000e+00,6.017580032348632812e+01,2.471193885803222656e+01,1.008333301544189453e+01,2.000000000000000000e+00,2.931534824992061417e-01,7.067092881677291549e-01,3.413931519143486581e-01,6.585516047730491929e-01,5.575333722685524946e-04,1.342753117580986963e-03,6.165700484285244867e-07,0.000000000000000000e+00
1.000000000000000000e+00,6.017686843872070312e+01,2.471705055236816406e+01,1.008333301544189453e+01,2.000000000000000000e+00,1.728367093761516704e-01,8.271471091572972778e-01,2.931534824992061417e-01,7.067092881677291549e-01,5.222096239821656313e-03,5.575333722685524946e-04,2.175814674535523434e-05,0.000000000000000000e+00
1.000000000000000000e+00,6.017649078369140625e+01,2.471783638000488281e+01,1.008333301544189453e+01,2.000000000000000000e+00,-3.245622681799246734e-01,6.753517903541866874e-01,1.728367093761516704e-01,8.271471091572972778e-01,8.718648953732449202e-04,5.222096239821656313e-03,1.892451275022142936e-05,0.000000000000000000e+00
1.000000000000000000e+00,6.017434692382812500e+01,2.472156524658203125e+01,1.008333301544189453e+01,2.000000000000000000e+00,-3.650473728497233838e-01,6.349355995740295633e-01,-3.245622681799246734e-01,6.753517903541866874e-01,4.301230180258085872e-03,8.718648953732449202e-04,1.176054625717328502e-05,0.000000000000000000e+00
1.000000000000000000e+00,6.017324829101562500e+01,2.472245597839355469e+01,1.008333301544189453e+01,2.000000000000000000e+00,-5.522253571305811848e-01,4.477243780902454562e-01,-3.650473728497233838e-01,6.349355995740295633e-01,1.414353992733602926e-03,4.301230180258085872e-03,8.334054122095894065e-06,0.000000000000000000e+00
1.000000000000000000e+00,6.017243576049804688e+01,2.472247505187988281e+01,1.010000038146972656e+01,2.000000000000000000e+00,-9.769467427858070652e-01,2.293302213112223195e-02,-5.522253571305811848e-01,4.477243780902454562e-01,8.127543539572611294e-04,1.414353992733602926e-03,3.619221253758249519e-07,0.000000000000000000e+00
1.000000000000000000e+00,6.017244720458984375e+01,2.472371673583984375e+01,1.010000038146972656e+01,2.000000000000000000e+00,9.131691379572296277e-03,9.907885146835940793e-01,-9.769467427858070652e-01,2.293302213112223195e-02,1.241736696591242166e-03,8.127543539572611294e-04,1.840258502917383118e-07,0.000000000000000000e+00
1.000000000000000000e+00,6.017247009277343750e+01,2.472414970397949219e+01,1.010000038146972656e+01,2.000000000000000000e+00,5.019819317560516442e-02,9.495824875718643643e-01,9.131691379572296277e-03,9.907885146835940793e-01,4.335726915972108308e-04,1.241736696591242166e-03,6.531290589679927429e-07,0.000000000000000000e+00
1.000000000000000000e+00,6.017250442504882812e+01,2.472567558288574219e+01,1.010000038146972656e+01,2.000000000000000000e+00,2.200347968699778098e-02,9.779324305332347533e-01,5.019819317560516442e-02,9.495824875718643643e-01,1.526265095477254965e-03,4.335726915972108308e-04,1.193976689497149427e-06,0.000000000000000000e+00
1.000000000000000000e+00,6.017284011840820312e+01,2.472837829589843750e+01,1.010000038146972656e+01,2.000000000000000000e+00,1.104797286129344108e-01,8.894873604802729927e-01,2.200347968699778098e-02,9.779324305332347533e-01,2.723480798632706753e-03,1.526265095477254965e-03,1.433325439882002871e-06,0.000000000000000000e+00
1.000000000000000000e+00,6.017304992675781250e+01,2.472886085510253906e+01,1.010000038146972656e+01,2.000000000000000000e+00,3.029865420914104601e-01,6.968690468102440860e-01,1.104797286129344108e-01,8.894873604802729927e-01,5.261966638329657444e-04,2.723480798632706753e-03,4.828057569042646539e-06,0.000000000000000000e+00
1.000000000000000000e+00,6.017321014404296875e+01,2.472944450378417969e+01,1.011666679382324219e+01,2.000000000000000000e+00,2.153556645152212012e-01,7.845099207340201497e-01,3.029865420914104601e-01,6.968690468102440860e-01,6.052399210591439226e-04,5.261966638329657444e-04,6.247836512923768899e-09,0.000000000000000000e+00
1.000000000000000000e+00,6.017318725585937500e+01,2.472939872741699219e+01,1.011666679382324219e+01,2.000000000000000000e+00,-3.328485874438506520e-01,-6.656971748877013040e-01,2.153556645152212012e-01,7.845099207340201497e-01,5.117953439712043316e-05,6.052399210591439226e-04,3.069829120680709443e-07,0.000000000000000000e+00
1.000000000000000000e+00,6.017313766479492188e+01,2.472967910766601562e+01,1.011666679382324219e+01,2.000000000000000000e+00,-1.502434850541664313e-01,8.494535501139409694e-01,-3.328485874438506520e-01,-6.656971748877013040e-01,2.847320805881185324e-04,5.117953439712043316e-05,5.454679183229830114e-08,0.000000000000000000e+00
1.000000000000000000e+00,6.017249298095703125e+01,2.473071289062500000e+01,1.011666679382324219e+01,2.000000000000000000e+00,-3.840680270161649368e-01,6.158723983513650913e-01,-1.502434850541664313e-01,8.494535501139409694e-01,1.218328550565846245e-03,2.847320805881185324e-04,8.716023687548742372e-07,0.000000000000000000e+00
1.000000000000000000e+00,6.017199325561523438e+01,2.473101043701171875e+01,1.011666679382324219e+01,2.000000000000000000e+00,-6.267156508384816860e-01,3.731589371404699929e-01,-3.840680270161649368e-01,6.158723983513650913e-01,5.816006099406941313e-04,1.218328550565846245e-03,4.054224703727472245e-07,0.000000000000000000e+00
1.000000000000000000e+00,6.017191314697265625e+01,2.473365783691406250e+01,1.011666679382324219e+01,2.000000000000000000e+00,-2.936955258014103953e-02,9.705937852675181610e-01,-6.267156508384816860e-01,3.731589371404699929e-01,2.648611643398368805e-03,5.816006099406941313e-04,4.272534612435764515e-06,0.000000000000000000e+00
1.000000000000000000e+00,6.017230606079101562e+01,2.473474502563476562e+01,1.013333320617675781e+01,2.000000000000000000e+00,2.654459832289103871e-01,7.344864584489269044e-01,-2.936955258014103953e-02,9.705937852675181610e-01,1.156010632771966185e-03,2.648611643398368805e-03,2.227857776922958464e-06,0.000000000000000000e+00
1.000000000000000000e+00,6.017251968383789062e+01,2.473562622070312500e+01,1.013333320617675781e+01,2.000000000000000000e+00,1.951041305305944717e-01,8.048045384387022549e-01,2.654459832289103871e-01,7.344864584489269044e-01,9.067191156345177526e-04,1.156010632771966185e-03,6.214626051669074262e-08,0.000000000000000000e+00
1.000000000000000000e+00,6.017271423339843750e+01,2.473645973205566406e+01,1.013333320617675781e+01,2.000000000000000000e+00,1.892209264821700376e-01,8.106818124775323486e-01,1.951041305305944717e-01,8.048045384387022549e-01,8.559151279890311100e-04,9.067191156345177526e-04,2.581045160682759264e-09,0.000000000000000000e+00
1.000000000000000000e+00,6.017291641235351562e+01,2.473692893981933594e+01,1.013333320617675781e+01,2.000000000000000000e+00,3.010915174234412572e-01,6.987595593034580110e-01,1.892209264821700376e-01,8.106818124775323486e-01,5.109131583414588604e-04,8.559151279890311100e-04,1.190263590607043650e-07,0.000000000000000000e+00
1.000000000000000000e+00,6.017290115356445312e+01,2.473685073852539062e+01,1.013333320617675781e+01,2.000000000000000000e+00,-1.630908029573450990e-01,-8.358403651563935943e-01,3.010915174234412572e-01,6.987595593034580110e-01,7.967605046922844733e-05,5.109131583414588604e-04,1.859654432060056955e-07,0.000000000000000000e+00
1.000000000000000000e+00,6.017290878295898438e+01,2.473695373535156250e+01,1.013333320617675781e+01,2.000000000000000000e+00,6.890323252073821125e-02,9.301936390299659907e-01,-1.630908029573450990e-01,-8.358403651563935943e-01,1.032790097860785214e-04,7.967605046922844733e-05,5.570996885128797371e-10,0.000000000000000000e+00
1.000000000000000000e+00,6.017290496826171875e+01,2.473695945739746094e+01,1.014999961853027344e+01,2.000000000000000000e+00,-3.958492200820326046e-01,5.937738301230488513e-01,6.890323252073821125e-02,9.301936390299659907e-01,6.877043295791605234e-06,1.032790097860785214e-04,9.293339143194401932e-09,0.000000000000000000e+00
1.000000000000000000e+00,6.017300033569335938e+01,2.473649978637695312e+01,1.014999961853027344e+01,2.000000000000000000e+00,1.717903547692367083e-01,-8.280295099877208465e-01,-3.958492200820326046e-01,5.937738301230488513e-01,4.694596831597182816e-04,6.877043295791605234e-06,2.139826987034792666e-07,0.000000000000000000e+00
1.000000000000000000e+00,6.017317199707031250e+01,2.473665809631347656e+01,1.014999961853027344e+01,2.000000000000000000e+00,5.200736021105760720e-01,4.796234330575313010e-01,1.717903547692367083e-01,-8.280295099877208465e-01,2.335158759902582800e-04,4.694596831597182816e-04,5.566948014161932409e-08,0.000000000000000000e+00
1.000000000000000000e+00,6.017417144775390625e+01,2.473706054687500000e+01,1.014999961853027344e+01,2.000000000000000000e+00,7.128743195304437785e-01,2.870543538567245090e-01,5.200736021105760720e-01,4.796234330575313010e-01,1.077435902226459193e-03,2.335158759902582800e-04,7.122010106825100280e-07,0.000000000000000000e+00
1.000000000000000000e+00,6.017474746704101562e+01,2.473706054687500000e+01,1.014999961853027344e+01,2.000000000000000000e+00,9.998264248355549499e-01,0.000000000000000000e+00,7.128743195304437785e-01,2.870543538567245090e-01,5.760192871093750000e-04,1.077435902226459193e-03,2.514186219154741470e-07,0.000000000000000000e+00
1.000000000000000000e+00,6.017476654052734375e+01,2.473795509338378906e+01,1.014999961853027344e+01,2.000000000000000000e+00,2.087454190567293588e-02,9.790160153760607553e-01,9.998264248355549499e-01,0.000000000000000000e+00,8.947498277548923207e-04,5.760192871093750000e-04,1.015891575401837720e-07,0.000000000000000000e+00
1.000000000000000000e+00,6.017475891113281250e+01,2.473995780944824219e+01,1.016666698455810547e+01,2.000000000000000000e+00,-3.794877646222829040e-03,9.961553821334926395e-01,2.087454190567293588e-02,9.790160153760607553e-01,2.002730596580460255e-03,8.947498277548923207e-04,1.227621384087296878e-06,0.000000000000000000e+00
1.000000000000000000e+00,6.017487716674804688e+01,2.474187088012695312e+01,1.016666698455810547e+01,2.000000000000000000e+00,5.821309667342453725e-02,9.417376768297550660e-01,-3.794877646222829040e-03,9.961553821334926395e-01,1.916722153124439604e-03,2.002730596580460255e-03,7.397452345727501556e-09,0.000000000000000000e+00
1.000000000000000000e+00,6.017499923706054688e+01,2.474227333068847656e+01,1.016666698455810547e+01,2.000000000000000000e+00,2.326829116878534887e-01,7.671264744708918837e-01,5.821309667342453725e-02,9.417376768297550660e-01,4.205563168760847689e-04,1.916722153124439604e-03,2.238512209556739051e-06,0.000000000000000000e+00
1.000000000000000000e+00,6.017493057250976562e+01,2.474047470092773438e+01,1.016666698455810547e+01,2.000000000000000000e+00,-3.677024737492791406e-02,-9.631762020710283867e-01,2.326829116878534887e-01,7.671264744708918837e-01,1.799939953654423842e-03,4.205563168760847689e-04,1.902699217411836977e-06,0.000000000000000000e+00
1.000000000000000000e+00,6.017718887329101562e+01,2.474236679077148438e+01,1.016666698455810547e+01,2.000000000000000000e+00,5.441045373400885676e-01,4.558713691227768705e-01,-3.677024737492791406e-02,-9.631762020710283867e-01,2.946171480992961639e-03,1.799939953654423842e-03,1.313846714264837206e-06,0.000000000000000000e+00
1.000000000000000000e+00,6.017718887329101562e+01,2.474236679077148438e+01,1.016666698455810547e+01,2.000000000000000000e+00,0.000000000000000000e+00,0.000000000000000000e+00,5.441045373400885676e-01,4.558713691227768705e-01,0.000000000000000000e+00,2.946171480992961639e-03,8.679926395416261460e-06,0.000000000000000000e+00
1.000000000000000000e+00,6.017835235595703125e+01,2.474151992797851562e+01,1.018333339691162109e+01,2.000000000000000000e+00,5.787188410489814139e-01,-4.212314187307340529e-01,0.000000000000000000e+00,0.000000000000000000e+00,1.439051251427015060e-03,0.000000000000000000e+00,2.070868504233658314e-06,0.000000000000000000e+00
1.000000000000000000e+00,6.017972183227539062e+01,2.474275970458984375e+01,1.018333339691162109e+01,2.000000000000000000e+00,5.248336868418124190e-01,4.751279894807493576e-01,5.787188410489814139e-01,-4.212314187307340529e-01,1.847298414589098551e-03,1.439051251427015060e-03,1.666657462298888150e-07,0.000000000000000000e+00
1.000000000000000000e+00,6.018084716796875000e+01,2.474396514892578125e+01,1.018333339691162109e+01,2.000000000000000000e+00,4.827943434303823000e-01,5.171627543186467779e-01,5.248336868418124190e-01,4.751279894807493576e-01,1.649083524201374554e-03,1.847298414589098551e-03,3.928914277141743682e-08,0.000000000000000000e+00
1.000000000000000000e+00,6.018145751953125000e+01,2.474524688720703125e+01,1.018333339691162109e+01,2.000000000000000000e+00,3.225635971549168368e-01,6.773835540253253518e-01,4.827943434303823000e-01,5.171627543186467779e-01,1.419641522169556641e-03,1.649083524201374554e-03,5.264363229636873503e-08,0.000000000000000000e+00
1.000000000000000000e+00,6.018170928955078125e+01,2.474733734130859375e+01,1.018333339691162109e+01,2.000000000000000000e+00,1.074872675664057253e-01,8.924700397937929131e-01,3.225635971549168368e-01,6.773835540253253518e-01,2.105560850100097331e-03,1.419641522169556641e-03,4.704853244286845968e-07,0.000000000000000000e+00
1.000000000000000000e+00,6.018175506591796875e+01,2.474973487854003906e+01,1.018333339691162109e+01,2.000000000000000000e+00,1.873459622763567686e-02,9.812244774224185839e-01,1.074872675664057253e-01,8.924700397937929131e-01,2.397974197517424924e-03,2.105560850100097331e-03,8.550556574780672518e-08,0.000000000000000000e+00
1.000000000000000000e+00,6.018137359619140625e+01,2.475210952758789062e+01,1.019999980926513672e+01,2.000000000000000000e+00,-1.384032828248895897e-01,8.615604355849376672e-01,1.873459622763567686e-02,9.812244774224185839e-01,2.405094021602066472e-03,2.397974197517424924e-03,5.069189499624185035e-11,0.000000000000000000e+00
1.000000000000000000e+00,6.018108367919921875e+01,2.475439834594726562e+01,1.019999980926513672e+01,2.000000000000000000e+00,-1.124216759367135110e-01,8.875395468687907741e-01,-1.384032828248895897e-01,8.615604355849376672e-01,2.307106704201414803e-03,2.405094021602066472e-03,9.601514371376053096e-09,0.000000000000000000e+00
1.000000000000000000e+00,6.018095397949218750e+01,2.475677680969238281e+01,1.019999980926513672e+01,2.000000000000000000e+00,-5.170896498936605745e-02,9.482511667902864261e-01,-1.124216759367135110e-01,8.875395468687907741e-01,2.381997439301912836e-03,2.307106704201414803e-03,5.608622203892967864e-09,0.000000000000000000e+00
1.000000000000000000e+00,6.018079376220703125e+01,2.475860404968261719e+01,1.019999980926513672e+01,2.000000000000000000e+00,-8.061014751122665134e-02,9.193395394732754022e-01,-5.170896498936605745e-02,9.482511667902864261e-01,1.834250680897940404e-03,2.381997439301912836e-03,3.000265113420597670e-07,0.000000000000000000e+00
1.000000000000000000e+00,6.018090057373046875e+01,2.475928306579589844e+01,1.019999980926513672e+01,2.000000000000000000e+00,1.359050355875490168e-01,8.639677262351329601e-01,-8.061014751122665134e-02,9.193395394732754022e-01,6.873656840682512660e-04,1.834250680897940404e-03,1.315345195953035808e-06,0.000000000000000000e+00
1.000000000000000000e+00,6.018094253540039062e+01,2.475924110412597656e+01,1.019999980926513672e+01,2.000000000000000000e+00,4.994049272488694236e-01,-4.994049272488694236e-01,1.359050355875490168e-01,8.639677262351329601e-01,5.934276270333879488e-05,6.873656840682512660e-04,3.944127897597189928e-07,0.000000000000000000e+00
1.000000000000000000e+00,6.018081283569335938e+01,2.476049995422363281e+01,1.021666622161865234e+01,2.000000000000000000e+00,-9.339986697397581472e-02,9.065281206297652883e-01,4.994049272488694236e-01,-4.994049272488694236e-01,1.265513959770156807e-03,5.934276270333879488e-05,1.454848956633600714e-06,0.000000000000000000e+00
1.000000000000000000e+00,6.018120956420898438e+01,2.476285362243652344e+01,1.021666622161865234e+01,2.000000000000000000e+00,1.442388611162263024e-01,8.557247818145348184e-01,-9.339986697397581472e-02,9.065281206297652883e-01,2.386869827091909948e-03,1.265513959770156807e-03,1.257438981176921332e-06,0.000000000000000000e+00
1.000000000000000000e+00,6.018185043334960938e+01,2.476579475402832031e+01,1.021666622161865234e+01,2.000000000000000000e+00,1.789087433595719645e-01,8.210633400608927657e-01,1.442388611162263024e-01,8.557247818145348184e-01,3.010144231705691280e-03,2.386869827091909948e-03,3.884709834466636104e-07,0.000000000000000000e+00
1.000000000000000000e+00,6.018265914916992188e+01,2.476790046691894531e+01,1.021666622161865234e+01,2.000000000000000000e+00,2.774773901789305275e-01,7.224882989564606062e-01,1.789087433595719645e-01,8.210633400608927657e-01,2.255670201019646659e-03,3.010144231705691280e-03,5.692310629796465531e-07,0.000000000000000000e+00
1.000000000000000000e+00,6.018367004394531250e+01,2.477047920227050781e+01,1.021666622161865234e+01,2.000000000000000000e+00,2.816074578421436381e-01,7.183646849105248533e-01,2.774773901789305275e-01,7.224882989564606062e-01,2.769798595622113661e-03,2.255670201019646659e-03,2.643280061365100051e-07,0.000000000000000000e+00
1.000000000000000000e+00,6.018453216552734375e+01,2.477282524108886719e+01,1.021666622161865234e+01,2.000000000000000000e+00,2.687193289940809082e-01,7.312495014661936077e-01,2.816074578421436381e-01,7.183646849105248533e-01,2.499430286976037519e-03,2.769798595622113661e-03,7.309902232013988630e-08,0.000000000000000000e+00
1.000000000000000000e+00,6.018466949462890625e+01,2.477460861206054688e+01,1.023333358764648438e+01,2.000000000000000000e+00,7.149578109433184225e-02,9.284521572666704081e-01,2.687193289940809082e-01,7.312495014661936077e-01,1.788650693893504857e-03,2.499430286976037519e-03,5.052076299425707305e-07,0.000000000000000000e+00
1.000000000000000000e+00,6.018451309204101562e+01,2.477630233764648438e+01,1.023333358764648438e+01,2.000000000000000000e+00,-8.453151351977729322e-02,9.154144390922224206e-01,7.149578109433184225e-02,9.284521572666704081e-01,1.700931547699146163e-03,1.788650693893504857e-03,7.694648609067273528e-09,0.000000000000000000e+00
1.000000000000000000e+00,6.018355178833007812e+01,2.477734756469726562e+01,1.023333358764648438e+01,2.000000000000000000e+00,-4.790635772542974347e-01,5.208865879669741794e-01,-8.453151351977729322e-02,9.154144390922224206e-01,1.420071974354496789e-03,1.700931547699146163e-03,7.888209993933847484e-08,0.000000000000000000e+00
1.000000000000000000e+00,6.018236923217773438e+01,2.477861022949218750e+01,1.023333358764648438e+01,2.000000000000000000e+00,-4.835995674375965225e-01,5.163595381349821434e-01,-4.790635772542974347e-01,5.208865879669741794e-01,1.729959952652417553e-03,1.420071974354496789e-03,9.603055909357261293e-08,0.000000000000000000e+00
1.000000000000000000e+00,6.018161773681640625e+01,2.477963256835937500e+01,1.023333358764648438e+01,2.000000000000000000e+00,-4.236320316999316327e-01,5.763115964242724321e-01,-4.835995674375965225e-01,5.163595381349821434e-01,1.268827032128457596e-03,1.729959952652417553e-03,2.126435703909567753e-07,0.000000000000000000e+00
1.000000000000000000e+00,6.018203353881835938e+01,2.478177833557128906e+01,1.023333358764648438e+01,2.000000000000000000e+00,1.623168204943273851e-01,8.376441424592583340e-01,-4.236320316999316327e-01,5.763115964242724321e-01,2.185682555302502321e-03,1.268827032128457596e-03,8.406240503747512449e-07,0.000000000000000000e+00
1.000000000000000000e+00,6.018243026733398438e+01,2.478358078002929688e+01,1.025000000000000000e+01,2.000000000000000000e+00,1.803907565733753604e-01,8.195637738549985674e-01,1.623168204943273851e-01,8.376441424592583340e-01,1.845589211962697955e-03,2.185682555302502321e-03,1.156634821840460547e-07,0.000000000000000000e+00
1.000000000000000000e+00,6.018288803100585938e+01,2.478596878051757812e+01,1.025000000000000000e+01,2.000000000000000000e+00,1.608522565075161115e-01,8.391126047808756816e-01,1.803907565733753604e-01,8.195637738549985674e-01,2.431479778102209680e-03,1.845589211962697955e-03,3.432677554912775593e-07,0.000000000000000000e+00
1.000000000000000000e+00,6.018312072753906250e+01,2.478817367553710938e+01,1.025000000000000000e+01,2.000000000000000000e+00,9.545774277394027119e-02,9.045012348088110610e-01,1.608522565075161115e-01,8.391126047808756816e-01,2.217139987397833117e-03,2.431479778102209680e-03,4.594154587919595220e-08,0.000000000000000000e+00
1.000000000000000000e+00,6.018299102783203125e+01,2.479056930541992188e+01,1.025000000000000000e+01,2.000000000000000000e+00,-5.135748292205391530e-02,9.486029198544075891e-01,9.545774277394027119e-02,9.045012348088110610e-01,2.399138293101967922e-03,2.217139987397833117e-03,3.312338327917570455e-08,0.000000000000000000e+00
1.000000000000000000e+00,6.018278121948242188e+01,2.479260635375976562e+01,1.025000000000000000e+01,2.000000000000000000e+00,-9.337445202846307579e-02,9.065810433308959526e-01,-5.135748292205391530e-02,9.486029198544075891e-01,2.047824573157082731e-03,2.399138293101967922e-03,1.234213298215132271e-07,0.000000000000000000e+00
1.000000000000000000e+00,6.018268966674804688e+01,2.479482078552246094e+01,1.025000000000000000e+01,2.000000000000000000e+00,-3.970051162102260223e-02,9.602561248334842148e-01,-9.337445202846307579e-02,9.065810433308959526e-01,2.216323517631261283e-03,2.047824573157082731e-03,2.839189428891230707e-08,0.000000000000000000e+00
1.000000000000000000e+00,6.018304061889648438e+01,2.479693031311035156e+01,1.026666641235351562e+01,2.000000000000000000e+00,1.426298620833231223e-01,8.573294970878009291e-01,-3.970051162102260223e-02,9.602561248334842148e-01,2.138521464602245997e-03,2.216323517631261283e-03,6.053159455529706575e-09,0.000000000000000000e+00
1.000000000000000000e+00,6.018340301513671875e+01,2.479796600341796875e+01,1.026666641235351562e+01,2.000000000000000000e+00,2.591901923182059475e-01,7.407382864672938938e-01,1.426298620833231223e-01,8.573294970878009291e-01,1.097262707025165951e-03,2.138521464602245997e-03,1.084219800230964252e-06,0.000000000000000000e+00
1.000000000000000000e+00,6.018350219726562500e+01,2.479831314086914062e+01,1.026666641235351562e+01,2.000000000000000000e+00,2.221724434418687055e-01,7.776035520465404138e-01,2.591901923182059475e-01,7.407382864672938938e-01,3.610283987451429156e-04,1.097262707025165951e-03,5.420409566885639640e-07,0.000000000000000000e+00
1.000000000000000000e+00,6.018393325805664062e+01,2.479962539672851562e+01,1.026666641235351562e+01,2.000000000000000000e+00,2.472505874708967044e-01,7.526920538937033056e-01,2.221724434418687055e-01,7.776035520465404138e-01,1.381241776813544112e-03,3.610283987451429156e-04,1.040835336789738279e-06,0.000000000000000000e+00
1.000000000000000000e+00,6.018434524536132812e+01,2.480117988586425781e+01,1.026666641235351562e+01,2.000000000000000000e+00,2.094946813242015704e-01,7.904544688852975787e-01,2.472505874708967044e-01,7.526920538937033056e-01,1.608157334455856055e-03,1.381241776813544112e-03,5.149067030012139712e-08,0.000000000000000000e+00
1.000000000000000000e+00,6.018470001220703125e+01,2.480309295654296875e+01,1.026666641235351562e+01,2.000000000000000000e+00,1.564270805011621912e-01,8.435288265734712798e-01,2.094946813242015704e-01,7.904544688852975787e-01,1.945687265866144185e-03,1.608157334455856055e-03,1.139264545978338057e-07,0.000000000000000000e+00
1.000000000000000000e+00,6.018479919433593750e+01,2.480501937866210938e+01,1.028333377838134766e+01,2.000000000000000000e+00,4.896180131027445120e-02,9.509888331418692164e-01,1.564270805011621912e-01,8.435288265734712798e-01,1.928973632740642926e-03,1.945687265866144185e-03,2.793455322538529956e-10,0.000000000000000000e+00
1.000000000000000000e+00,6.018486022949218750e+01,2.480660247802734375e+01,1.028333377838134766e+01,2.000000000000000000e+00,3.712071207147441682e-02,9.628184693538676120e-01,4.896180131027445120e-02,9.509888331418692164e-01,1.584275509658576633e-03,1.928973632740642926e-03,1.188167960562993276e-07,0.000000000000000000e+00
1.000000000000000000e+00,6.018496704101562500e+01,2.480751228332519531e+01,1.028333377838134766e+01,2.000000000000000000e+00,1.050553322232606612e-01,8.948463119731309146e-01,3.712071207147441682e-02,9.628184693538676120e-01,9.160537001387036382e-04,1.584275509658576633e-03,4.465203867180134460e-07,0.000000000000000000e+00
1.000000000000000000e+00,6.018543243408203125e+01,2.480896568298339844e+01,1.028333377838134766e+01,2.000000000000000000e+00,2.425320917827697154e-01,7.574157948297972620e-01,1.050553322232606612e-01,8.948463119731309146e-01,1.526093467885887003e-03,9.160537001387036382e-04,3.721485182330374295e-07,0.000000000000000000e+00
1.000000000000000000e+00,6.018573379516601562e+01,2.480970573425292969e+01,1.028333377838134766e+01,2.000000000000000000e+00,2.893495050415202940e-01,7.105544807348725955e-01,2.425320917827697154e-01,7.574157948297972620e-01,7.990584362079236830e-04,1.526093467885887003e-03,5.285799372869771668e-07,0.000000000000000000e+00
1.000000000000000000e+00,6.018569183349609375e+01,2.480982780456542969e+01,1.028333377838134766e+01,2.000000000000000000e+00,-2.556580948009221088e-01,7.437326394208643165e-01,2.893495050415202940e-01,7.105544807348725955e-01,1.290811486487474923e-04,7.990584362079236830e-04,4.488695658451510838e-07,0.000000000000000000e+00
1.000000000000000000e+00,6.018569946289062500e+01,2.480976486206054688e+01,1.030000019073486328e+01,2.000000000000000000e+00,1.079551362635639139e-01,-8.906298741744023140e-01,-2.556580948009221088e-01,7.437326394208643165e-01,6.340320640027870692e-05,1.290811486487474923e-04,4.313592097993200730e-09,0.000000000000000000e+00
1.000000000000000000e+00,6.018562316894531250e+01,2.480967140197753906e+01,1.030000019073486328e+01,2.000000000000000000e+00,-4.491735996312320456e-01,-5.502376595482593169e-01,1.079551362635639139e-01,-8.906298741744023140e-01,1.206463974065282411e-04,6.340320640027870692e-05,3.276782916577967569e-09,0.000000000000000000e+00
1.000000000000000000e+00,6.018587493896484375e+01,2.481036758422851562e+01,1.030000019073486328e+01,2.000000000000000000e+00,2.655655467144153459e-01,7.343289738694060986e-01,-4.491735996312320456e-01,-5.502376595482593169e-01,7.403093065128651951e-04,1.206463974065282411e-04,3.839821209221284420e-07,0.000000000000000000e+00
1.000000000000000000e+00,6.018610763549804688e+01,2.481092643737792969e+01,1.030000019073486328e+01,2.000000000000000000e+00,2.939387690194381619e-01,7.059349124811097331e-01,2.655655467144153459e-01,7.343289738694060986e-01,6.053631300093932632e-04,7.403093065128651951e-04,1.821047055290619905e-08,0.000000000000000000e+00
1.000000000000000000e+00,6.018635177612304688e+01,2.481243515014648438e+01,1.030000019073486328e+01,2.000000000000000000e+00,1.392738825217280096e-01,8.606690708959910951e-01,2.939387690194381619e-01,7.059349124811097331e-01,1.528338595591742771e-03,6.053631300093932632e-04,8.518837100669548181e-07,0.000000000000000000e+00
1.000000000000000000e+00,6.018729782104492188e+01,2.481362915039062500e+01,1.030000019073486328e+01,2.000000000000000000e+00,4.420470802157226431e-01,5.579061939819403015e-01,1.392738825217280096e-01,8.606690708959910951e-01,1.523363901769156110e-03,1.528338595591742771e-03,2.474757862848188337e-11,0.000000000000000000e+00
1.000000000000000000e+00,6.018688583374023438e+01,2.481593322753906250e+01,1.031666660308837891e+01,2.000000000000000000e+00,-1.516798087146382645e-01,8.482833746633472449e-01,4.420470802157226431e-01,5.579061939819403015e-01,2.340620653838539587e-03,1.523363901769156110e-03,6.679085988029977687e-07,0.000000000000000000e+00
1.000000000000000000e+00,6.018679046630859375e+01,2.481865119934082031e+01,1.031666660308837891e+01,2.000000000000000000e+00,-3.389710021404223478e-02,9.660673561002037779e-01,-1.516798087146382645e-01,8.482833746633472449e-01,2.719644399947967334e-03,2.340620653838539587e-03,1.436590001148239480e-07,0.000000000000000000e+00
1.000000000000000000e+00,6.018679428100585938e+01,2.482036209106445312e+01,1.031666660308837891e+01,2.000000000000000000e+00,2.224564370144105092e-03,9.977171200096311976e-01,-3.389710021404223478e-02,9.660673561002037779e-01,1.710895976355805270e-03,2.719644399947967334e-03,1.017573382099672073e-06,0.000000000000000000e+00
1.000000000000000000e+00,6.018748855590820312e+01,2.482040023803710938e+01,1.031666660308837891e+01,2.000000000000000000e+00,9.477872621124796559e-01,5.207622319299338998e-02,2.224564370144105092e-03,9.977171200096311976e-01,6.953221063271757506e-04,1.710895976355805270e-03,1.031390285484927634e-06,0.000000000000000000e+00
1.000000000000000000e+00,6.018756866455078125e+01,2.482119369506835938e+01,1.031666660308837891e+01,2.000000000000000000e+00,9.169256041285726855e-02,9.081929793273482154e-01,9.477872621124796559e-01,5.207622319299338998e-02,7.974907241189538006e-04,6.953221063271757506e-04,1.043842646148242662e-08,0.000000000000000000e+00
1.000000000000000000e+00,6.018759155273437500e+01,2.482114982604980469e+01,1.031666660308837891e+01,2.000000000000000000e+00,3.423443227991094240e-01,-6.561599520316263590e-01,9.169256041285726855e-02,9.081929793273482154e-01,4.948090275220049509e-05,7.974907241189538006e-04,5.595186928611221129e-07,0.000000000000000000e+00
1.000000000000000000e+00,6.018761825561523438e+01,2.482110595703125000e+01,1.033333301544189453e+01,2.000000000000000000e+00,3.778429769224737056e-01,-6.207420335154925084e-01,3.423443227991094240e-01,-6.561599520316263590e-01,5.135693366178993146e-05,4.948090275220049509e-05,3.519491973734968122e-12,0.000000000000000000e+00
1.000000000000000000e+00,6.018760299682617188e+01,2.482127952575683594e+01,1.033333301544189453e+01,2.000000000000000000e+00,-8.076530880583515648e-02,9.187053876663748841e-01,3.778429769224737056e-01,-6.207420335154925084e-01,1.742381506593212895e-04,5.135693366178993146e-05,1.509979349079438793e-08,0.000000000000000000e+00
1.000000000000000000e+00,6.018761825561523438e+01,2.482129287719726562e+01,1.033333301544189453e+01,2.000000000000000000e+00,5.314756911522477978e-01,4.650412297582168231e-01,-8.076530880583515648e-02,9.187053876663748841e-01,2.027539408251695629e-05,1.742381506593212895e-04,2.370453041272830325e-08,0.000000000000000000e+00
1.000000000000000000e+00,6.018759918212890625e+01,2.482133483886718750e+01,1.033333301544189453e+01,2.000000000000000000e+00,-3.119888374886585769e-01,6.863754424750488914e-01,5.314756911522477978e-01,4.650412297582168231e-01,4.609316243589238102e-05,2.027539408251695629e-05,6.665571627485535539e-10,0.000000000000000000e+00
1.000000000000000000e+00,6.018752670288085938e+01,2.482146072387695312e+01,1.033333301544189453e+01,2.000000000000000000e+00,-3.652005093801327651e-01,6.342956215549674370e-01,-3.119888374886585769e-01,6.863754424750488914e-01,1.452593442127973300e-04,4.609316243589238102e-05,9.833931608210154979e-09,0.000000000000000000e+00
1.000000000000000000e+00,6.018752670288085938e+01,2.482145309448242188e+01,1.033333301544189453e+01,2.000000000000000000e+00,0.000000000000000000e+00,-9.870623760249654932e-01,-3.652005093801327651e-01,6.342956215549674370e-01,7.629394531250000000e-06,1.452593442127973300e-04,1.894200304934525044e-08,0.000000000000000000e+00
1.000000000000000000e+00,6.018741989135742188e+01,2.482109260559082031e+01,1.035000038146972656e+01,2.000000000000000000e+00,-2.285225258701863438e-01,-7.712635248118789866e-01,0.000000000000000000e+00,-9.870623760249654932e-01,3.759799762050669504e-04,7.629394531250000000e-06,1.356821510194393023e-07,0.000000000000000000e+00
1.000000000000000000e+00,6.018717575073242188e+01,2.482113647460937500e+01,1.035000038146972656e+01,2.000000000000000000e+00,-8.473878971484634093e-01,1.522650127688645327e-01,-2.285225258701863438e-01,-7.712635248118789866e-01,2.480506713644253553e-04,3.759799762050669504e-04,1.636590703700980355e-08,0.000000000000000000e+00
1.000000000000000000e+00,6.018710327148437500e+01,2.482115936279296875e+01,1.035000038146972656e+01,2.000000000000000000e+00,-7.592039169935346221e-01,2.397486053663793470e-01,-8.473878971484634093e-01,1.522650127688645327e-01,7.600730455463896023e-05,2.480506713644253553e-04,2.959892006324671621e-08,0.000000000000000000e+00
1.000000000000000000e+00,6.018695068359375000e+01,2.482191276550292969e+01,1.035000038146972656e+01,2.000000000000000000e+00,-1.684024649701991172e-01,8.314871707903580544e-01,-7.592039169935346221e-01,2.397486053663793470e-01,7.686993610911040326e-04,7.600730455463896023e-05,4.798222851887172416e-07,0.000000000000000000e+00
1.000000000000000000e+00,6.018688964843750000e+01,2.482181549072265625e+01,1.035000038146972656e+01,2.000000000000000000e+00,-3.852987861084684051e-01,-6.140699403603714357e-01,-1.684024649701991172e-01,8.314871707903580544e-01,1.148375947837094790e-04,7.686993610911040326e-04,4.275352094386258079e-07,0.000000000000000000e+00
1.000000000000000000e+00,6.018687438964843750e+01,2.482183265686035156e+01,1.036666679382324219e+01,2.000000000000000000e+00,-4.691413811972637848e-01,5.277840538469217302e-01,-3.852987861084684051e-01,-6.140699403603714357e-01,2.296751895674189716e-05,1.148375947837094790e-04,8.440110832452774048e-09,0.000000000000000000e+00
1.000000000000000000e+00,6.018685913085937500e+01,2.482179641723632812e+01,1.036666679382324219e+01,2.000000000000000000e+00,-2.957220610076977674e-01,-7.023398948932821906e-01,-4.691413811972637848e-01,5.277840538469217302e-01,3.932099938981686366e-05,2.296751895674189716e-05,2.674363222749657884e-10,0.000000000000000000e+00
1.000000000000000000e+00,6.018685913085937500e+01,2.482178878784179688e+01,1.036666679382324219e+01,2.000000000000000000e+00,0.000000000000000000e+00,-9.870623760249654932e-01,-2.957220610076977674e-01,-7.023398948932821906e-01,7.629394531250000000e-06,3.932099938981686366e-05,1.004357818511538782e-09,0.000000000000000000e+00
1.000000000000000000e+00,6.018686294555664062e+01,2.482180595397949219e+01,1.036666679382324219e+01,2.000000000000000000e+00,1.809557008863065530e-01,8.143006539883794748e-01,0.000000000000000000e+00,-9.870623760249654932e-01,1.758488551577165046e-05,7.629394531250000000e-06,9.911180074289186397e-11,0.000000000000000000e+00
1.000000000000000000e+00,6.018687057495117188e+01,2.482181167602539062e+01,1.036666679382324219e+01,2.000000000000000000e+00,5.671804868132804822e-01,4.253853651099603894e-01,1.809557008863065530e-01,8.143006539883794748e-01,9.536743164062500000e-06,1.758488551577165046e-05,6.477259531337449773e-11,0.000000000000000000e+00
1.000000000000000000e+00,6.018686676025390625e+01,2.482188224792480469e+01,1.036666679382324219e+01,2.000000000000000000e+00,-5.121320392753651168e-02,9.474442726594254349e-01,5.671804868132804822e-01,4.253853651099603894e-01,7.067492413959085577e-05,9.536743164062500000e-06,3.737877172996457145e-09,0.000000000000000000e+00
1.000000000000000000e+00,6.018686676025390625e+01,2.482188034057617188e+01,1.038333320617675781e+01,2.000000000000000000e+00,0.000000000000000000e+00,-9.501830432614539745e-01,-5.121320392753651168e-02,9.474442726594254349e-01,1.907348632812500000e-06,7.067492413959085577e-05,4.728979441080462414e-09,0.000000000000000000e+00
1.000000000000000000e+00,6.018733215332031250e+01,2.482156372070312500e+01,1.118333339691162109e+01,2.000000000000000000e+00,0.000000000000000000e+00,0.000000000000000000e+00,0.000000000000000000e+00,-9.501830432614539745e-01,0.000000000000000000e+00,1.907348632812500000e-06,3.637978807091712952e-12,0.000000000000000000e+00
1.000000000000000000e+00,6.018736267089843750e+01,2.482158470153808594e+01,1.118333339691162109e+01,2.000000000000000000e+00,5.914441220153955348e-01,4.066178338855844232e-01,0.000000000000000000e+00,0.000000000000000000e+00,3.703401153363723649e-05,0.000000000000000000e+00,1.371518010273575783e-09,0.000000000000000000e+00
1.000000000000000000e+00,6.018687438964843750e+01,2.482179450988769531e+01,1.119999980926513672e+01,2.000000000000000000e+00,-6.993533708797509130e-01,3.005034015498929678e-01,5.914441220153955348e-01,4.066178338855844232e-01,5.314490781508348976e-04,3.703401153363723649e-05,2.444462580980879772e-07,0.000000000000000000e+00
1.000000000000000000e+00,6.018687438964843750e+01,2.482179450988769531e+01,1.119999980926513672e+01,2.000000000000000000e+00,0.000000000000000000e+00,0.000000000000000000e+00,-6.993533708797509130e-01,3.005034015498929678e-01,0.000000000000000000e+00,5.314490781508348976e-04,2.824381226673722267e-07,0.000000000000000000e+00
1.000000000000000000e+00,6.018687057495117188e+01,2.482179450988769531e+01,1.119999980926513672e+01,2.000000000000000000e+00,-9.744552405423272390e-01,0.000000000000000000e+00,0.000000000000000000e+00,0.000000000000000000e+00,3.814697265625000000e-06,0.000000000000000000e+00,1.455191522836685181e-11,0.000000000000000000e+00
1.000000000000000000e+00,6.018687057495117188e+01,2.482179450988769531e+01,1.119999980926513672e+01,2.000000000000000000e+00,0.000000000000000000e+00,0.000000000000000000e+00,-9.744552405423272390e-01,0.000000000000000000e+00,0.000000000000000000e+00,3.814697265625000000e-06,1.455191522836685181e-11,0.000000000000000000e+00
1.000000000000000000e+00,6.018687057495117188e+01,2.482179450988769531e+01,1.119999980926513672e+01,2.000000000000000000e+00,0.000000000000000000e+00,0.000000000000000000e+00,0.000000000000000000e+00,0.000000000000000000e+00,0.000000000000000000e+00,0.000000000000000000e+00,0.000000000000000000e+00,0.000000000000000000e+00
1.000000000000000000e+00,6.018687057495117188e+01,2.482179450988769531e+01,1.119999980926513672e+01,2.000000000000000000e+00,0.000000000000000000e+00,0.000000000000000000e+00,0.000000000000000000e+00,0.000000000000000000e+00,0.000000000000000000e+00,0.000000000000000000e+00,0.000000000000000000e+00,0.000000000000000000e+00
1.000000000000000000e+00,6.018687057495117188e+01,2.482179450988769531e+01,1.121666622161865234e+01,2.000000000000000000e+00,0.000000000000000000e+00,0.000000000000000000e+00,0.000000000000000000e+00,0.000000000000000000e+00,0.000000000000000000e+00,0.000000000000000000e+00,0.000000000000000000e+00,0.000000000000000000e+00
1.000000000000000000e+00,6.018687057495117188e+01,2.482179450988769531e+01,1.121666622161865234e+01,2.000000000000000000e+00,0.000000000000000000e+00,0.000000000000000000e+00,0.000000000000000000e+00,0.000000000000000000e+00,0.000000000000000000e+00,0.000000000000000000e+00,0.000000000000000000e+00,0.000000000000000000e+00
1.000000000000000000e+00,6.018687057495117188e+01,2.482179450988769531e+01,1.121666622161865234e+01,2.000000000000000000e+00,0.000000000000000000e+00,0.000000000000000000e+00,0.000000000000000000e+00,0.000000000000000000e+00,0.000000000000000000e+00,0.000000000000000000e+00,0.000000000000000000e+00,0.000000000000000000e+00
1.000000000000000000e+00,6.018732070922851562e+01,2.482144546508789062e+01,1.121666622161865234e+01,2.000000000000000000e+00,5.631753541574987532e-01,-4.366995330967045064e-01,0.000000000000000000e+00,0.000000000000000000e+00,5.696078825915898425e-04,0.000000000000000000e+00,3.244531399104744196e-07,0.000000000000000000e+00
1.000000000000000000e+00,6.018732833862304688e+01,2.482148170471191406e+01,1.121666622161865234e+01,2.000000000000000000e+00,1.735175080553767735e-01,8.242081632630396948e-01,5.631753541574987532e-01,-4.366995330967045064e-01,3.703401153363723649e-05,5.696078825915898425e-04,2.836349281336527351e-07,0.000000000000000000e+00
1.000000000000000000e+00,6.018732452392578125e+01,2.482146453857421875e+01,1.121666622161865234e+01,2.000000000000000000e+00,-1.809557008863065530e-01,-8.143006539883794748e-01,1.735175080553767735e-01,8.242081632630396948e-01,1.758488551577165046e-05,3.703401153363723649e-05,3.782685028588160874e-10,0.000000000000000000e+00
1.000000000000000000e+00,6.018687057495117188e+01,2.482179641723632812e+01,1.123333358764648438e+01,2.000000000000000000e+00,-5.775964012470833353e-01,4.222763605755986971e-01,-1.809557008863065530e-01,-8.143006539883794748e-01,5.623283008282720834e-04,1.758488551577165046e-05,2.967453885263273269e-07,0.000000000000000000e+00
1.000000000000000000e+00,6.018687057495117188e+01,2.482179641723632812e+01,1.123333358764648438e+01,2.000000000000000000e+00,0.000000000000000000e+00,0.000000000000000000e+00,-5.775964012470833353e-01,4.222763605755986971e-01,0.000000000000000000e+00,5.623283008282720834e-04,3.162131179124116898e-07,0.000000000000000000e+00
1.000000000000000000e+00,6.018687057495117188e+01,2.482179641723632812e+01,1.123333358764648438e+01,2.000000000000000000e+00,0.000000000000000000e+00,0.000000000000000000e+00,0.000000000000000000e+00,0.000000000000000000e+00,0.000000000000000000e+00,0.000000000000000000e+00,0.000000000000000000e+00,0.000000000000000000e+00
1.000000000000000000e+00,6.018687057495117188e+01,2.482179641723632812e+01,1.123333358764648438e+01,2.000000000000000000e+00,0.000000000000000000e+00,0.000000000000000000e+00,0.000000000000000000e+00,0.000000000000000000e+00,0.000000000000000000e+00,0.000000000000000000e+00,0.000000000000000000e+00,0.000000000000000000e+00
1.000000000000000000e+00,6.018687057495117188e+01,2.482179641723632812e+01,1.123333358764648438e+01,2.000000000000000000e+00,0.000000000000000000e+00,0.000000000000000000e+00,0.000000000000000000e+00,0.000000000000000000e+00,0.000000000000000000e+00,0.000000000000000000e+00,0.000000000000000000e+00,0.000000000000000000e+00
1.000000000000000000e+00,6.018687057495117188e+01,2.482179641723632812e+01,1.123333358764648438e+01,2.000000000000000000e+00,0.000000000000000000e+00,0.000000000000000000e+00,0.000000000000000000e+00,0.000000000000000000e+00,0.000000000000000000e+00,0.000000000000000000e+00,0.000000000000000000e+00,0.000000000000000000e+00
1.000000000000000000e+00,6.018687057495117188e+01,2.482179641723632812e+01,1.125000000000000000e+01,2.000000000000000000e+00,0.000000000000000000e+00,0.000000000000000000e+00,0.000000000000000000e+00,0.000000000000000000e+00,0.000000000000000000e+00,0.000000000000000000e+00,0.000000000000000000e+00,0.000000000000000000e+00
1.000000000000000000e+00,6.018687057495117188e+01,2.482179641723632812e+01,1.125000000000000000e+01,2.000000000000000000e+00,0.000000000000000000e+00,0.000000000000000000e+00,0.000000000000000000e+00,0.000000000000000000e+00,0.000000000000000000e+00,0.000000000000000000e+00,0.000000000000000000e+00,0.000000000000000000e+00
1.000000000000000000e+00,6.018687057495117188e+01,2.482179641723632812e+01,1.125000000000000000e+01,2.000000000000000000e+00,0.000000000000000000e+00,0.000000000000000000e+00,0.000000000000000000e+00,0.000000000000000000e+00,0.000000000000000000e+00,0.000000000000000000e+00,0.000000000000000000e+00,0.000000000000000000e+00
1.000000000000000000e+00,6.018687057495117188e+01,2.482179641723632812e+01,1.125000000000000000e+01,2.000000000000000000e+00,0.000000000000000000e+00,0.000000000000000000e+00,0.000000000000000000e+00,0.000000000000000000e+00,0.000000000000000000e+00,0.000000000000000000e+00,0.000000000000000000e+00,0.000000000000000000e+00
1.000000000000000000e+00,6.018719863891601562e+01,2.482149887084960938e+01,1.211666679382324219e+01,2.000000000000000000e+00,0.000000000000000000e+00,0.000000000000000000e+00,0.000000000000000000e+00,0.000000000000000000e+00,0.000000000000000000e+00,0.000000000000000000e+00,0.000000000000000000e+00,0.000000000000000000e+00
1.000000000000000000e+00,6.018687057495117188e+01,2.482178878784179688e+01,1.211666679382324219e+01,2.000000000000000000e+00,-5.307783084266147755e-01,4.690599004700316543e-01,0.000000000000000000e+00,0.000000000000000000e+00,4.378102641419547394e-04,0.000000000000000000e+00,1.916778273880481720e-07,0.000000000000000000e+00
1.000000000000000000e+00,6.018687057495117188e+01,2.482178878784179688e+01,1.213333320617675781e+01,2.000000000000000000e+00,0.000000000000000000e+00,0.000000000000000000e+00,-5.307783084266147755e-01,4.690599004700316543e-01,0.000000000000000000e+00,4.378102641419547394e-04,1.916778273880481720e-07,0.000000000000000000e+00
1.000000000000000000e+00,6.018687057495117188e+01,2.482178878784179688e+01,1.213333320617675781e+01,2.000000000000000000e+00,0.000000000000000000e+00,0.000000000000000000e+00,0.000000000000000000e+00,0.000000000000000000e+00,0.000000000000000000e+00,0.000000000000000000e+00,0.000000000000000000e+00,0.000000000000000000e+00
1.000000000000000000e+00,6.018687057495117188e+01,2.482178878784179688e+01,1.213333320617675781e+01,2.000000000000000000e+00,0.000000000000000000e+00,0.000000000000000000e+00,0.000000000000000000e+00,0.000000000000000000e+00,0.000000000000000000e+00,0.000000000000000000e+00,0.000000000000000000e+00,0.000000000000000000e+00
1.000000000000000000e+00,6.018687057495117188e+01,2.482178878784179688e+01,1.213333320617675781e+01,2.000000000000000000e+00,0.000000000000000000e+00,0.000000000000000000e+00,0.000000000000000000e+00,0.000000000000000000e+00,0.000000000000000000e+00,0.000000000000000000e+00,0.000000000000000000e+00,0.000000000000000000e+00
1.000000000000000000e+00,6.018687057495117188e+01,2.482178878784179688e+01,1.213333320617675781e+01,2.000000000000000000e+00,0.000000000000000000e+00,0.000000000000000000e+00,0.000000000000000000e+00,0.000000000000000000e+00,0.000000000000000000e+00,0.000000000000000000e+00,0.000000000000000000e+00,0.000000000000000000e+00
1.000000000000000000e+00,6.018687057495117188e+01,2.482178878784179688e+01,1.213333320617675781e+01,2.000000000000000000e+00,0.000000000000000000e+00,0.000000000000000000e+00,0.000000000000000000e+00,0.000000000000000000e+00,0.000000000000000000e+00,0.000000000000000000e+00,0.000000000000000000e+00,0.000000000000000000e+00
1.000000000000000000e+00,6.018687057495117188e+01,2.482178878784179688e+01,1.214999961853027344e+01,2.000000000000000000e+00,0.000000000000000000e+00,0.000000000000000000e+00,0.000000000000000000e+00,0.000000000000000000e+00,0.000000000000000000e+00,0.000000000000000000e+00,0.000000000000000000e+00,0.000000000000000000e+00
1.000000000000000000e+00,6.018687057495117188e+01,2.482178878784179688e+01,1.214999961853027344e+01,2.000000000000000000e+00,0.000000000000000000e+00,0.000000000000000000e+00,0.000000000000000000e+00,0.000000000000000000e+00,0.000000000000000000e+00,0.000000000000000000e+00,0.000000000000000000e+00,0.000000000000000000e+00
1.000000000000000000e+00,6.018687057495117188e+01,2.482178878784179688e+01,1.214999961853027344e+01,2.000000000000000000e+00,0.000000000000000000e+00,0.000000000000000000e+00,0.000000000000000000e+00,0.000000000000000000e+00,0.000000000000000000e+00,0.000000000000000000e+00,0.000000000000000000e+00,0.000000000000000000e+00
1.000000000000000000e+00,6.018687057495117188e+01,2.482178878784179688e+01,1.219999980926513672e+01,2.000000000000000000e+00,0.000000000000000000e+00,0.000000000000000000e+00,0.000000000000000000e+00,0.000000000000000000e+00,0.000000000000000000e+00,0.000000000000000000e+00,0.000000000000000000e+00,0.000000000000000000e+00
1.000000000000000000e+00,6.018687057495117188e+01,2.482178878784179688e+01,1.219999980926513672e+01,2.000000000000000000e+00,0.000000000000000000e+00,0.000000000000000000e+00,0.000000000000000000e+00,0.000000000000000000e+00,0.000000000000000000e+00,0.000000000000000000e+00,0.000000000000000000e+00,0.000000000000000000e+00
1.000000000000000000e+00,6.018687057495117188e+01,2.482178878784179688e+01,1.219999980926513672e+01,2.000000000000000000e+00,0.000000000000000000e+00,0.000000000000000000e+00,0.000000000000000000e+00,0.000000000000000000e+00,0.000000000000000000e+00,0.000000000000000000e+00,0.000000000000000000e+00,0.000000000000000000e+00
1.000000000000000000e+00,6.018687057495117188e+01,2.482178878784179688e+01,1.219999980926513672e+01,2.000000000000000000e+00,0.000000000000000000e+00,0.000000000000000000e+00,0.000000000000000000e+00,0.000000000000000000e+00,0.000000000000000000e+00,0.000000000000000000e+00,0.000000000000000000e+00,0.000000000000000000e+00
1.000000000000000000e+00,6.018687057495117188e+01,2.482178688049316406e+01,1.221666622161865234e+01,2.000000000000000000e+00,0.000000000000000000e+00,-9.501830432614539745e-01,0.000000000000000000e+00,0.000000000000000000e+00,1.907348632812500000e-06,0.000000000000000000e+00,3.637978807091712952e-12,0.000000000000000000e+00
1.000000000000000000e+00,6.018687057495117188e+01,2.482178688049316406e+01,1.221666622161865234e+01,2.000000000000000000e+00,0.000000000000000000e+00,0.000000000000000000e+00,0.000000000000000000e+00,-9.501830432614539745e-01,0.000000000000000000e+00,1.907348632812500000e-06,3.637978807091712952e-12,0.000000000000000000e+00
1.000000000000000000e+00,6.018687057495117188e+01,2.482178688049316406e+01,1.221666622161865234e+01,2.000000000000000000e+00,0.000000000000000000e+00,0.000000000000000000e+00,0.000000000000000000e+00,0.000000000000000000e+00,0.000000000000000000e+00,0.000000000000000000e+00,0.000000000000000000e+00,0.000000000000000000e+00
1.000000000000000000e+00,6.018687057495117188e+01,2.482178688049316406e+01,1.221666622161865234e+01,2.000000000000000000e+00,0.000000000000000000e+00,0.000000000000000000e+00,0.000000000000000000e+00,0.000000000000000000e+00,0.000000000000000000e+00,0.000000000000000000e+00,0.000000000000000000e+00,0.000000000000000000e+00
1.000000000000000000e+00,6.018687057495117188e+01,2.482178688049316406e+01,1.221666622161865234e+01,2.000000000000000000e+00,0.000000000000000000e+00,0.000000000000000000e+00,0.000000000000000000e+00,0.000000000000000000e+00,0.000000000000000000e+00,0.000000000000000000e+00,0.000000000000000000e+00,0.000000000000000000e+00
1.000000000000000000e+00,6.018687057495117188e+01,2.482178688049316406e+01,1.221666622161865234e+01,2.000000000000000000e+00,0.000000000000000000e+00,0.000000000000000000e+00,0.000000000000000000e+00,0.000000000000000000e+00,0.000000000000000000e+00,0.000000000000000000e+00,0.000000000000000000e+00,0.000000000000000000e+00
1.000000000000000000e+00,6.018727874755859375e+01,2.482144165039062500e+01,1.228333377838134766e+01,2.000000000000000000e+00,5.417002514072380981e-01,-4.581670350687387372e-01,0.000000000000000000e+00,0.000000000000000000e+00,5.345920885579056583e-04,0.000000000000000000e+00,2.857887011487036414e-07,0.000000000000000000e+00
1.000000000000000000e+00,6.018728637695312500e+01,2.482147789001464844e+01,1.230000019073486328e+01,2.000000000000000000e+00,1.735175080553767735e-01,8.242081632630396948e-01,5.417002514072380981e-01,-4.581670350687387372e-01,3.703401153363723649e-05,5.345920885579056583e-04,2.475640400120878140e-07,0.000000000000000000e+00
1.000000000000000000e+00,6.018730545043945312e+01,2.482143211364746094e+01,1.230000019073486328e+01,2.000000000000000000e+00,2.936648090135643985e-01,-7.047955416325545341e-01,1.735175080553767735e-01,8.242081632630396948e-01,4.959106445312500000e-05,3.703401153363723649e-05,1.576795780228161686e-10,0.000000000000000000e+00
1.000000000000000000e+00,6.018725585937500000e+01,2.482140541076660156e+01,1.230000019073486328e+01,2.000000000000000000e+00,-6.491491472297430398e-01,-3.495418485083231497e-01,2.936648090135643985e-01,-7.047955416325545341e-01,5.632333015530929679e-05,4.959106445312500000e-05,4.532340148480702564e-11,0.000000000000000000e+00
1.000000000000000000e+00,6.018723297119140625e+01,2.482140922546386719e+01,1.230000019073486328e+01,2.000000000000000000e+00,-8.539449066626831897e-01,1.423241511104471890e-01,-6.491491472297430398e-01,-3.495418485083231497e-01,2.320389759177482353e-05,5.632333015530929679e-05,1.096896813330507971e-09,0.000000000000000000e+00
1.000000000000000000e+00,6.018719863891601562e+01,2.482152366638183594e+01,1.230000019073486328e+01,2.000000000000000000e+00,-2.306142201688924087e-01,7.687140672296414179e-01,-8.539449066626831897e-01,1.423241511104471890e-01,1.194798260754838953e-04,2.320389759177482353e-05,9.269054405400264464e-09,0.000000000000000000e+00
1.000000000000000000e+00,6.018719482421875000e+01,2.482142257690429688e+01,1.230000019073486328e+01,2.000000000000000000e+00,-3.632900570592082629e-02,-9.627186512069018098e-01,-2.306142201688924087e-01,7.687140672296414179e-01,1.011614273542489557e-04,1.194798260754838953e-04,3.355637317101418884e-10,0.000000000000000000e+00
1.000000000000000000e+00,6.018725585937500000e+01,2.482152557373046875e+01,1.231666660308837891e+01,2.000000000000000000e+00,3.718663197104321583e-01,6.275244145113542116e-01,-3.632900570592082629e-02,-9.627186512069018098e-01,1.197231660955445502e-04,1.011614273542489557e-04,3.445381451001137620e-10,0.000000000000000000e+00
1.000000000000000000e+00,6.018729782104492188e+01,2.482160949707031250e+01,1.231666660308837891e+01,2.000000000000000000e+00,3.330687515914630414e-01,6.661375031829260829e-01,3.718663197104321583e-01,6.275244145113542116e-01,9.382914639472079413e-05,1.197231660955445502e-04,6.705002562666487569e-10,0.000000000000000000e+00
1.000000000000000000e+00,6.018687057495117188e+01,2.482178688049316406e+01,1.231666660308837891e+01,2.000000000000000000e+00,-7.065077559815874375e-01,2.933268808316412124e-01,3.330687515914630414e-01,6.661375031829260829e-01,4.626057752851449410e-04,9.382914639472079413e-05,1.359962020157856109e-07,0.000000000000000000e+00
1.000000000000000000e+00,6.018687057495117188e+01,2.482178688049316406e+01,1.231666660308837891e+01,2.000000000000000000e+00,0.000000000000000000e+00,0.000000000000000000e+00,-7.065077559815874375e-01,2.933268808316412124e-01,0.000000000000000000e+00,4.626057752851449410e-04,2.140041033271700144e-07,0.000000000000000000e+00
1.000000000000000000e+00,6.018687057495117188e+01,2.482178688049316406e+01,1.233333301544189453e+01,2.000000000000000000e+00,0.000000000000000000e+00,0.000000000000000000e+00,0.000000000000000000e+00,0.000000000000000000e+00,0.000000000000000000e+00,0.000000000000000000e+00,0.000000000000000000e+00,0.000000000000000000e+00
1.000000000000000000e+00,6.018687057495117188e+01,2.482178688049316406e+01,1.233333301544189453e+01,2.000000000000000000e+00,0.000000000000000000e+00,0.000000000000000000e+00,0.000000000000000000e+00,0.000000000000000000e+00,0.000000000000000000e+00,0.000000000000000000e+00,0.000000000000000000e+00,0.000000000000000000e+00
1.000000000000000000e+00,6.018687057495117188e+01,2.482178688049316406e+01,1.233333301544189453e+01,2.000000000000000000e+00,0.000000000000000000e+00,0.000000000000000000e+00,0.000000000000000000e+00,0.000000000000000000e+00,0.000000000000000000e+00,0.000000000000000000e+00,0.000000000000000000e+00,0.000000000000000000e+00
1.000000000000000000e+00,6.018687057495117188e+01,2.482178688049316406e+01,1.233333301544189453e+01,2.000000000000000000e+00,0.000000000000000000e+00,0.000000000000000000e+00,0.000000000000000000e+00,0.000000000000000000e+00,0.000000000000000000e+00,0.000000000000000000e+00,0.000000000000000000e+00,0.000000000000000000e+00
1.000000000000000000e+00,6.018687057495117188e+01,2.482178688049316406e+01,1.233333301544189453e+01,2.000000000000000000e+00,0.000000000000000000e+00,0.000000000000000000e+00,0.000000000000000000e+00,0.000000000000000000e+00,0.000000000000000000e+00,0.000000000000000000e+00,0.000000000000000000e+00,0.000000000000000000e+00
1.000000000000000000e+00,6.018687057495117188e+01,2.482178688049316406e+01,1.233333301544189453e+01,2.000000000000000000e+00,0.000000000000000000e+00,0.000000000000000000e+00,0.000000000000000000e+00,0.000000000000000000e+00,0.000000000000000000e+00,0.000000000000000000e+00,0.000000000000000000e+00,0.000000000000000000e+00
1.000000000000000000e+00,6.018687057495117188e+01,2.482178688049316406e+01,1.235000038146972656e+01,2.000000000000000000e+00,0.000000000000000000e+00,0.000000000000000000e+00,0.000000000000000000e+00,0.000000000000000000e+00,0.000000000000000000e+00,0.000000000000000000e+00,0.000000000000000000e+00,0.000000000000000000e+00
1.000000000000000000e+00,6.018741226196289062e+01,2.482183837890625000e+01,1.239999961853027344e+01,2.000000000000000000e+00,9.130293600202231685e-01,8.680208704417614884e-02,0.000000000000000000e+00,0.000000000000000000e+00,5.441294930576351602e-04,0.000000000000000000e+00,2.960769052151590056e-07,0.000000000000000000e+00
1.000000000000000000e+00,6.018687057495117188e+01,2.482178878784179688e+01,1.239999961853027344e+01,2.000000000000000000e+00,-9.159741179876221828e-01,-8.385678544957105018e-02,9.130293600202231685e-01,8.680208704417614884e-02,5.439522886599367727e-04,5.441294930576351602e-04,3.140139856364827785e-14,0.000000000000000000e+00
1.000000000000000000e+00,6.018687057495117188e+01,2.482178878784179688e+01,1.239999961853027344e+01,2.000000000000000000e+00,0.000000000000000000e+00,0.000000000000000000e+00,-9.159741179876221828e-01,-8.385678544957105018e-02,0.000000000000000000e+00,5.439522886599367727e-04,2.958840923383831978e-07,0.000000000000000000e+00
1.000000000000000000e+00,6.018687057495117188e+01,2.482178878784179688e+01,1.239999961853027344e+01,2.000000000000000000e+00,0.000000000000000000e+00,0.000000000000000000e+00,0.000000000000000000e+00,0.000000000000000000e+00,0.000000000000000000e+00,0.000000000000000000e+00,0.000000000000000000e+00,0.000000000000000000e+00
1.000000000000000000e+00,6.018687057495117188e+01,2.482178878784179688e+01,1.241666698455810547e+01,2.000000000000000000e+00,0.000000000000000000e+00,0.000000000000000000e+00,0.000000000000000000e+00,0.000000000000000000e+00,0.000000000000000000e+00,0.000000000000000000e+00,0.000000000000000000e+00,0.000000000000000000e+00
1.000000000000000000e+00,6.018687057495117188e+01,2.482178878784179688e+01,1.241666698455810547e+01,2.000000000000000000e+00,0.000000000000000000e+00,0.000000000000000000e+00,0.000000000000000000e+00,0.000000000000000000e+00,0.000000000000000000e+00,0.000000000000000000e+00,0.000000000000000000e+00,0.000000000000000000e+00
1.000000000000000000e+00,6.018687057495117188e+01,2.482178878784179688e+01,1.241666698455810547e+01,2.000000000000000000e+00,0.000000000000000000e+00,0.000000000000000000e+00,0.000000000000000000e+00,0.000000000000000000e+00,0.000000000000000000e+00,0.000000000000000000e+00,0.000000000000000000e+00,0.000000000000000000e+00
1.000000000000000000e+00,6.018687057495117188e+01,2.482178878784179688e+01,1.241666698455810547e+01,2.000000000000000000e+00,0.000000000000000000e+00,0.000000000000000000e+00,0.000000000000000000e+00,0.000000000000000000e+00,0.000000000000000000e+00,0.000000000000000000e+00,0.000000000000000000e+00,0.000000000000000000e+00
1.000000000000000000e+00,6.018687057495117188e+01,2.482178878784179688e+01,1.241666698455810547e+01,2.000000000000000000e+00,0.000000000000000000e+00,0.000000000000000000e+00,0.000000000000000000e+00,0.000000000000000000e+00,0.000000000000000000e+00,0.000000000000000000e+00,0.000000000000000000e+00,0.000000000000000000e+00
1.000000000000000000e+00,6.018687057495117188e+01,2.482178878784179688e+01,1.241666698455810547e+01,2.000000000000000000e+00,0.000000000000000000e+00,0.000000000000000000e+00,0.000000000000000000e+00,0.000000000000000000e+00,0.000000000000000000e+00,0.000000000000000000e+00,0.000000000000000000e+00,0.000000000000000000e+00
1.000000000000000000e+00,6.018687057495117188e+01,2.482178878784179688e+01,1.243333339691162109e+01,2.000000000000000000e+00,0.000000000000000000e+00,0.000000000000000000e+00,0.000000000000000000e+00,0.000000000000000000e+00,0.000000000000000000e+00,0.000000000000000000e+00,0.000000000000000000e+00,0.000000000000000000e+00
1.000000000000000000e+00,6.018792343139648438e+01,2.482203674316406250e+01,1.391666698455810547e+01,2.000000000000000000e+00,0.000000000000000000e+00,0.000000000000000000e+00,0.000000000000000000e+00,0.000000000000000000e+00,0.000000000000000000e+00,0.000000000000000000e+00,0.000000000000000000e+00,0.000000000000000000e+00
1.000000000000000000e+00,6.018792343139648438e+01,2.482203674316406250e+01,1.391666698455810547e+01,2.000000000000000000e+00,0.000000000000000000e+00,0.000000000000000000e+00,0.000000000000000000e+00,0.000000000000000000e+00,0.000000000000000000e+00,0.000000000000000000e+00,0.000000000000000000e+00,0.000000000000000000e+00
1.000000000000000000e+00,6.018737030029296875e+01,2.482025527954101562e+01,1.391666698455810547e+01,2.000000000000000000e+00,-2.369179564345144651e-01,-7.630392114132293901e-01,0.000000000000000000e+00,0.000000000000000000e+00,1.865359659131640788e-03,0.000000000000000000e+00,3.479566657915710979e-06,0.000000000000000000e+00
1.000000000000000000e+00,6.018738174438476562e+01,2.482011795043945312e+01,1.391666698455810547e+01,2.000000000000000000e+00,7.687140672296413624e-02,-9.224568806755696349e-01,-2.369179564345144651e-01,-7.630392114132293901e-01,1.378051137404513694e-04,1.865359659131640788e-03,2.984444707301758700e-06,0.000000000000000000e+00
1.000000000000000000e+00,6.018727493286132812e+01,2.482019996643066406e+01,1.393333339691162109e+01,2.000000000000000000e+00,-5.653571616408461509e-01,4.341135348313639453e-01,7.687140672296413624e-02,-9.224568806755696349e-01,1.346674584053333490e-04,1.378051137404513694e-04,9.844881001994576535e-12,0.000000000000000000e+00
1.000000000000000000e+00,6.018691635131835938e+01,2.482020568847656250e+01,1.393333339691162109e+01,2.000000000000000000e+00,-9.840230829873647389e-01,1.570249600511752427e-02,-5.653571616408461509e-01,4.341135348313639453e-01,3.586271946842756251e-04,1.346674584053333490e-04,5.015796347413337220e-08,0.000000000000000000e+00
1.000000000000000000e+00,6.018690872192382812e+01,2.482011604309082031e+01,1.393333339691162109e+01,2.000000000000000000e+00,-7.835082667017009839e-02,-9.206222133744986769e-01,-9.840230829873647389e-01,1.570249600511752427e-02,8.996945507103542542e-05,3.586271946842756251e-04,7.217698105409555630e-08,0.000000000000000000e+00
1.000000000000000000e+00,6.018689727783203125e+01,2.481537437438964844e+01,1.393333339691162109e+01,2.000000000000000000e+00,-2.407654000638013905e-03,-9.975713075976838651e-01,-7.835082667017009839e-02,-9.206222133744986769e-01,4.741682511399306250e-03,8.996945507103542542e-05,2.163843435841490608e-05,0.000000000000000000e+00
1.000000000000000000e+00,6.018685531616210938e+01,2.481478309631347656e+01,1.393333339691162109e+01,2.000000000000000000e+00,-6.625459744265542461e-02,-9.335875094192355172e-01,-2.407654000638013905e-03,-9.975713075976838651e-01,5.927651685989536803e-04,4.741682511399306250e-03,1.721351511738953872e-05,0.000000000000000000e+00
1.000000000000000000e+00,6.018651962280273438e+01,2.481252479553222656e+01,1.393333339691162109e+01,2.000000000000000000e+00,-1.294067759985459976e-01,-8.705546748993093775e-01,-6.625459744265542461e-02,-9.335875094192355172e-01,2.283114637972178708e-03,5.927651685989536803e-04,2.857281328610343328e-06,0.000000000000000000e+00
1.000000000000000000e+00,6.018654251098632812e+01,2.481241989135742188e+01,1.394999980926513672e+01,2.000000000000000000e+00,1.789644344695236478e-01,-8.202536579853166865e-01,-1.294067759985459976e-01,-8.705546748993093775e-01,1.073720393755918048e-04,2.283114637972178708e-03,4.733855855347828321e-06,0.000000000000000000e+00
1.000000000000000000e+00,6.018590927124023438e+01,2.481093215942382812e+01,1.394999980926513672e+01,2.000000000000000000e+00,-2.985470751214999163e-01,-7.014057788999094045e-01,1.789644344695236478e-01,-8.202536579853166865e-01,1.616891734862750587e-03,1.073720393755918048e-04,2.278649711063644464e-06,0.000000000000000000e+00
1.000000000000000000e+00,6.018585586547851562e+01,2.481081962585449219e+01,1.394999980926513672e+01,2.000000000000000000e+00,-3.216452474212873613e-01,-6.777524856377126206e-01,-2.985470751214999163e-01,-7.014057788999094045e-01,1.245631551151710128e-04,1.616891734862750587e-03,2.227044589931428226e-06,0.000000000000000000e+00
1.000000000000000000e+00,6.018583679199218750e+01,2.481076049804687500e+01,1.394999980926513672e+01,2.000000000000000000e+00,-2.435909468041023707e-01,-7.551319350927173657e-01,-3.216452474212873613e-01,-6.777524856377126206e-01,6.212805738411838411e-05,1.245631551151710128e-04,3.898141428686093394e-09,0.000000000000000000e+00
1.000000000000000000e+00,6.018581771850585938e+01,2.481071853637695312e+01,1.394999980926513672e+01,2.000000000000000000e+00,-3.119888374886585769e-01,-6.863754424750488914e-01,-2.435909468041023707e-01,-7.551319350927173657e-01,4.609316243589238102e-05,6.212805738411838411e-05,2.571178560006437950e-10,0.000000000000000000e+00
1.000000000000000000e+00,6.018581390380859375e+01,2.481069564819335938e+01,1.394999980926513672e+01,2.000000000000000000e+00,-1.423241511104471890e-01,-8.539449066626831897e-01,-3.119888374886585769e-01,-6.863754424750488914e-01,2.320389759177482353e-05,4.609316243589238102e-05,5.239184451041559842e-10,0.000000000000000000e+00
1.000000000000000000e+00,6.018580245971679688e+01,2.481068038940429688e+01,1.396666622161865234e+01,2.000000000000000000e+00,-4.269724533313415948e-01,-5.692966044417887561e-01,-1.423241511104471890e-01,-8.539449066626831897e-01,1.907348632812500000e-05,2.320389759177482353e-05,1.706029720688533259e-11,0.000000000000000000e+00
1.000000000000000000e+00,6.018579483032226562e+01,2.481068229675292969e+01,1.396666622161865234e+01,2.000000000000000000e+00,-7.916984401640652091e-01,1.979246100410163023e-01,-4.269724533313415948e-01,-5.692966044417887561e-01,7.864199877963372394e-06,1.907348632812500000e-05,1.256481027217770746e-10,0.000000000000000000e+00
1.000000000000000000e+00,6.018578338623046875e+01,2.481066894531250000e+01,1.396666622161865234e+01,2.000000000000000000e+00,-4.596845607769183828e-01,-5.362986542397381040e-01,-7.916984401640652091e-01,1.979246100410163023e-01,1.758488551577165046e-05,7.864199877963372394e-06,9.449172926909212630e-11,0.000000000000000000e+00
1.000000000000000000e+00,6.018578338623046875e+01,2.481066513061523438e+01,1.396666622161865234e+01,2.000000000000000000e+00,0.000000000000000000e+00,-9.744552405423272390e-01,-4.596845607769183828e-01,-5.362986542397381040e-01,3.814697265625000000e-06,1.758488551577165046e-05,1.896180844444768612e-10,0.000000000000000000e+00
1.000000000000000000e+00,6.018577957153320312e+01,2.481065750122070312e+01,1.396666622161865234e+01,2.000000000000000000e+00,-3.304458534068174247e-01,-6.608917068136348494e-01,0.000000000000000000e+00,-9.744552405423272390e-01,8.529922399520072193e-06,3.814697265625000000e-06,2.223334806331580089e-11,0.000000000000000000e+00
1.000000000000000000e+00,6.018492889404296875e+01,2.480438995361328125e+01,1.398333358764648438e+01,2.000000000000000000e+00,-1.195052879102789928e-01,-8.804806638412034925e-01,-3.304458534068174247e-01,-6.608917068136348494e-01,6.325014245335035604e-03,8.529922399520072193e-06,3.989797420189013905e-05,0.000000000000000000e+00
1.000000000000000000e+00,6.018492889404296875e+01,2.480438995361328125e+01,1.400000000000000000e+01,2.000000000000000000e+00,0.000000000000000000e+00,0.000000000000000000e+00,-1.195052879102789928e-01,-8.804806638412034925e-01,0.000000000000000000e+00,6.325014245335035604e-03,4.000580520369113169e-05,0.000000000000000000e+00
1.000000000000000000e+00,6.018419265747070312e+01,2.480072021484375000e+01,1.400000000000000000e+01,2.000000000000000000e+00,-1.670957746186370885e-01,-8.328815294462635910e-01,0.000000000000000000e+00,0.000000000000000000e+00,3.742863466243748823e-03,0.000000000000000000e+00,1.400902692694216967e-05,0.000000000000000000e+00
1.000000000000000000e+00,6.018419265747070312e+01,2.480072021484375000e+01,1.400000000000000000e+01,2.000000000000000000e+00,0.000000000000000000e+00,0.000000000000000000e+00,-1.670957746186370885e-01,-8.328815294462635910e-01,0.000000000000000000e+00,3.742863466243748823e-03,1.400902692694216967e-05,0.000000000000000000e+00
1.000000000000000000e+00,6.018268585205078125e+01,2.479529571533203125e+01,1.400000000000000000e+01,2.000000000000000000e+00,-2.173881680240000724e-01,-7.825974048864002830e-01,0.000000000000000000e+00,0.000000000000000000e+00,5.629889654881602840e-03,0.000000000000000000e+00,3.169565752614289522e-05,0.000000000000000000e+00
1.000000000000000000e+00,6.018270492553710938e+01,2.479505348205566406e+01,1.400000000000000000e+01,2.000000000000000000e+00,7.296477769535157643e-02,-9.266526767309649637e-01,-2.173881680240000724e-01,-7.825974048864002830e-01,2.429830406845124007e-04,5.629889654881602840e-03,2.901876287008035811e-05,0.000000000000000000e+00
1.000000000000000000e+00,6.018270492553710938e+01,2.479505348205566406e+01,1.400000000000000000e+01,2.000000000000000000e+00,0.000000000000000000e+00,0.000000000000000000e+00,7.296477769535157643e-02,-9.266526767309649637e-01,0.000000000000000000e+00,2.429830406845124007e-04,5.904075806029140949e-08,0.000000000000000000e+00
1.000000000000000000e+00,6.018301391601562500e+01,2.478910446166992188e+01,1.401666641235351562e+01,2.000000000000000000e+00,4.937440151154465912e-02,-9.506096192253566945e-01,0.000000000000000000e+00,0.000000000000000000e+00,5.957039421204918944e-03,0.000000000000000000e+00,3.548631866578943350e-05,0.000000000000000000e+00
1.000000000000000000e+00,6.018310928344726562e+01,2.478785133361816406e+01,1.401666641235351562e+01,2.000000000000000000e+00,7.071611377512602992e-02,-9.292097350051560234e-01,4.937440151154465912e-02,-9.506096192253566945e-01,1.256751710211710801e-03,5.957039421204918944e-03,2.209270456611376932e-05,0.000000000000000000e+00
1.000000000000000000e+00,6.018314361572265625e+01,2.478775596618652344e+01,1.401666641235351562e+01,2.000000000000000000e+00,2.645019482390612020e-01,-7.347276339973922710e-01,7.071611377512602992e-02,-9.292097350051560234e-01,1.013590259978212221e-04,1.256751710211710801e-03,1.334932254734976868e-06,0.000000000000000000e+00
1.000000000000000000e+00,6.018310165405273438e+01,2.478745269775390625e+01,1.401666641235351562e+01,2.000000000000000000e+00,-1.215117640001524280e-01,-8.781986580011016397e-01,2.645019482390612020e-01,-7.347276339973922710e-01,3.061576782717003505e-04,1.013590259978212221e-04,4.194248797319725970e-08,0.000000000000000000e+00
1.000000000000000000e+00,6.018215560913085938e+01,2.478238296508789062e+01,1.401666641235351562e+01,2.000000000000000000e+00,-1.572580073403249123e-01,-8.427253699810153265e-01,-1.215117640001524280e-01,-8.781986580011016397e-01,5.157246387276001945e-03,3.061576782717003505e-04,2.353306166262901947e-05,0.000000000000000000e+00
1.000000000000000000e+00,6.018210601806640625e+01,2.478243446350097656e+01,1.401666641235351562e+01,2.000000000000000000e+00,-4.900812382787647081e-01,5.089305166741018294e-01,-1.572580073403249123e-01,-8.427253699810153265e-01,7.149377751919293810e-05,5.157246387276001945e-03,2.586487960764819507e-05,0.000000000000000000e+00
1.000000000000000000e+00,6.018204498291015625e+01,2.478249931335449219e+01,1.403333377838134766e+01,2.000000000000000000e+00,-4.844636386784916815e-01,5.147426160958974428e-01,-4.900812382787647081e-01,5.089305166741018294e-01,8.905500434821130549e-05,7.149377751919293810e-05,3.083966877402345175e-10,0.000000000000000000e+00
1.000000000000000000e+00,6.018204498291015625e+01,2.478249931335449219e+01,1.403333377838134766e+01,2.000000000000000000e+00,0.000000000000000000e+00,0.000000000000000000e+00,-4.844636386784916815e-01,5.147426160958974428e-01,0.000000000000000000e+00,8.905500434821130549e-05,7.930793799459934235e-09,0.000000000000000000e+00
1.000000000000000000e+00,6.018204498291015625e+01,2.478249931335449219e+01,1.403333377838134766e+01,2.000000000000000000e+00,0.000000000000000000e+00,0.000000000000000000e+00,0.000000000000000000e+00,0.000000000000000000e+00,0.000000000000000000e+00,0.000000000000000000e+00,0.000000000000000000e+00,0.000000000000000000e+00
1.000000000000000000e+00,6.018204498291015625e+01,2.478249931335449219e+01,1.403333377838134766e+01,2.000000000000000000e+00,0.000000000000000000e+00,0.000000000000000000e+00,0.000000000000000000e+00,0.000000000000000000e+00,0.000000000000000000e+00,0.000000000000000000e+00,0.000000000000000000e+00,0.000000000000000000e+00
1.000000000000000000e+00,6.018204498291015625e+01,2.478249931335449219e+01,1.403333377838134766e+01,2.000000000000000000e+00,0.000000000000000000e+00,0.000000000000000000e+00,0.000000000000000000e+00,0.000000000000000000e+00,0.000000000000000000e+00,0.000000000000000000e+00,0.000000000000000000e+00,0.000000000000000000e+00
1.000000000000000000e+00,6.018204498291015625e+01,2.478249931335449219e+01,1.403333377838134766e+01,2.000000000000000000e+00,0.000000000000000000e+00,0.000000000000000000e+00,0.000000000000000000e+00,0.000000000000000000e+00,0.000000000000000000e+00,0.000000000000000000e+00,0.000000000000000000e+00,0.000000000000000000e+00
1.000000000000000000e+00,6.018204498291015625e+01,2.478249931335449219e+01,1.405000019073486328e+01,2.000000000000000000e+00,0.000000000000000000e+00,0.000000000000000000e+00,0.000000000000000000e+00,0.000000000000000000e+00,0.000000000000000000e+00,0.000000000000000000e+00,0.000000000000000000e+00,0.000000000000000000e+00
1.000000000000000000e+00,6.018237686157226562e+01,2.476995086669921875e+01,1.405000019073486328e+01,2.000000000000000000e+00,2.576612603478918226e-02,-9.742261102464254696e-01,0.000000000000000000e+00,0.000000000000000000e+00,1.255283461639667385e-02,0.000000000000000000e+00,1.575736569066066295e-04,0.000000000000000000e+00
1.000000000000000000e+00,6.018237686157226562e+01,2.476995086669921875e+01,1.405000019073486328e+01,2.000000000000000000e+00,0.000000000000000000e+00,0.000000000000000000e+00,2.576612603478918226e-02,-9.742261102464254696e-01,0.000000000000000000e+00,1.255283461639667385e-02,1.575736569066066295e-04,0.000000000000000000e+00
1.000000000000000000e+00,6.018237686157226562e+01,2.476995086669921875e+01,1.405000019073486328e+01,2.000000000000000000e+00,0.000000000000000000e+00,0.000000000000000000e+00,0.000000000000000000e+00,0.000000000000000000e+00,0.000000000000000000e+00,0.000000000000000000e+00,0.000000000000000000e+00,0.000000000000000000e+00
1.000000000000000000e+00,6.018128585815429688e+01,2.476033973693847656e+01,1.405000019073486328e+01,2.000000000000000000e+00,-1.019416601891082325e-01,-8.980489959666370092e-01,0.000000000000000000e+00,0.000000000000000000e+00,9.672853960225165360e-03,0.000000000000000000e+00,9.356410373584365980e-05,0.000000000000000000e+00
1.000000000000000000e+00,6.018123626708984375e+01,2.475980377197265625e+01,1.405000019073486328e+01,2.000000000000000000e+00,-8.467609294481504012e-02,-9.151531583651163482e-01,-1.019416601891082325e-01,-8.980489959666370092e-01,5.382543248877455586e-04,9.672853960225165360e-03,8.344091049790652219e-05,0.000000000000000000e+00
1.000000000000000000e+00,6.018123626708984375e+01,2.475980377197265625e+01,1.406666660308837891e+01,2.000000000000000000e+00,0.000000000000000000e+00,0.000000000000000000e+00,-8.467609294481504012e-02,-9.151531583651163482e-01,0.000000000000000000e+00,5.382543248877455586e-04,2.897177182603627443e-07,0.000000000000000000e+00
1.000000000000000000e+00,6.018167877197265625e+01,2.475444984436035156e+01,1.406666660308837891e+01,2.000000000000000000e+00,7.633958460256227985e-02,-9.236431637042772369e-01,0.000000000000000000e+00,0.000000000000000000e+00,5.372183117607912985e-03,0.000000000000000000e+00,2.886035144911147654e-05,0.000000000000000000e+00
1.000000000000000000e+00,6.018167877197265625e+01,2.475444984436035156e+01,1.406666660308837891e+01,2.000000000000000000e+00,0.000000000000000000e+00,0.000000000000000000e+00,7.633958460256227985e-02,-9.236431637042772369e-01,0.000000000000000000e+00,5.372183117607912985e-03,2.886035144911147654e-05,0.000000000000000000e+00
1.000000000000000000e+00,6.018162155151367188e+01,2.475450706481933594e+01,1.406666660308837891e+01,2.000000000000000000e+00,-4.995634747748953775e-01,4.995634747748953775e-01,0.000000000000000000e+00,0.000000000000000000e+00,8.092194914091654402e-05,0.000000000000000000e+00,6.548361852765084140e-09,0.000000000000000000e+00
1.000000000000000000e+00,6.018162155151367188e+01,2.475450706481933594e+01,1.406666660308837891e+01,2.000000000000000000e+00,0.000000000000000000e+00,0.000000000000000000e+00,-4.995634747748953775e-01,4.995634747748953775e-01,0.000000000000000000e+00,8.092194914091654402e-05,6.548361852765084140e-09,0.000000000000000000e+00
1.000000000000000000e+00,6.018162155151367188e+01,2.475450706481933594e+01,1.406666660308837891e+01,2.000000000000000000e+00,0.000000000000000000e+00,0.000000000000000000e+00,0.000000000000000000e+00,0.000000000000000000e+00,0.000000000000000000e+00,0.000000000000000000e+00,0.000000000000000000e+00,0.000000000000000000e+00
1.000000000000000000e+00,6.018162155151367188e+01,2.475450706481933594e+01,1.408333301544189453e+01,2.000000000000000000e+00,0.000000000000000000e+00,0.000000000000000000e+00,0.000000000000000000e+00,0.000000000000000000e+00,0.000000000000000000e+00,0.000000000000000000e+00,0.000000000000000000e+00,0.000000000000000000e+00
1.000000000000000000e+00,6.018162155151367188e+01,2.475450706481933594e+01,1.408333301544189453e+01,2.000000000000000000e+00,0.000000000000000000e+00,0.000000000000000000e+00,0.000000000000000000e+00,0.000000000000000000e+00,0.000000000000000000e+00,0.000000000000000000e+00,0.000000000000000000e+00,0.000000000000000000e+00
1.000000000000000000e+00,6.018162155151367188e+01,2.475450706481933594e+01,1.408333301544189453e+01,2.000000000000000000e+00,0.000000000000000000e+00,0.000000000000000000e+00,0.000000000000000000e+00,0.000000000000000000e+00,0.000000000000000000e+00,0.000000000000000000e+00,0.000000000000000000e+00,0.000000000000000000e+00
1.000000000000000000e+00,6.018162155151367188e+01,2.475450706481933594e+01,1.408333301544189453e+01,2.000000000000000000e+00,0.000000000000000000e+00,0.000000000000000000e+00,0.000000000000000000e+00,0.000000000000000000e+00,0.000000000000000000e+00,0.000000000000000000e+00,0.000000000000000000e+00,0.000000000000000000e+00
1.000000000000000000e+00,6.018162155151367188e+01,2.475450706481933594e+01,1.408333301544189453e+01,2.000000000000000000e+00,0.000000000000000000e+00,0.000000000000000000e+00,0.000000000000000000e+00,0.000000000000000000e+00,0.000000000000000000e+00,0.000000000000000000e+00,0.000000000000000000e+00,0.000000000000000000e+00
1.000000000000000000e+00,6.017633056640625000e+01,2.474314689636230469e+01,1.411666679382324219e+01,2.000000000000000000e+00,-3.177529599763587731e-01,-6.822410344697883433e-01,0.000000000000000000e+00,0.000000000000000000e+00,1.253187738445791892e-02,0.000000000000000000e+00,1.570479507790878415e-04,0.000000000000000000e+00
1.000000000000000000e+00,6.017633056640625000e+01,2.474314880371093750e+01,1.411666679382324219e+01,2.000000000000000000e+00,0.000000000000000000e+00,9.501830432614539745e-01,-3.177529599763587731e-01,-6.822410344697883433e-01,1.907348632812500000e-06,1.253187738445791892e-02,1.570001490986750240e-04,0.000000000000000000e+00
1.000000000000000000e+00,6.017633056640625000e+01,2.474314880371093750e+01,1.411666679382324219e+01,2.000000000000000000e+00,0.000000000000000000e+00,0.000000000000000000e+00,0.000000000000000000e+00,9.501830432614539745e-01,0.000000000000000000e+00,1.907348632812500000e-06,3.637978807091712952e-12,0.000000000000000000e+00
1.000000000000000000e+00,6.017535018920898438e+01,2.474377822875976562e+01,1.411666679382324219e+01,2.000000000000000000e+00,-6.089669106583346370e-01,3.909709737689697207e-01,0.000000000000000000e+00,0.000000000000000000e+00,1.165038772320771106e-03,0.000000000000000000e+00,1.357315341010689524e-06,0.000000000000000000e+00
1.000000000000000000e+00,6.017535018920898438e+01,2.474377822875976562e+01,1.411666679382324219e+01,2.000000000000000000e+00,0.000000000000000000e+00,0.000000000000000000e+00,-6.089669106583346370e-01,3.909709737689697207e-01,0.000000000000000000e+00,1.165038772320771106e-03,1.357315341010689524e-06,0.000000000000000000e+00
1.000000000000000000e+00,6.017486953735351562e+01,2.473975372314453125e+01,1.411666679382324219e+01,2.000000000000000000e+00,-1.066868782959336098e-01,-8.932909254143647226e-01,0.000000000000000000e+00,0.000000000000000000e+00,4.053106420169419986e-03,0.000000000000000000e+00,1.642767165321857076e-05,0.000000000000000000e+00
1.000000000000000000e+00,6.017486953735351562e+01,2.473975372314453125e+01,1.413333320617675781e+01,2.000000000000000000e+00,0.000000000000000000e+00,0.000000000000000000e+00,-1.066868782959336098e-01,-8.932909254143647226e-01,0.000000000000000000e+00,4.053106420169419986e-03,1.642767165321857076e-05,0.000000000000000000e+00
1.000000000000000000e+00,6.017389678955078125e+01,2.473719596862792969e+01,1.413333320617675781e+01,2.000000000000000000e+00,-2.755189383428878758e-01,-7.244527378780639681e-01,0.000000000000000000e+00,0.000000000000000000e+00,2.736484323894483248e-03,0.000000000000000000e+00,7.488346454920247197e-06,0.000000000000000000e+00
1.000000000000000000e+00,6.017356109619140625e+01,2.473669242858886719e+01,1.413333320617675781e+01,2.000000000000000000e+00,-3.999523431331644119e-01,-5.999285146997466178e-01,-2.755189383428878758e-01,-7.244527378780639681e-01,6.051798100296612538e-04,2.736484323894483248e-03,4.542458930820564877e-06,0.000000000000000000e+00
1.000000000000000000e+00,6.017335510253906250e+01,2.473659706115722656e+01,1.413333320617675781e+01,2.000000000000000000e+00,-6.833175600019630869e-01,-3.163507222231310423e-01,-3.999523431331644119e-01,-5.999285146997466178e-01,2.269985282411474494e-04,6.051798100296612538e-04,1.430210818952032842e-07,0.000000000000000000e+00
1.000000000000000000e+00,6.017328643798828125e+01,2.473664474487304688e+01,1.413333320617675781e+01,2.000000000000000000e+00,-5.896571308887877949e-01,4.094841186727693483e-01,-6.833175600019630869e-01,-3.163507222231310423e-01,8.359759140324068960e-05,2.269985282411474494e-04,2.056382868598931871e-08,0.000000000000000000e+00
1.000000000000000000e+00,6.017324066162109375e+01,2.473656463623046875e+01,1.413333320617675781e+01,2.000000000000000000e+00,-3.633477290088688028e-01,-6.358585257655203771e-01,-5.896571308887877949e-01,4.094841186727693483e-01,9.226521776159533460e-05,8.359759140324068960e-05,7.512774668804420098e-11,0.000000000000000000e+00
1.000000000000000000e+00,6.017316818237304688e+01,2.473647499084472656e+01,1.414999961853027344e+01,2.000000000000000000e+00,-4.467832434198516500e-01,-5.526003273877112543e-01,-3.633477290088688028e-01,-6.358585257655203771e-01,1.152802523518491821e-04,9.226521776159533460e-05,5.296918171905811373e-10,0.000000000000000000e+00
1.000000000000000000e+00,6.017309951782226562e+01,2.473627853393554688e+01,1.414999961853027344e+01,2.000000000000000000e+00,-2.588951542283308704e-01,-7.407278023755022867e-01,-4.467832434198516500e-01,-5.526003273877112543e-01,2.081108783759917722e-04,1.152802523518491821e-04,8.617525128034220305e-09,0.000000000000000000e+00
1.000000000000000000e+00,6.017162704467773438e+01,2.473558235168457031e+01,1.414999961853027344e+01,2.000000000000000000e+00,-6.789484639813295752e-01,-3.210054266232970077e-01,-2.588951542283308704e-01,-7.407278023755022867e-01,1.628756239570716430e-03,2.081108783759917722e-04,2.018233242284089446e-06,0.000000000000000000e+00
1.000000000000000000e+00,6.017162704467773438e+01,2.473558235168457031e+01,1.414999961853027344e+01,2.000000000000000000e+00,0.000000000000000000e+00,0.000000000000000000e+00,-6.789484639813295752e-01,-3.210054266232970077e-01,0.000000000000000000e+00,1.628756239570716430e-03,2.652846887940540910e-06,0.000000000000000000e+00
1.000000000000000000e+00,6.017183685302734375e+01,2.473715782165527344e+01,1.414999961853027344e+01,2.000000000000000000e+00,1.175147850863628857e-01,8.824292043757794302e-01,0.000000000000000000e+00,0.000000000000000000e+00,1.589378863629787707e-03,0.000000000000000000e+00,2.526125172153115273e-06,0.000000000000000000e+00
1.000000000000000000e+00,6.017183685302734375e+01,2.473715782165527344e+01,1.414999961853027344e+01,2.000000000000000000e+00,0.000000000000000000e+00,0.000000000000000000e+00,1.175147850863628857e-01,8.824292043757794302e-01,0.000000000000000000e+00,1.589378863629787707e-03,2.526125172153115273e-06,0.000000000000000000e+00
1.000000000000000000e+00,6.017253875732421875e+01,2.474164962768554688e+01,1.416666698455810547e+01,2.000000000000000000e+00,1.351424585541935175e-01,8.648382877584938067e-01,0.000000000000000000e+00,0.000000000000000000e+00,4.546316207169537500e-03,0.000000000000000000e+00,2.066899105557240885e-05,0.000000000000000000e+00
1.000000000000000000e+00,6.017253875732421875e+01,2.474164962768554688e+01,1.416666698455810547e+01,2.000000000000000000e+00,0.000000000000000000e+00,0.000000000000000000e+00,1.351424585541935175e-01,8.648382877584938067e-01,0.000000000000000000e+00,4.546316207169537500e-03,2.066899105557240885e-05,0.000000000000000000e+00
1.000000000000000000e+00,6.017253875732421875e+01,2.474164962768554688e+01,1.416666698455810547e+01,2.000000000000000000e+00,0.000000000000000000e+00,0.000000000000000000e+00,0.000000000000000000e+00,0.000000000000000000e+00,0.000000000000000000e+00,0.000000000000000000e+00,0.000000000000000000e+00,0.000000000000000000e+00
1.000000000000000000e+00,6.017217636108398438e+01,2.474522972106933594e+01,1.416666698455810547e+01,2.000000000000000000e+00,-9.191832647917014265e-02,9.080563094810649716e-01,0.000000000000000000e+00,0.000000000000000000e+00,3.598388482583033971e-03,0.000000000000000000e+00,1.294839967158623040e-05,0.000000000000000000e+00
1.000000000000000000e+00,6.017204284667968750e+01,2.474548912048339844e+01,1.416666698455810547e+01,2.000000000000000000e+00,-3.397193636962361207e-01,6.600261923241158568e-01,-9.191832647917014265e-02,9.080563094810649716e-01,2.917432984161208226e-04,3.598388482583033971e-03,1.093390237397423746e-05,0.000000000000000000e+00
1.000000000000000000e+00,6.017204284667968750e+01,2.474548912048339844e+01,1.416666698455810547e+01,2.000000000000000000e+00,0.000000000000000000e+00,0.000000000000000000e+00,-3.397193636962361207e-01,6.600261923241158568e-01,0.000000000000000000e+00,2.917432984161208226e-04,8.511415217071772945e-08,0.000000000000000000e+00
1.000000000000000000e+00,6.017204284667968750e+01,2.474548912048339844e+01,1.418333339691162109e+01,2.000000000000000000e+00,0.000000000000000000e+00,0.000000000000000000e+00,0.000000000000000000e+00,0.000000000000000000e+00,0.000000000000000000e+00,0.000000000000000000e+00,0.000000000000000000e+00,0.000000000000000000e+00
1.000000000000000000e+00,6.016920852661132812e+01,2.474649429321289062e+01,1.418333339691162109e+01,2.000000000000000000e+00,-7.381824629802706816e-01,2.617914925912535051e-01,0.000000000000000000e+00,0.000000000000000000e+00,3.007281574116309284e-03,0.000000000000000000e+00,9.043742466019466519e-06,0.000000000000000000e+00
1.000000000000000000e+00,6.016920852661132812e+01,2.474649238586425781e+01,1.418333339691162109e+01,2.000000000000000000e+00,0.000000000000000000e+00,-9.501830432614539745e-01,-7.381824629802706816e-01,2.617914925912535051e-01,1.907348632812500000e-06,3.007281574116309284e-03,9.032274235200527993e-06,0.000000000000000000e+00
1.000000000000000000e+00,6.016920852661132812e+01,2.474649238586425781e+01,1.418333339691162109e+01,2.000000000000000000e+00,0.000000000000000000e+00,0.000000000000000000e+00,0.000000000000000000e+00,-9.501830432614539745e-01,0.000000000000000000e+00,1.907348632812500000e-06,3.637978807091712952e-12,0.000000000000000000e+00
1.000000000000000000e+00,6.016938781738281250e+01,2.474930572509765625e+01,1.418333339691162109e+01,2.000000000000000000e+00,5.990876931492374047e-02,9.400578163777927321e-01,0.000000000000000000e+00,0.000000000000000000e+00,2.819046438588475832e-03,0.000000000000000000e+00,7.947022822918368672e-06,0.000000000000000000e+00
1.000000000000000000e+00,6.016920852661132812e+01,2.474649810791015625e+01,1.418333339691162109e+01,2.000000000000000000e+00,-6.002353323000063356e-02,-9.399429884527759071e-01,5.990876931492374047e-02,9.400578163777927321e-01,2.813336000602287366e-03,2.819046438588475832e-03,3.260910199410418901e-11,0.000000000000000000e+00
1.000000000000000000e+00,6.016920852661132812e+01,2.474649810791015625e+01,1.419999980926513672e+01,2.000000000000000000e+00,0.000000000000000000e+00,0.000000000000000000e+00,-6.002353323000063356e-02,-9.399429884527759071e-01,0.000000000000000000e+00,2.813336000602287366e-03,7.914859452284874226e-06,0.000000000000000000e+00
1.000000000000000000e+00,6.016920852661132812e+01,2.474649810791015625e+01,1.419999980926513672e+01,2.000000000000000000e+00,0.000000000000000000e+00,0.000000000000000000e+00,0.000000000000000000e+00,0.000000000000000000e+00,0.000000000000000000e+00,0.000000000000000000e+00,0.000000000000000000e+00,0.000000000000000000e+00
1.000000000000000000e+00,6.016939163208007812e+01,2.474929428100585938e+01,1.419999980926513672e+01,2.000000000000000000e+00,6.145760425835970764e-02,9.385088316953680287e-01,0.000000000000000000e+00,0.000000000000000000e+00,2.802161949962948644e-03,0.000000000000000000e+00,7.852111593820154667e-06,0.000000000000000000e+00
1.000000000000000000e+00,6.016939163208007812e+01,2.474929428100585938e+01,1.419999980926513672e+01,2.000000000000000000e+00,0.000000000000000000e+00,0.000000000000000000e+00,6.145760425835970764e-02,9.385088316953680287e-01,0.000000000000000000e+00,2.802161949962948644e-03,7.852111593820154667e-06,0.000000000000000000e+00
1.000000000000000000e+00,6.016939163208007812e+01,2.474929428100585938e+01,1.419999980926513672e+01,2.000000000000000000e+00,0.000000000000000000e+00,0.000000000000000000e+00,0.000000000000000000e+00,0.000000000000000000e+00,0.000000000000000000e+00,0.000000000000000000e+00,0.000000000000000000e+00,0.000000000000000000e+00
1.000000000000000000e+00,6.016439056396484375e+01,2.475217628479003906e+01,1.421666622161865234e+01,2.000000000000000000e+00,-6.343979528857023320e-01,3.655893618651015475e-01,0.000000000000000000e+00,0.000000000000000000e+00,5.772055795402531060e-03,0.000000000000000000e+00,3.331662810523994267e-05,0.000000000000000000e+00
1.000000000000000000e+00,6.039968872070312500e+01,2.475114822387695312e+01,1.421666622161865234e+01,2.000000000000000000e+00,9.956494015423085209e-01,-4.350175313959536716e-03,-6.343979528857023320e-01,3.655893618651015475e-01,2.353004026211467925e-01,5.772055795402531060e-03,5.268326199655914976e-02,0.000000000000000000e+00
1.000000000000000000e+00,6.039968872070312500e+01,2.475114822387695312e+01,1.421666622161865234e+01,2.000000000000000000e+00,0.000000000000000000e+00,0.000000000000000000e+00,9.956494015423085209e-01,-4.350175313959536716e-03,0.000000000000000000e+00,2.353004026211467925e-01,5.536627947367378511e-02,0.000000000000000000e+00
1.000000000000000000e+00,6.016653442382812500e+01,2.475627708435058594e+01,1.423333358764648438e+01,2.000000000000000000e+00,-9.784753636042140545e-01,2.152421672719021309e-02,0.000000000000000000e+00,0.000000000000000000e+00,2.332107016434572244e-01,0.000000000000000000e+00,5.438723136103362082e-02,0.000000000000000000e+00
1.000000000000000000e+00,6.016764068603515625e+01,2.476619529724121094e+01,1.423333358764648438e+01,2.000000000000000000e+00,1.003451105581777830e-01,8.996458187974559761e-01,-9.784753636042140545e-01,2.152421672719021309e-02,9.979717581899078330e-03,2.332107016434572244e-01,4.983207224509162564e-02,0.000000000000000000e+00
1.000000000000000000e+00,6.016764068603515625e+01,2.476619529724121094e+01,1.423333358764648438e+01,2.000000000000000000e+00,0.000000000000000000e+00,0.000000000000000000e+00,1.003451105581777830e-01,8.996458187974559761e-01,0.000000000000000000e+00,9.979717581899078330e-03,9.959476301446558400e-05,0.000000000000000000e+00
1.000000000000000000e+00,6.016758728027343750e+01,2.477134513854980469e+01,1.423333358764648438e+01,2.000000000000000000e+00,-1.026373236247386800e-02,9.897170492385516383e-01,0.000000000000000000e+00,0.000000000000000000e+00,5.150118219913339679e-03,0.000000000000000000e+00,2.652371767908334732e-05,0.000000000000000000e+00
1.000000000000000000e+00,6.016758728027343750e+01,2.477134513854980469e+01,1.423333358764648438e+01,2.000000000000000000e+00,0.000000000000000000e+00,0.000000000000000000e+00,-1.026373236247386800e-02,9.897170492385516383e-01,0.000000000000000000e+00,5.150118219913339679e-03,2.652371767908334732e-05,0.000000000000000000e+00
1.000000000000000000e+00,6.016856384277343750e+01,2.477557563781738281e+01,1.423333358764648438e+01,2.000000000000000000e+00,1.875421858565004263e-01,8.124386098236677789e-01,0.000000000000000000e+00,0.000000000000000000e+00,4.341750611145843257e-03,0.000000000000000000e+00,1.885079836938530207e-05,0.000000000000000000e+00
1.000000000000000000e+00,6.016856384277343750e+01,2.477557563781738281e+01,1.425000000000000000e+01,2.000000000000000000e+00,0.000000000000000000e+00,0.000000000000000000e+00,1.875421858565004263e-01,8.124386098236677789e-01,0.000000000000000000e+00,4.341750611145843257e-03,1.885079836938530207e-05,0.000000000000000000e+00
1.000000000000000000e+00,6.016856384277343750e+01,2.477557563781738281e+01,1.425000000000000000e+01,2.000000000000000000e+00,0.000000000000000000e+00,0.000000000000000000e+00,0.000000000000000000e+00,0.000000000000000000e+00,0.000000000000000000e+00,0.000000000000000000e+00,0.000000000000000000e+00,0.000000000000000000e+00
1.000000000000000000e+00,6.016856384277343750e+01,2.477557563781738281e+01,1.425000000000000000e+01,2.000000000000000000e+00,0.000000000000000000e+00,0.000000000000000000e+00,0.000000000000000000e+00,0.000000000000000000e+00,0.000000000000000000e+00,0.000000000000000000e+00,0.000000000000000000e+00,0.000000000000000000e+00
1.000000000000000000e+00,6.016878509521484375e+01,2.479180145263671875e+01,1.425000000000000000e+01,2.000000000000000000e+00,1.345231296664431593e-02,9.865416069589930670e-01,0.000000000000000000e+00,0.000000000000000000e+00,1.622732322948581413e-02,0.000000000000000000e+00,2.633260191942098940e-04,0.000000000000000000e+00
1.000000000000000000e+00,6.016888046264648438e+01,2.479426765441894531e+01,1.425000000000000000e+01,2.000000000000000000e+00,3.722862855374481361e-02,9.627323343998408500e-01,1.345231296664431593e-02,9.865416069589930670e-01,2.468045011274146421e-03,1.622732322948581413e-02,1.893177370861540382e-04,0.000000000000000000e+00
1.000000000000000000e+00,6.016909027099609375e+01,2.479961967468261719e+01,1.425000000000000000e+01,2.000000000000000000e+00,3.772222985896953734e-02,9.622597907660773719e-01,3.722862855374481361e-02,9.627323343998408500e-01,5.356131108021924825e-03,2.468045011274146421e-03,8.341041302227817514e-06,0.000000000000000000e+00
1.000000000000000000e+00,6.017053222656250000e+01,2.481324768066406250e+01,1.426666641235351562e+01,2.000000000000000000e+00,9.568345569310697518e-02,9.043099086339276838e-01,3.772222985896953734e-02,9.622597907660773719e-01,1.370407906011196324e-02,5.356131108021924825e-03,6.968823501080426142e-05,0.000000000000000000e+00
1.000000000000000000e+00,6.017053222656250000e+01,2.481324768066406250e+01,1.426666641235351562e+01,2.000000000000000000e+00,0.000000000000000000e+00,0.000000000000000000e+00,9.568345569310697518e-02,9.043099086339276838e-01,0.000000000000000000e+00,1.370407906011196324e-02,1.878017828857991844e-04,0.000000000000000000e+00
1.000000000000000000e+00,6.017053222656250000e+01,2.481324768066406250e+01,1.426666641235351562e+01,2.000000000000000000e+00,0.000000000000000000e+00,0.000000000000000000e+00,0.000000000000000000e+00,0.000000000000000000e+00,0.000000000000000000e+00,0.000000000000000000e+00,0.000000000000000000e+00,0.000000000000000000e+00
1.000000000000000000e+00,6.017053222656250000e+01,2.481324768066406250e+01,1.426666641235351562e+01,2.000000000000000000e+00,0.000000000000000000e+00,0.000000000000000000e+00,0.000000000000000000e+00,0.000000000000000000e+00,0.000000000000000000e+00,0.000000000000000000e+00,0.000000000000000000e+00,0.000000000000000000e+00
1.000000000000000000e+00,6.017053222656250000e+01,2.481324768066406250e+01,1.426666641235351562e+01,2.000000000000000000e+00,0.000000000000000000e+00,0.000000000000000000e+00,0.000000000000000000e+00,0.000000000000000000e+00,0.000000000000000000e+00,0.000000000000000000e+00,0.000000000000000000e+00,0.000000000000000000e+00
1.000000000000000000e+00,6.016905212402343750e+01,2.482803916931152344e+01,1.426666641235351562e+01,2.000000000000000000e+00,-9.096181350149716571e-02,9.090320408558125731e-01,0.000000000000000000e+00,0.000000000000000000e+00,1.486535704024982522e-02,0.000000000000000000e+00,2.209788399341050535e-04,0.000000000000000000e+00
1.000000000000000000e+00,6.016855621337890625e+01,2.483093833923339844e+01,1.428333377838134766e+01,2.000000000000000000e+00,-1.460631135315917373e-01,8.539074329539209085e-01,-9.096181350149716571e-02,9.090320408558125731e-01,2.941277546112249126e-03,1.486535704024982522e-02,1.421836717825122041e-04,0.000000000000000000e+00
1.000000000000000000e+00,6.016792297363281250e+01,2.483670616149902344e+01,1.428333377838134766e+01,2.000000000000000000e+00,-9.892574893971810279e-02,9.010586288967095125e-01,-1.460631135315917373e-01,8.539074329539209085e-01,5.802479320417470478e-03,2.941277546112249126e-03,8.186475593287346792e-06,0.000000000000000000e+00
1.000000000000000000e+00,6.016792297363281250e+01,2.483670616149902344e+01,1.428333377838134766e+01,2.000000000000000000e+00,0.000000000000000000e+00,0.000000000000000000e+00,-9.892574893971810279e-02,9.010586288967095125e-01,0.000000000000000000e+00,5.802479320417470478e-03,3.366876626387239180e-05,0.000000000000000000e+00
1.000000000000000000e+00,6.016792297363281250e+01,2.483670616149902344e+01,1.428333377838134766e+01,2.000000000000000000e+00,0.000000000000000000e+00,0.000000000000000000e+00,0.000000000000000000e+00,0.000000000000000000e+00,0.000000000000000000e+00,0.000000000000000000e+00,0.000000000000000000e+00,0.000000000000000000e+00
1.000000000000000000e+00,6.016663360595703125e+01,2.484577560424804688e+01,1.428333377838134766e+01,2.000000000000000000e+00,-1.244694299792210579e-01,8.755209164958522861e-01,0.000000000000000000e+00,0.000000000000000000e+00,9.160636483408963679e-03,0.000000000000000000e+00,8.391726078116334975e-05,0.000000000000000000e+00
1.000000000000000000e+00,6.016396713256835938e+01,2.485710334777832031e+01,1.428333377838134766e+01,2.000000000000000000e+00,-1.905397315293067551e-01,8.094531227128417550e-01,-1.244694299792210579e-01,8.755209164958522861e-01,1.163734737043399352e-02,9.160636483408963679e-03,6.134096817908309909e-06,0.000000000000000000e+00
1.000000000000000000e+00,6.016396713256835938e+01,2.485710334777832031e+01,1.430000019073486328e+01,2.000000000000000000e+00,0.000000000000000000e+00,0.000000000000000000e+00,-1.905397315293067551e-01,8.094531227128417550e-01,0.000000000000000000e+00,1.163734737043399352e-02,1.354278538201469928e-04,0.000000000000000000e+00
1.000000000000000000e+00,6.016205215454101562e+01,2.486508941650390625e+01,1.430000019073486328e+01,2.000000000000000000e+00,-1.934097206242418321e-01,8.065801795355583836e-01,0.000000000000000000e+00,0.000000000000000000e+00,8.212456059851470924e-03,0.000000000000000000e+00,6.744443453499114648e-05,0.000000000000000000e+00
1.000000000000000000e+00,6.016205215454101562e+01,2.486508941650390625e+01,1.430000019073486328e+01,2.000000000000000000e+00,0.000000000000000000e+00,0.000000000000000000e+00,-1.934097206242418321e-01,8.065801795355583836e-01,0.000000000000000000e+00,8.212456059851470924e-03,6.744443453499114648e-05,0.000000000000000000e+00
1.000000000000000000e+00,6.016205215454101562e+01,2.486508941650390625e+01,1.430000019073486328e+01,2.000000000000000000e+00,0.000000000000000000e+00,0.000000000000000000e+00,0.000000000000000000e+00,0.000000000000000000e+00,0.000000000000000000e+00,0.000000000000000000e+00,0.000000000000000000e+00,0.000000000000000000e+00
1.000000000000000000e+00,6.016205215454101562e+01,2.486508941650390625e+01,1.430000019073486328e+01,2.000000000000000000e+00,0.000000000000000000e+00,0.000000000000000000e+00,0.000000000000000000e+00,0.000000000000000000e+00,0.000000000000000000e+00,0.000000000000000000e+00,0.000000000000000000e+00,0.000000000000000000e+00
1.000000000000000000e+00,6.016205215454101562e+01,2.486508941650390625e+01,1.430000019073486328e+01,2.000000000000000000e+00,0.000000000000000000e+00,0.000000000000000000e+00,0.000000000000000000e+00,0.000000000000000000e+00,0.000000000000000000e+00,0.000000000000000000e+00,0.000000000000000000e+00,0.000000000000000000e+00
1.000000000000000000e+00,6.016444778442382812e+01,2.487853813171386719e+01,1.431666660308837891e+01,2.000000000000000000e+00,1.511968307369207509e-01,8.487968579028887239e-01,0.000000000000000000e+00,0.000000000000000000e+00,1.366041666033869159e-02,0.000000000000000000e+00,1.866069833340588957e-04,0.000000000000000000e+00
1.000000000000000000e+00,6.016199874877929688e+01,2.489635848999023438e+01,1.431666660308837891e+01,2.000000000000000000e+00,-1.208237193335262860e-01,8.791713471441869876e-01,1.511968307369207509e-01,8.487968579028887239e-01,1.798785547769030449e-02,1.366041666033869159e-02,1.872672671792152699e-05,0.000000000000000000e+00
1.000000000000000000e+00,6.016199874877929688e+01,2.489635848999023438e+01,1.431666660308837891e+01,2.000000000000000000e+00,0.000000000000000000e+00,0.000000000000000000e+00,-1.208237193335262860e-01,8.791713471441869876e-01,0.000000000000000000e+00,1.798785547769030449e-02,3.235629446862731129e-04,0.000000000000000000e+00
1.000000000000000000e+00,6.016199874877929688e+01,2.489635848999023438e+01,1.431666660308837891e+01,2.000000000000000000e+00,0.000000000000000000e+00,0.000000000000000000e+00,0.000000000000000000e+00,0.000000000000000000e+00,0.000000000000000000e+00,0.000000000000000000e+00,0.000000000000000000e+00,0.000000000000000000e+00
1.000000000000000000e+00,6.016673278808593750e+01,2.490373039245605469e+01,1.431666660308837891e+01,2.000000000000000000e+00,3.910476599717102597e-01,6.089440796900322805e-01,0.000000000000000000e+00,0.000000000000000000e+00,8.761054395584246673e-03,0.000000000000000000e+00,7.675607412238605320e-05,0.000000000000000000e+00
1.000000000000000000e+00,6.016681671142578125e+01,2.490280723571777344e+01,1.431666660308837891e+01,2.000000000000000000e+00,8.332505940743435702e-02,-9.165756534817778300e-01,3.910476599717102597e-01,6.089440796900322805e-01,9.269635863423147026e-04,8.761054395584246673e-03,6.137297880744891894e-05,0.000000000000000000e+00
1.000000000000000000e+00,6.016682434082031250e+01,2.490273284912109375e+01,1.433333301544189453e+01,2.000000000000000000e+00,9.290997306056748839e-02,-9.058722373405330153e-01,8.332505940743435702e-02,-9.165756534817778300e-01,7.477682412686408628e-05,9.269635863423147026e-04,7.262222776952529565e-07,0.000000000000000000e+00
1.000000000000000000e+00,6.016682434082031250e+01,2.490273284912109375e+01,1.433333301544189453e+01,2.000000000000000000e+00,0.000000000000000000e+00,0.000000000000000000e+00,9.290997306056748839e-02,-9.058722373405330153e-01,0.000000000000000000e+00,7.477682412686408628e-05,5.591573426499962807e-09,0.000000000000000000e+00
1.000000000000000000e+00,6.016467666625976562e+01,2.491200065612792969e+01,1.433333301544189453e+01,2.000000000000000000e+00,-1.881353611175904939e-01,8.118558789257301900e-01,0.000000000000000000e+00,0.000000000000000000e+00,9.513398590092685819e-03,0.000000000000000000e+00,9.050475273397749797e-05,0.000000000000000000e+00
1.000000000000000000e+00,6.016454696655273438e+01,2.491213035583496094e+01,1.433333301544189453e+01,2.000000000000000000e+00,-4.998073213375812673e-01,4.998073213375812673e-01,-1.881353611175904939e-01,8.118558789257301900e-01,1.834230847194108169e-04,9.513398590092685819e-03,8.704844293086530895e-05,0.000000000000000000e+00
1.000000000000000000e+00,6.016450119018554688e+01,2.491221618652343750e+01,1.433333301544189453e+01,2.000000000000000000e+00,-3.475619962552280451e-01,6.516787429785525498e-01,-4.998073213375812673e-01,4.998073213375812673e-01,9.727478027343750000e-05,1.834230847194108169e-04,7.421530358916105605e-09,0.000000000000000000e+00
1.000000000000000000e+00,6.016179275512695312e+01,2.492891883850097656e+01,1.439999961853027344e+01,2.000000000000000000e+00,-1.395295946379865037e-01,8.604652536935548657e-01,-3.475619962552280451e-01,6.516787429785525498e-01,1.692082159794285057e-02,9.727478027343750000e-05,2.830317275263146315e-04,0.000000000000000000e+00
1.000000000000000000e+00,6.016255187988281250e+01,2.493512725830078125e+01,1.441666698455810547e+01,2.000000000000000000e+00,1.089499829956560306e-01,8.910356649519105554e-01,-1.395295946379865037e-01,8.604652536935548657e-01,6.254658008681644558e-03,1.692082159794285057e-02,1.137670457128814750e-04,0.000000000000000000e+00
1.000000000000000000e+00,6.016270828247070312e+01,2.493548965454101562e+01,1.441666698455810547e+01,2.000000000000000000e+00,3.014124900913217053e-01,6.983947941140381532e-01,1.089499829956560306e-01,8.910356649519105554e-01,3.947059721297557322e-04,6.254658008681644558e-03,3.433903787068863159e-05,0.000000000000000000e+00
1.000000000000000000e+00,6.016270828247070312e+01,2.493548965454101562e+01,1.441666698455810547e+01,2.000000000000000000e+00,0.000000000000000000e+00,0.000000000000000000e+00,3.014124900913217053e-01,6.983947941140381532e-01,0.000000000000000000e+00,3.947059721297557322e-04,1.557928044348955154e-07,0.000000000000000000e+00
1.000000000000000000e+00,6.016343307495117188e+01,2.493761444091796875e+01,1.441666698455810547e+01,2.000000000000000000e+00,2.543418106854591354e-01,7.456230976410564981e-01,0.000000000000000000e+00,0.000000000000000000e+00,2.245003627486964921e-03,0.000000000000000000e+00,5.040041287429630756e-06,0.000000000000000000e+00
1.000000000000000000e+00,6.016343307495117188e+01,2.493761444091796875e+01,1.441666698455810547e+01,2.000000000000000000e+00,0.000000000000000000e+00,0.000000000000000000e+00,2.543418106854591354e-01,7.456230976410564981e-01,0.000000000000000000e+00,2.245003627486964921e-03,5.040041287429630756e-06,0.000000000000000000e+00
1.000000000000000000e+00,6.016343307495117188e+01,2.493761444091796875e+01,1.441666698455810547e+01,2.000000000000000000e+00,0.000000000000000000e+00,0.000000000000000000e+00,0.000000000000000000e+00,0.000000000000000000e+00,0.000000000000000000e+00,0.000000000000000000e+00,0.000000000000000000e+00,0.000000000000000000e+00
1.000000000000000000e+00,6.016356658935546875e+01,2.493780517578125000e+01,1.443333339691162109e+01,2.000000000000000000e+00,4.116377548616347859e-01,5.880539355166211068e-01,0.000000000000000000e+00,0.000000000000000000e+00,2.328215716501942211e-04,0.000000000000000000e+00,5.420588422566652298e-08,0.000000000000000000e+00
1.000000000000000000e+00,6.016356658935546875e+01,2.493780517578125000e+01,1.443333339691162109e+01,2.000000000000000000e+00,0.000000000000000000e+00,0.000000000000000000e+00,4.116377548616347859e-01,5.880539355166211068e-01,0.000000000000000000e+00,2.328215716501942211e-04,5.420588422566652298e-08,0.000000000000000000e+00
1.000000000000000000e+00,6.016511535644531250e+01,2.494243431091308594e+01,1.443333339691162109e+01,2.000000000000000000e+00,2.506906009856804673e-01,7.492932125520276321e-01,0.000000000000000000e+00,0.000000000000000000e+00,4.881349359283844967e-03,0.000000000000000000e+00,2.382757156738080423e-05,0.000000000000000000e+00
1.000000000000000000e+00,6.016521453857421875e+01,2.494269752502441406e+01,1.443333339691162109e+01,2.000000000000000000e+00,2.736087106506896460e-01,7.261154244191380114e-01,2.506906009856804673e-01,7.492932125520276321e-01,2.812805771762966287e-04,4.881349359283844967e-03,2.116063280012042339e-05,0.000000000000000000e+00
1.000000000000000000e+00,6.016535186767578125e+01,2.494288063049316406e+01,1.443333339691162109e+01,2.000000000000000000e+00,4.284377233588664291e-01,5.712502978118219055e-01,2.736087106506896460e-01,7.261154244191380114e-01,2.288818359375000000e-04,2.812805771762966287e-04,2.745628083410366287e-09,0.000000000000000000e+00
1.000000000000000000e+00,6.016535186767578125e+01,2.494288063049316406e+01,1.443333339691162109e+01,2.000000000000000000e+00,0.000000000000000000e+00,0.000000000000000000e+00,4.284377233588664291e-01,5.712502978118219055e-01,0.000000000000000000e+00,2.288818359375000000e-04,5.238689482212066650e-08,0.000000000000000000e+00
1.000000000000000000e+00,6.016535186767578125e+01,2.494288063049316406e+01,1.444999980926513672e+01,2.000000000000000000e+00,0.000000000000000000e+00,0.000000000000000000e+00,0.000000000000000000e+00,0.000000000000000000e+00,0.000000000000000000e+00,0.000000000000000000e+00,0.000000000000000000e+00,0.000000000000000000e+00
1.000000000000000000e+00,6.016751480102539062e+01,2.494558334350585938e+01,1.444999980926513672e+01,2.000000000000000000e+00,4.445224203147509767e-01,5.554570278536173911e-01,0.000000000000000000e+00,0.000000000000000000e+00,3.461638095446287981e-03,0.000000000000000000e+00,1.198293830384500325e-05,0.000000000000000000e+00
1.000000000000000000e+00,6.016751098632812500e+01,2.494557762145996094e+01,1.444999980926513672e+01,2.000000000000000000e+00,-3.958492200820326046e-01,-5.937738301230488513e-01,4.445224203147509767e-01,5.554570278536173911e-01,6.877043295791605234e-06,3.461638095446287981e-03,1.193537392745600535e-05,0.000000000000000000e+00
1.000000000000000000e+00,6.016751861572265625e+01,2.494563293457031250e+01,1.444999980926513672e+01,2.000000000000000000e+00,1.210198507408932062e-01,8.773939178714756926e-01,-3.958492200820326046e-01,-5.937738301230488513e-01,5.583679644891528120e-05,6.877043295791605234e-06,2.397057428814803955e-09,0.000000000000000000e+00
1.000000000000000000e+00,6.016752624511718750e+01,2.494567489624023438e+01,1.444999980926513672e+01,2.000000000000000000e+00,1.535365485769986937e-01,8.444510171734928017e-01,1.210198507408932062e-01,8.773939178714756926e-01,4.264961199760036097e-05,5.583679644891528120e-05,1.739018337530019827e-10,0.000000000000000000e+00
1.000000000000000000e+00,6.016752624511718750e+01,2.494569015502929688e+01,1.444999980926513672e+01,2.000000000000000000e+00,0.000000000000000000e+00,9.934890700306472366e-01,1.535365485769986937e-01,8.444510171734928017e-01,1.525878906250000000e-05,4.264961199760036097e-05,7.502571810620199832e-10,0.000000000000000000e+00
1.000000000000000000e+00,6.016752624511718750e+01,2.494568252563476562e+01,1.446666622161865234e+01,2.000000000000000000e+00,0.000000000000000000e+00,-9.870623760249654932e-01,0.000000000000000000e+00,9.934890700306472366e-01,7.629394531250000000e-06,1.525878906250000000e-05,5.820766091346740723e-11,0.000000000000000000e+00
1.000000000000000000e+00,6.016752624511718750e+01,2.494567871093750000e+01,1.446666622161865234e+01,2.000000000000000000e+00,0.000000000000000000e+00,-9.744552405423272390e-01,0.000000000000000000e+00,-9.870623760249654932e-01,3.814697265625000000e-06,7.629394531250000000e-06,1.455191522836685181e-11,0.000000000000000000e+00
1.000000000000000000e+00,6.016752624511718750e+01,2.494567871093750000e+01,1.446666622161865234e+01,2.000000000000000000e+00,0.000000000000000000e+00,0.000000000000000000e+00,0.000000000000000000e+00,-9.744552405423272390e-01,0.000000000000000000e+00,3.814697265625000000e-06,1.455191522836685181e-11,0.000000000000000000e+00
1.000000000000000000e+00,6.016761016845703125e+01,2.495055389404296875e+01,1.446666622161865234e+01,2.000000000000000000e+00,1.692273567741373747e-02,9.830570998061252119e-01,0.000000000000000000e+00,0.000000000000000000e+00,4.875905396828209004e-03,0.000000000000000000e+00,2.377445343881845474e-05,0.000000000000000000e+00
1.000000000000000000e+00,6.016770172119140625e+01,2.495125389099121094e+01,1.446666622161865234e+01,2.000000000000000000e+00,1.156480402699428811e-01,8.842256412306049862e-01,1.692273567741373747e-02,9.830570998061252119e-01,7.059586607726510248e-04,4.875905396828209004e-03,1.738845578154039860e-05,0.000000000000000000e+00
1.000000000000000000e+00,6.018599319458007812e+01,2.481110763549804688e+01,1.693333244323730469e+01,2.000000000000000000e+00,0.000000000000000000e+00,0.000000000000000000e+00,1.156480402699428811e-01,8.842256412306049862e-01,0.000000000000000000e+00,7.059586607726510248e-04,4.983776307199149265e-07,0.000000000000000000e+00
1.000000000000000000e+00,6.018602752685546875e+01,2.481115341186523438e+01,1.693333244323730469e+01,2.000000000000000000e+00,4.280371078114755257e-01,5.707161437486341082e-01,0.000000000000000000e+00,0.000000000000000000e+00,5.722045898437500000e-05,0.000000000000000000e+00,3.274180926382541656e-09,0.000000000000000000e+00
1.000000000000000000e+00,6.018602371215820312e+01,2.481110572814941406e+01,1.693333244323730469e+01,2.000000000000000000e+00,-7.393051525192444184e-02,-9.241314406490555022e-01,4.280371078114755257e-01,5.707161437486341082e-01,4.783606034845143623e-05,5.722045898437500000e-05,8.806693775792404522e-11,0.000000000000000000e+00
1.000000000000000000e+00,6.018601608276367188e+01,2.481110382080078125e+01,1.693333244323730469e+01,2.000000000000000000e+00,-7.916984401640652091e-01,-1.979246100410163023e-01,-7.393051525192444184e-02,-9.241314406490555022e-01,7.864199877963372394e-06,4.783606034845143623e-05,1.597749629472166120e-09,0.000000000000000000e+00
1.000000000000000000e+00,6.018605422973632812e+01,2.481108283996582031e+01,1.695000076293945312e+01,2.000000000000000000e+00,6.440720025095105772e-01,-3.542396013802308063e-01,-7.916984401640652091e-01,-1.979246100410163023e-01,4.353604206281023689e-05,7.864199877963372394e-06,1.272480324860620102e-09,0.000000000000000000e+00
1.000000000000000000e+00,6.018605041503906250e+01,2.481108856201171875e+01,1.695000076293945312e+01,2.000000000000000000e+00,-3.958492200820326046e-01,5.937738301230488513e-01,6.440720025095105772e-01,-3.542396013802308063e-01,6.877043295791605234e-06,4.353604206281023689e-05,1.343882190600273753e-09,0.000000000000000000e+00
1.000000000000000000e+00,6.018604660034179688e+01,2.481107330322265625e+01,1.695000076293945312e+01,2.000000000000000000e+00,-1.989568928854288654e-01,-7.958275715417154617e-01,-3.958492200820326046e-01,5.937738301230488513e-01,1.572839975592674479e-05,6.877043295791605234e-06,7.834651118437605289e-11,0.000000000000000000e+00
1.000000000000000000e+00,6.018604278564453125e+01,2.481108665466308594e+01,1.695000076293945312e+01,2.000000000000000000e+00,-2.209351815062052804e-01,7.732731352717184814e-01,-1.989568928854288654e-01,-7.958275715417154617e-01,1.388570764404395686e-05,1.572839975592674479e-05,3.395514219195049170e-12,0.000000000000000000e+00
1.000000000000000000e+00,6.018603515625000000e+01,2.481107521057128906e+01,1.695000076293945312e+01,2.000000000000000000e+00,-3.979137857708577308e-01,-5.968706786562865130e-01,-2.209351815062052804e-01,7.732731352717184814e-01,1.375408659158321047e-05,1.388570764404395686e-05,1.732410145087455384e-14,0.000000000000000000e+00
1.000000000000000000e+00,6.018364334106445312e+01,2.480543327331542969e+01,1.696666717529296875e+01,2.000000000000000000e+00,-2.977170918922442122e-01,-7.022704607793129883e-01,-3.979137857708577308e-01,-5.968706786562865130e-01,6.127987914549656162e-03,1.375408659158321047e-05,3.738385530294683240e-05,0.000000000000000000e+00
1.000000000000000000e+00,6.018366241455078125e+01,2.480541610717773438e+01,1.696666717529296875e+01,2.000000000000000000e+00,5.248674646667620403e-01,-4.723807182000858140e-01,-2.977170918922442122e-01,-7.022704607793129883e-01,2.566075143255941362e-05,6.127987914549656162e-03,3.723839680571674836e-05,0.000000000000000000e+00
1.000000000000000000e+00,6.018491744995117188e+01,2.480440521240234375e+01,1.698333358764648438e+01,2.000000000000000000e+00,5.538476114767234559e-01,-4.461082584842909204e-01,5.248674646667620403e-01,-4.723807182000858140e-01,1.611527878488522563e-03,2.566075143255941362e-05,2.514974544676734055e-06,0.000000000000000000e+00
1.000000000000000000e+00,6.018491744995117188e+01,2.480440521240234375e+01,1.698333358764648438e+01,2.000000000000000000e+00,0.000000000000000000e+00,0.000000000000000000e+00,5.538476114767234559e-01,-4.461082584842909204e-01,0.000000000000000000e+00,1.611527878488522563e-03,2.597022103145718151e-06,0.000000000000000000e+00
1.000000000000000000e+00,6.018491744995117188e+01,2.480440521240234375e+01,1.698333358764648438e+01,2.000000000000000000e+00,0.000000000000000000e+00,0.000000000000000000e+00,0.000000000000000000e+00,0.000000000000000000e+00,0.000000000000000000e+00,0.000000000000000000e+00,0.000000000000000000e+00,0.000000000000000000e+00
1.000000000000000000e+00,6.018420410156250000e+01,2.480203056335449219e+01,1.698333358764648438e+01,2.000000000000000000e+00,-2.309993137635445171e-01,-7.689683038385372038e-01,0.000000000000000000e+00,0.000000000000000000e+00,2.479480595625441382e-03,0.000000000000000000e+00,6.147824024083093656e-06,0.000000000000000000e+00
1.000000000000000000e+00,6.018402481079101562e+01,2.479993820190429688e+01,1.698333358764648438e+01,2.000000000000000000e+00,-7.892179867741520860e-02,-9.210341824374944641e-01,-2.309993137635445171e-01,-7.689683038385372038e-01,2.100028956705810371e-03,2.479480595625441382e-03,1.439835462787940339e-07,0.000000000000000000e+00
1.000000000000000000e+00,6.018399429321289062e+01,2.479995346069335938e+01,1.698333358764648438e+01,2.000000000000000000e+00,-6.652134856335173430e-01,3.326067428167586715e-01,-7.892179867741520860e-02,-9.210341824374944641e-01,3.411968959808028877e-05,2.100028956705810371e-03,4.267981099921597882e-06,0.000000000000000000e+00
1.000000000000000000e+00,6.018400573730468750e+01,2.479991149902343750e+01,1.700000000000000000e+01,2.000000000000000000e+00,2.138852233714607920e-01,-7.842458190286895059e-01,-6.652134856335173430e-01,3.326067428167586715e-01,4.349424076458503410e-05,3.411968959808028877e-05,8.788220957341548178e-11,0.000000000000000000e+00
1.000000000000000000e+00,6.018400573730468750e+01,2.479989242553710938e+01,1.700000000000000000e+01,2.000000000000000000e+00,0.000000000000000000e+00,-9.947844644271442993e-01,2.138852233714607920e-01,-7.842458190286895059e-01,1.907348632812500000e-05,4.349424076458503410e-05,5.963732472458824856e-10,0.000000000000000000e+00
1.000000000000000000e+00,6.018400955200195312e+01,2.479989242553710938e+01,1.700000000000000000e+01,2.000000000000000000e+00,9.744552405423272390e-01,0.000000000000000000e+00,0.000000000000000000e+00,-9.947844644271442993e-01,3.814697265625000000e-06,1.907348632812500000e-05,2.328306436538696289e-10,0.000000000000000000e+00
1.000000000000000000e+00,6.018405532836914062e+01,2.479987335205078125e+01,1.700000000000000000e+01,2.000000000000000000e+00,7.047955416325545341e-01,-2.936648090135643985e-01,9.744552405423272390e-01,0.000000000000000000e+00,4.959106445312500000e-05,3.814697265625000000e-06,2.095475792884826660e-09,0.000000000000000000e+00
1.000000000000000000e+00,6.018405532836914062e+01,2.479987335205078125e+01,1.700000000000000000e+01,2.000000000000000000e+00,0.000000000000000000e+00,0.000000000000000000e+00,7.047955416325545341e-01,-2.936648090135643985e-01,0.000000000000000000e+00,4.959106445312500000e-05,2.459273673593997955e-09,0.000000000000000000e+00
1.000000000000000000e+00,6.018335723876953125e+01,2.479759788513183594e+01,1.700000000000000000e+01,2.000000000000000000e+00,-2.347579807060815871e-01,-7.652083906621730547e-01,0.000000000000000000e+00,0.000000000000000000e+00,2.380142598311548764e-03,0.000000000000000000e+00,5.665078788297250867e-06,0.000000000000000000e+00
1.000000000000000000e+00,6.018261718750000000e+01,2.479522132873535156e+01,1.701666641235351562e+01,2.000000000000000000e+00,-2.374464816192805861e-01,-7.625214332412979523e-01,-2.347579807060815871e-01,-7.652083906621730547e-01,2.489115543160986318e-03,2.380142598311548764e-03,1.187510270915855874e-08,0.000000000000000000e+00
1.000000000000000000e+00,6.018262481689453125e+01,2.479522705078125000e+01,1.701666641235351562e+01,2.000000000000000000e+00,5.671804868132804822e-01,4.253853651099603894e-01,-2.374464816192805861e-01,-7.625214332412979523e-01,9.536743164062500000e-06,2.489115543160986318e-03,6.148311025394185140e-06,0.000000000000000000e+00
1.000000000000000000e+00,6.018262481689453125e+01,2.479522705078125000e+01,1.701666641235351562e+01,2.000000000000000000e+00,0.000000000000000000e+00,0.000000000000000000e+00,5.671804868132804822e-01,4.253853651099603894e-01,0.000000000000000000e+00,9.536743164062500000e-06,9.094947017729282379e-11,0.000000000000000000e+00
1.000000000000000000e+00,6.018261718750000000e+01,2.479521751403808594e+01,1.701666641235351562e+01,2.000000000000000000e+00,-4.418703630124105608e-01,-5.523379537655132010e-01,0.000000000000000000e+00,0.000000000000000000e+00,1.221299025999612528e-05,0.000000000000000000e+00,1.491571310907602310e-10,0.000000000000000000e+00
1.000000000000000000e+00,6.018261718750000000e+01,2.479521942138671875e+01,1.701666641235351562e+01,2.000000000000000000e+00,0.000000000000000000e+00,9.501830432614539745e-01,-4.418703630124105608e-01,-5.523379537655132010e-01,1.907348632812500000e-06,1.221299025999612528e-05,1.062062493479399541e-10,0.000000000000000000e+00
1.000000000000000000e+00,6.018261718750000000e+01,2.479521942138671875e+01,1.701666641235351562e+01,2.000000000000000000e+00,0.000000000000000000e+00,0.000000000000000000e+00,0.000000000000000000e+00,9.501830432614539745e-01,0.000000000000000000e+00,1.907348632812500000e-06,3.637978807091712952e-12,0.000000000000000000e+00
1.000000000000000000e+00,6.018262100219726562e+01,2.479523468017578125e+01,1.703333282470703125e+01,2.000000000000000000e+00,1.989568928854288654e-01,7.958275715417154617e-01,0.000000000000000000e+00,0.000000000000000000e+00,1.572839975592674479e-05,0.000000000000000000e+00,2.473825588822364807e-10,0.000000000000000000e+00
1.000000000000000000e+00,6.018261718750000000e+01,2.479522323608398438e+01,1.703333282470703125e+01,2.000000000000000000e+00,-2.483722675076618092e-01,-7.451168025229853997e-01,1.989568928854288654e-01,7.958275715417154617e-01,1.206313194339134034e-05,1.572839975592674479e-05,1.343418813760806851e-11,0.000000000000000000e+00
1.000000000000000000e+00,6.018264389038085938e+01,2.479502868652343750e+01,1.703333282470703125e+01,2.000000000000000000e+00,1.206351314208772563e-01,-8.789131003521056806e-01,-2.483722675076618092e-01,-7.451168025229853997e-01,1.963735607335472260e-04,1.206313194339134034e-05,3.397033416081112380e-08,0.000000000000000000e+00
1.000000000000000000e+00,6.018264389038085938e+01,2.479502868652343750e+01,1.703333282470703125e+01,2.000000000000000000e+00,0.000000000000000000e+00,0.000000000000000000e+00,1.206351314208772563e-01,-8.789131003521056806e-01,0.000000000000000000e+00,1.963735607335472260e-04,3.856257535517216391e-08,0.000000000000000000e+00
1.000000000000000000e+00,6.018290710449218750e+01,2.478909873962402344e+01,1.703333282470703125e+01,2.000000000000000000e+00,4.250008369929526852e-02,-9.574837697181810547e-01,0.000000000000000000e+00,0.000000000000000000e+00,5.935785701848804614e-03,0.000000000000000000e+00,3.523355189827270806e-05,0.000000000000000000e+00
1.000000000000000000e+00,6.018290710449218750e+01,2.478909873962402344e+01,1.704999923706054688e+01,2.000000000000000000e+00,0.000000000000000000e+00,0.000000000000000000e+00,4.250008369929526852e-02,-9.574837697181810547e-01,0.000000000000000000e+00,5.935785701848804614e-03,3.523355189827270806e-05,0.000000000000000000e+00
1.000000000000000000e+00,6.018279266357421875e+01,2.478510284423828125e+01,1.704999923706054688e+01,2.000000000000000000e+00,-2.784155002363903481e-02,-9.721341216587295886e-01,0.000000000000000000e+00,0.000000000000000000e+00,3.997533821933372221e-03,0.000000000000000000e+00,1.598027665750123560e-05,0.000000000000000000e+00
1.000000000000000000e+00,6.018279266357421875e+01,2.478510284423828125e+01,1.704999923706054688e+01,2.000000000000000000e+00,0.000000000000000000e+00,0.000000000000000000e+00,-2.784155002363903481e-02,-9.721341216587295886e-01,0.000000000000000000e+00,3.997533821933372221e-03,1.598027665750123560e-05,0.000000000000000000e+00
1.000000000000000000e+00,6.018215560913085938e+01,2.478238296508789062e+01,1.704999923706054688e+01,2.000000000000000000e+00,-1.897670742840998903e-01,-8.102031375123546209e-01,0.000000000000000000e+00,0.000000000000000000e+00,2.793489029248826579e-03,0.000000000000000000e+00,7.803580956533551216e-06,0.000000000000000000e+00
1.000000000000000000e+00,6.018254089355468750e+01,2.478128242492675781e+01,1.704999923706054688e+01,2.000000000000000000e+00,2.592893527219307104e-01,-7.406433491116535262e-01,-1.897670742840998903e-01,-8.102031375123546209e-01,1.166032904128698781e-03,2.793489029248826579e-03,2.648613439191021261e-06,0.000000000000000000e+00
1.000000000000000000e+00,6.018254089355468750e+01,2.478128242492675781e+01,1.704999923706054688e+01,2.000000000000000000e+00,0.000000000000000000e+00,0.000000000000000000e+00,2.592893527219307104e-01,-7.406433491116535262e-01,0.000000000000000000e+00,1.166032904128698781e-03,1.359632733510807157e-06,0.000000000000000000e+00
1.000000000000000000e+00,6.018254089355468750e+01,2.478128242492675781e+01,1.706666755676269531e+01,2.000000000000000000e+00,0.000000000000000000e+00,0.000000000000000000e+00,0.000000000000000000e+00,0.000000000000000000e+00,0.000000000000000000e+00,0.000000000000000000e+00,0.000000000000000000e+00,0.000000000000000000e+00
1.000000000000000000e+00,6.018254089355468750e+01,2.478128242492675781e+01,1.706666755676269531e+01,2.000000000000000000e+00,0.000000000000000000e+00,0.000000000000000000e+00,0.000000000000000000e+00,0.000000000000000000e+00,0.000000000000000000e+00,0.000000000000000000e+00,0.000000000000000000e+00,0.000000000000000000e+00
1.000000000000000000e+00,6.018254089355468750e+01,2.478128242492675781e+01,1.706666755676269531e+01,2.000000000000000000e+00,0.000000000000000000e+00,0.000000000000000000e+00,0.000000000000000000e+00,0.000000000000000000e+00,0.000000000000000000e+00,0.000000000000000000e+00,0.000000000000000000e+00,0.000000000000000000e+00
1.000000000000000000e+00,6.018453216552734375e+01,2.477346801757812500e+01,1.706666755676269531e+01,2.000000000000000000e+00,2.030712610810089802e-01,-7.969185408514307678e-01,0.000000000000000000e+00,0.000000000000000000e+00,8.064125884400169531e-03,0.000000000000000000e+00,6.503012627945281565e-05,0.000000000000000000e+00
1.000000000000000000e+00,6.018318557739257812e+01,2.476901054382324219e+01,1.706666755676269531e+01,2.000000000000000000e+00,-2.320038896859902833e-01,-7.679788812976759971e-01,2.030712610810089802e-01,-7.969185408514307678e-01,4.656433386204579354e-03,8.064125884400169531e-03,1.161236816225850207e-05,0.000000000000000000e+00
1.000000000000000000e+00,6.018251419067382812e+01,2.476705360412597656e+01,1.706666755676269531e+01,2.000000000000000000e+00,-2.554329520731802305e-01,-7.445290023496673459e-01,-2.320038896859902833e-01,-7.679788812976759971e-01,2.068906258110301058e-03,4.656433386204579354e-03,6.695296638623823631e-06,0.000000000000000000e+00
1.000000000000000000e+00,6.018170547485351562e+01,2.476504325866699219e+01,1.708333396911621094e+01,2.000000000000000000e+00,-2.868639783936736132e-01,-7.131005500635189120e-01,-2.554329520731802305e-01,-7.445290023496673459e-01,2.166912583027478297e-03,2.068906258110301058e-03,9.605239723771315563e-09,0.000000000000000000e+00
1.000000000000000000e+00,6.018128204345703125e+01,2.476306152343750000e+01,1.708333396911621094e+01,2.000000000000000000e+00,-1.760434339841461804e-01,-8.239149905834589616e-01,-2.868639783936736132e-01,-7.131005500635189120e-01,2.026467040772970615e-03,2.166912583027478297e-03,1.972495033916270263e-08,0.000000000000000000e+00
1.000000000000000000e+00,6.018106842041015625e+01,2.476088905334472656e+01,1.708333396911621094e+01,2.000000000000000000e+00,-8.952462536476553379e-02,-9.104334668791780327e-01,-1.760434339841461804e-01,-8.239149905834589616e-01,2.182947802892040365e-03,2.026467040772970615e-03,2.448622891336489301e-08,0.000000000000000000e+00
1.000000000000000000e+00,6.018115234375000000e+01,2.476061439514160156e+01,1.708333396911621094e+01,2.000000000000000000e+00,2.339773023979151156e-01,-7.657438987568130351e-01,-8.952462536476553379e-02,-9.104334668791780327e-01,2.871937595324510254e-04,2.182947802892040365e-03,3.593883392914231367e-06,0.000000000000000000e+00
1.000000000000000000e+00,6.018103027343750000e+01,2.476063728332519531e+01,1.708333396911621094e+01,2.000000000000000000e+00,-8.415247351048438240e-01,1.577858878321582170e-01,2.339773023979151156e-01,-7.657438987568130351e-01,1.241975448310829629e-04,2.871937595324510254e-04,2.656776600697447418e-08,0.000000000000000000e+00
1.000000000000000000e+00,6.018094635009765625e+01,2.475903129577636719e+01,1.708333396911621094e+01,2.000000000000000000e+00,-4.965846102311366472e-02,-9.502823677604933517e-01,-8.415247351048438240e-01,1.577858878321582170e-01,1.608178825243479710e-03,1.241975448310829629e-04,2.202200440614416704e-06,0.000000000000000000e+00
1.000000000000000000e+00,6.018097686767578125e+01,2.475665473937988281e+01,1.710000038146972656e+01,2.000000000000000000e+00,1.267776174339549020e-02,-9.872806957669237882e-01,-4.965846102311366472e-02,-9.502823677604933517e-01,2.376752327914167379e-03,1.608178825243479710e-03,5.907052290074894964e-07,0.000000000000000000e+00
1.000000000000000000e+00,6.018133544921875000e+01,2.475453567504882812e+01,1.710000038146972656e+01,2.000000000000000000e+00,1.447208717924226284e-01,-8.552387689435188012e-01,1.267776174339549020e-02,-9.872806957669237882e-01,2.149189233666058425e-03,2.376752327914167379e-03,5.178496186377372062e-08,0.000000000000000000e+00
1.000000000000000000e+00,6.018149566650390625e+01,2.475252723693847656e+01,1.710000038146972656e+01,2.000000000000000000e+00,7.387522146947109181e-02,-9.260786691351554634e-01,1.447208717924226284e-01,-8.552387689435188012e-01,2.014818409081918765e-03,2.149189233666058425e-03,1.805551849942163206e-08,0.000000000000000000e+00
1.000000000000000000e+00,6.018180847167968750e+01,2.474997520446777344e+01,1.710000038146972656e+01,2.000000000000000000e+00,1.091839384934257806e-01,-8.907811567329493307e-01,7.387522146947109181e-02,-9.260786691351554634e-01,2.571131425952130276e-03,2.014818409081918765e-03,3.094841727392362346e-07,0.000000000000000000e+00
1.000000000000000000e+00,6.018186950683593750e+01,2.474835777282714844e+01,1.710000038146972656e+01,2.000000000000000000e+00,3.636147001336473283e-02,-9.635789553541653785e-01,1.091839384934257806e-01,-8.907811567329493307e-01,1.618582837667983292e-03,2.571131425952130276e-03,9.073488130421213776e-07,0.000000000000000000e+00
1.000000000000000000e+00,6.018190765380859375e+01,2.474779129028320312e+01,1.710000038146972656e+01,2.000000000000000000e+00,6.308104964121316605e-02,-9.367535871720155116e-01,3.636147001336473283e-02,-9.635789553541653785e-01,5.677655009927862336e-04,1.618582837667983292e-03,1.104217075057154767e-06,0.000000000000000000e+00
1.000000000000000000e+00,6.018158721923828125e+01,2.474614524841308594e+01,1.711666679382324219e+01,2.000000000000000000e+00,-1.629403076966011998e-01,-8.370088425128978660e-01,6.308104964121316605e-02,-9.367535871720155116e-01,1.676941308463192641e-03,5.677655009927862336e-04,1.230270971877628353e-06,0.000000000000000000e+00
1.000000000000000000e+00,6.018161773681640625e+01,2.474611663818359375e+01,1.711666679382324219e+01,2.000000000000000000e+00,5.152576020076085062e-01,-4.830540018821329329e-01,-1.629403076966011998e-01,-8.370088425128978660e-01,4.183142127887975483e-05,1.676941308463192641e-03,2.673584343167896085e-06,0.000000000000000000e+00
1.000000000000000000e+00,6.018162918090820312e+01,2.474618721008300781e+01,1.711666679382324219e+01,2.000000000000000000e+00,1.393649595908512395e-01,8.594172508102492225e-01,5.152576020076085062e-01,-4.830540018821329329e-01,7.149377751919293810e-05,4.183142127887975483e-05,8.798553777272464021e-10,0.000000000000000000e+00
1.000000000000000000e+00,6.018164062500000000e+01,2.474619865417480469e+01,1.711666679382324219e+01,2.000000000000000000e+00,4.978249695198365687e-01,4.978249695198365687e-01,1.393649595908512395e-01,8.594172508102492225e-01,1.618438982818330677e-05,7.149377751919293810e-05,3.059128366754407912e-09,0.000000000000000000e+00
1.000000000000000000e+00,6.018154525756835938e+01,2.474560165405273438e+01,1.711666679382324219e+01,2.000000000000000000e+00,-1.377211554960956763e-01,-8.621344334055589531e-01,4.978249695198365687e-01,4.978249695198365687e-01,6.045693448808806946e-04,1.618438982818330677e-05,3.461968553323647069e-07,0.000000000000000000e+00
1.000000000000000000e+00,6.018084335327148438e+01,2.474378585815429688e+01,1.711666679382324219e+01,2.000000000000000000e+00,-2.787768061110513784e-01,-7.211834766785893969e-01,-1.377211554960956763e-01,-8.621344334055589531e-01,1.946736856062995574e-03,6.045693448808806946e-04,1.801413628072792437e-06,0.000000000000000000e+00
1.000000000000000000e+00,6.017970657348632812e+01,2.474287986755371094e+01,1.713333320617675781e+01,2.000000000000000000e+00,-5.564620218150799769e-01,-4.434890274532936605e-01,-2.787768061110513784e-01,-7.211834766785893969e-01,1.453646190890327261e-03,1.946736856062995574e-03,2.431384040804244808e-07,0.000000000000000000e+00
1.000000000000000000e+00,6.017855453491210938e+01,2.474175643920898438e+01,1.713333320617675781e+01,2.000000000000000000e+00,-5.062644234398964160e-01,-4.936916314670513062e-01,-5.564620218150799769e-01,-4.434890274532936605e-01,1.609125266168869375e-03,1.453646190890327261e-03,2.417374284947056490e-08,0.000000000000000000e+00
1.000000000000000000e+00,6.017802429199218750e+01,2.474111175537109375e+01,1.713333320617675781e+01,2.000000000000000000e+00,-4.512602937732302366e-01,-5.486546017818410004e-01,-5.062644234398964160e-01,-4.936916314670513062e-01,8.347303786041703659e-04,1.609125266168869375e-03,5.996874418863428199e-07,0.000000000000000000e+00
1.000000000000000000e+00,6.017758178710937500e+01,2.474191284179687500e+01,1.713333320617675781e+01,2.000000000000000000e+00,-3.557996102045958287e-01,6.441199839910787261e-01,-4.512602937732302366e-01,-5.486546017818410004e-01,9.151775963625216311e-04,8.347303786041703659e-04,6.471754845059587284e-09,0.000000000000000000e+00
1.000000000000000000e+00,6.017737960815429688e+01,2.474205970764160156e+01,1.713333320617675781e+01,2.000000000000000000e+00,-5.790690716035995500e-01,4.206445142780864122e-01,-3.557996102045958287e-01,6.441199839910787261e-01,2.498917890282296582e-04,9.151775963625216311e-04,4.426052054404406031e-07,0.000000000000000000e+00
1.000000000000000000e+00,6.017600250244140625e+01,2.474187278747558594e+01,1.713333320617675781e+01,2.000000000000000000e+00,-8.804315122345504063e-01,-1.195045542922242993e-01,-5.790690716035995500e-01,4.206445142780864122e-01,1.389733533070029075e-03,2.498917890282296582e-04,1.299239201460251015e-06,0.000000000000000000e+00
1.000000000000000000e+00,6.017568588256835938e+01,2.474177551269531250e+01,1.714999961853027344e+01,2.000000000000000000e+00,-7.647921790958553956e-01,-2.349662718908953341e-01,-8.804315122345504063e-01,-1.195045542922242993e-01,3.312257944144217652e-04,1.389733533070029075e-03,1.120438632793807574e-06,0.000000000000000000e+00
1.000000000000000000e+00,6.017484283447265625e+01,2.474131011962890625e+01,1.714999961853027344e+01,2.000000000000000000e+00,-6.442656296299668073e-01,-3.556579493884884924e-01,-7.647921790958553956e-01,-2.349662718908953341e-01,9.629749726382703934e-04,3.312257944144217652e-04,3.991070241865081145e-07,0.000000000000000000e+00
1.000000000000000000e+00,6.017490768432617188e+01,2.473746681213378906e+01,1.714999961853027344e+01,2.000000000000000000e+00,1.659303565009883144e-02,-9.833813774985042944e-01,-6.442656296299668073e-01,-3.556579493884884924e-01,3.843854576531862896e-03,9.629749726382703934e-04,8.299467292130101984e-06,0.000000000000000000e+00
1.000000000000000000e+00,6.017448806762695312e+01,2.473706436157226562e+01,1.714999961853027344e+01,2.000000000000000000e+00,-5.103787504746336579e-01,-4.894996197733986754e-01,1.659303565009883144e-02,-9.833813774985042944e-01,5.814160547609337074e-04,3.843854576531862896e-03,1.064350510833488648e-05,0.000000000000000000e+00
1.000000000000000000e+00,6.017386627197265625e+01,2.473705482482910156e+01,1.714999961853027344e+01,2.000000000000000000e+00,-9.847382820349210863e-01,-1.510334788397118232e-02,-5.103787504746336579e-01,-4.894996197733986754e-01,6.218687845298686168e-04,5.814160547609337074e-04,1.636423345758472646e-09,0.000000000000000000e+00
1.000000000000000000e+00,6.017306137084960938e+01,2.473660469055175781e+01,1.714999961853027344e+01,2.000000000000000000e+00,-6.412862889504770125e-01,-3.586340383704089141e-01,-9.847382820349210863e-01,-1.510334788397118232e-02,9.222183502413626444e-04,6.218687845298686168e-04,9.020986162308307124e-08,0.000000000000000000e+00
1.000000000000000000e+00,6.017306518554687500e+01,2.473651123046875000e+01,1.716666603088378906e+01,2.000000000000000000e+00,3.917541333508504919e-02,-9.597976267095836844e-01,-6.412862889504770125e-01,-3.586340383704089141e-01,9.353790157500632447e-05,9.222183502413626444e-04,6.867112860018735236e-07,0.000000000000000000e+00
1.000000000000000000e+00,6.017293548583984375e+01,2.473636817932128906e+01,1.716666603088378906e+01,2.000000000000000000e+00,-4.753501955221609010e-01,-5.242833038847363181e-01,3.917541333508504919e-02,-9.597976267095836844e-01,1.930949113619594149e-04,9.353790157500632447e-05,9.911598197719473621e-09,0.000000000000000000e+00
1.000000000000000000e+00,6.017289352416992188e+01,2.473638916015625000e+01,1.716666603088378906e+01,2.000000000000000000e+00,-6.656091790749125714e-01,3.328045895374562857e-01,-4.753501955221609010e-01,-5.242833038847363181e-01,4.691457319736039706e-05,1.930949113619594149e-04,2.136869126591652264e-08,0.000000000000000000e+00
1.000000000000000000e+00,6.017290878295898438e+01,2.473645210266113281e+01,1.716666603088378906e+01,2.000000000000000000e+00,1.948727574432818910e-01,8.038501244535377621e-01,-6.656091790749125714e-01,3.328045895374562857e-01,6.476565111675127578e-05,4.691457319736039706e-05,3.186609828841645933e-10,0.000000000000000000e+00
1.000000000000000000e+00,6.017293548583984375e+01,2.473634910583496094e+01,1.716666603088378906e+01,2.000000000000000000e+00,2.057237375192698392e-01,-7.935058447171836615e-01,1.948727574432818910e-01,8.038501244535377621e-01,1.064020208815105663e-04,6.476565111675127578e-05,1.733587287187761623e-09,0.000000000000000000e+00
1.000000000000000000e+00,6.017282867431640625e+01,2.473614120483398438e+01,1.716666603088378906e+01,2.000000000000000000e+00,-3.392861311229610766e-01,-6.603962195071920727e-01,2.057237375192698392e-01,-7.935058447171836615e-01,2.337338823236722338e-04,1.064020208815105663e-04,1.621340293832585731e-08,0.000000000000000000e+00
1.000000000000000000e+00,6.017264556884765625e+01,2.473543167114257812e+01,1.718333244323730469e+01,2.000000000000000000e+00,-2.051052277329834250e-01,-7.947827574653106852e-01,-3.392861311229610766e-01,-6.603962195071920727e-01,7.327794155997675168e-04,2.337338823236722338e-04,2.490464442828223305e-07,0.000000000000000000e+00
1.000000000000000000e+00,6.017234420776367188e+01,2.473494148254394531e+01,1.718333244323730469e+01,2.000000000000000000e+00,-3.806747992218953436e-01,-6.191988822786524960e-01,-2.051052277329834250e-01,-7.947827574653106852e-01,5.754158193600851165e-04,7.327794155997675168e-04,2.476330142148578637e-08,0.000000000000000000e+00
1.000000000000000000e+00,6.017213821411132812e+01,2.473469924926757812e+01,1.718333244323730469e+01,2.000000000000000000e+00,-4.594719593044256367e-01,-5.403049891820560502e-01,-3.806747992218953436e-01,-6.191988822786524960e-01,3.179785291265748142e-04,5.754158193600851165e-04,6.627395840277261846e-08,0.000000000000000000e+00
1.000000000000000000e+00,6.017196655273437500e+01,2.473203468322753906e+01,1.718333244323730469e+01,2.000000000000000000e+00,-6.052241216042859862e-02,-9.394423309790972398e-01,-4.594719593044256367e-01,-5.403049891820560502e-01,2.670089850560631098e-03,3.179785291265748142e-04,5.532427668418261223e-06,0.000000000000000000e+00
1.000000000000000000e+00,6.017198944091796875e+01,2.473180770874023438e+01,1.718333244323730469e+01,2.000000000000000000e+00,9.156640674178791184e-02,-9.080335335227300853e-01,-6.052241216042859862e-02,-9.394423309790972398e-01,2.281255944330818611e-04,2.670089850560631098e-03,5.963189428204575516e-06,0.000000000000000000e+00
1.000000000000000000e+00,6.017244720458984375e+01,2.473089027404785156e+01,1.718333244323730469e+01,2.000000000000000000e+00,3.328468089337361380e-01,-6.670804795713628499e-01,9.156640674178791184e-02,-9.080335335227300853e-01,1.025297027244314544e-03,2.281255944330818611e-04,6.354822932903135842e-07,0.000000000000000000e+00
1.000000000000000000e+00,6.017296981811523438e+01,2.473029327392578125e+01,1.720000076293945312e+01,2.000000000000000000e+00,4.667385510355288591e-01,-5.331721404164982969e-01,3.328468089337361380e-01,-6.670804795713628499e-01,7.934318134995505326e-04,1.025297027244314544e-03,5.376147734490510335e-08,0.000000000000000000e+00
1.000000000000000000e+00,6.017302703857421875e+01,2.473013496398925781e+01,1.720000076293945312e+01,2.000000000000000000e+00,2.653636044659661297e-01,-7.341726390225062904e-01,4.667385510355288591e-01,-5.331721404164982969e-01,1.683336476419297254e-04,7.934318134995505326e-04,3.907477169585615651e-07,0.000000000000000000e+00
1.000000000000000000e+00,6.017320632934570312e+01,2.472977256774902344e+01,1.720000076293945312e+01,2.000000000000000000e+00,3.309248239739043806e-01,-6.688906016493811890e-01,2.653636044659661297e-01,-7.341726390225062904e-01,4.043219208446076720e-04,1.683336476419297254e-04,5.569046508918176675e-08,0.000000000000000000e+00
1.000000000000000000e+00,6.017279052734375000e+01,2.472813606262207031e+01,1.720000076293945312e+01,2.000000000000000000e+00,-2.025923590387792295e-01,-7.973589176847365456e-01,3.309248239739043806e-01,-6.688906016493811890e-01,1.688502394245294108e-03,4.043219208446076720e-04,1.649119488263611246e-06,0.000000000000000000e+00
1.000000000000000000e+00,6.017274856567382812e+01,2.472658157348632812e+01,1.720000076293945312e+01,2.000000000000000000e+00,-2.628270254413960991e-02,-9.736546624306264830e-01,-2.025923590387792295e-01,-7.973589176847365456e-01,1.555055386435841942e-03,1.688502394245294108e-03,1.780810389329598709e-08,0.000000000000000000e+00
1.000000000000000000e+00,6.017253112792968750e+01,2.472482299804687500e+01,1.720000076293945312e+01,2.000000000000000000e+00,-1.100330416019965896e-01,-8.899163540091302727e-01,-2.628270254413960991e-02,-9.736546624306264830e-01,1.771966915273734877e-03,1.555055386435841942e-03,4.705061134279205727e-08,0.000000000000000000e+00
1.000000000000000000e+00,6.017249298095703125e+01,2.472310447692871094e+01,1.721666717529296875e+01,2.000000000000000000e+00,-2.171429049490391019e-02,-9.782287867954211347e-01,-1.100330416019965896e-01,-8.899163540091302727e-01,1.718944450847291385e-03,1.771966915273734877e-03,2.811381733853465467e-09,0.000000000000000000e+00
1.000000000000000000e+00,6.017308807373046875e+01,2.472242355346679688e+01,1.721666717529296875e+01,2.000000000000000000e+00,4.663311671397671887e-01,-5.335904700926181743e-01,-2.171429049490391019e-02,-9.782287867954211347e-01,9.043186219372945089e-04,1.718944450847291385e-03,6.636152411272995271e-07,0.000000000000000000e+00
1.000000000000000000e+00,6.017430114746093750e+01,2.472175407409667969e+01,1.721666717529296875e+01,2.000000000000000000e+00,6.443426726310893526e-01,-3.556042108388559053e-01,4.663311671397671887e-01,-5.335904700926181743e-01,1.385550613498429942e-03,9.043186219372945089e-04,2.315842297018967117e-07,0.000000000000000000e+00
1.000000000000000000e+00,6.017525100708007812e+01,2.472024726867675781e+01,1.721666717529296875e+01,2.000000000000000000e+00,3.866302247214861709e-01,-6.133290713453294352e-01,6.443426726310893526e-01,-3.556042108388559053e-01,1.781206296188038744e-03,1.385550613498429942e-03,1.565434192445804050e-07,0.000000000000000000e+00
1.000000000000000000e+00,6.017530441284179688e+01,2.471969032287597656e+01,1.721666717529296875e+01,2.000000000000000000e+00,8.748566634842548650e-02,-9.123505204907228494e-01,3.866302247214861709e-01,-6.133290713453294352e-01,5.595004918609345701e-04,1.781206296188038744e-03,1.492565072326536331e-06,0.000000000000000000e+00
1.000000000000000000e+00,6.017662429809570312e+01,2.471558952331542969e+01,1.721666717529296875e+01,2.000000000000000000e+00,2.434860078539026751e-01,-7.564955446327901178e-01,8.748566634842548650e-02,-9.123505204907228494e-01,4.307975640513837627e-03,5.595004918609345701e-04,1.405106594006840441e-05,0.000000000000000000e+00
1.000000000000000000e+00,6.017603302001953125e+01,2.471306610107421875e+01,1.723333358764648438e+01,2.000000000000000000e+00,-1.898285655334374655e-01,-8.101393296797991805e-01,2.434860078539026751e-01,-7.564955446327901178e-01,2.591769582891107187e-03,4.307975640513837627e-03,2.945363232220954715e-06,0.000000000000000000e+00
1.000000000000000000e+00,6.017596817016601562e+01,2.471284675598144531e+01,1.723333358764648438e+01,2.000000000000000000e+00,-2.281076549622786109e-01,-7.715405976665306031e-01,-1.898285655334374655e-01,-8.101393296797991805e-01,2.287307876626710763e-04,2.591769582891107187e-03,5.583952347754658353e-06,0.000000000000000000e+00
1.000000000000000000e+00,6.017497634887695312e+01,2.471023178100585938e+01,1.723333358764648438e+01,2.000000000000000000e+00,-2.749791555647005392e-01,-7.249931197677008665e-01,-2.281076549622786109e-01,-7.715405976665306031e-01,2.796748753888749547e-03,2.287307876626710763e-04,6.594716274859924045e-06,0.000000000000000000e+00
1.000000000000000000e+00,6.017406082153320312e+01,2.471114158630371094e+01,1.723333358764648438e+01,2.000000000000000000e+00,-5.015399214877369616e-01,4.984052969784386056e-01,-2.749791555647005392e-01,-7.249931197677008665e-01,1.290711430627582579e-03,2.796748753888749547e-03,2.268148419055660573e-06,0.000000000000000000e+00
1.000000000000000000e+00,6.017341232299804688e+01,2.471108245849609375e+01,1.723333358764648438e+01,2.000000000000000000e+00,-9.163125574991520805e-01,-8.354614494845209738e-02,-5.015399214877369616e-01,4.984052969784386056e-01,6.511884886370590108e-04,1.290711430627582579e-03,4.089895933322145978e-07,0.000000000000000000e+00
1.000000000000000000e+00,6.017260742187500000e+01,2.471097183227539062e+01,1.723333358764648438e+01,2.000000000000000000e+00,-8.790706487099436695e-01,-1.208201365525514992e-01,-9.163125574991520805e-01,-8.354614494845209738e-02,8.124678323411808813e-04,6.511884886370590108e-04,2.601102670563227347e-08,0.000000000000000000e+00
1.000000000000000000e+00,6.017243957519531250e+01,2.471101379394531250e+01,1.725000000000000000e+01,2.000000000000000000e+00,-7.996188812872433438e-01,1.999047203218108359e-01,-8.790706487099436695e-01,-1.208201365525514992e-01,1.730123973151942028e-04,8.124678323411808813e-04,4.089032533842739236e-07,0.000000000000000000e+00
1.000000000000000000e+00,6.017187881469726562e+01,2.470993423461914062e+01,1.725000000000000000e+01,2.000000000000000000e+00,-3.418396253007593422e-01,-6.580994146946591572e-01,-7.996188812872433438e-01,1.999047203218108359e-01,1.216511683007792666e-03,1.730123973151942028e-04,1.088890759240963409e-06,0.000000000000000000e+00
1.000000000000000000e+00,6.017177581787109375e+01,2.470862007141113281e+01,1.725000000000000000e+01,2.000000000000000000e+00,-7.267320300292651192e-02,-9.272562383151179422e-01,-3.418396253007593422e-01,-6.580994146946591572e-01,1.318193188983642376e-03,1.216511683007792666e-03,1.033912865751676025e-08,0.000000000000000000e+00
1.000000000000000000e+00,6.017115783691406250e+01,2.470827102661132812e+01,1.725000000000000000e+01,2.000000000000000000e+00,-6.389871768621335768e-01,-3.609094239684273453e-01,-7.267320300292651192e-02,-9.272562383151179422e-01,7.097413159200709806e-04,1.318193188983642376e-03,3.702136818345684238e-07,0.000000000000000000e+00
1.000000000000000000e+00,6.017061233520507812e+01,2.470796394348144531e+01,1.725000000000000000e+01,2.000000000000000000e+00,-6.397459930319475685e-01,-3.601367303431592948e-01,-6.389871768621335768e-01,-3.609094239684273453e-01,6.259969354266025797e-04,7.097413159200709806e-04,7.013121264234810809e-09,0.000000000000000000e+00
1.000000000000000000e+00,6.017023468017578125e+01,2.470741081237792969e+01,1.725000000000000000e+01,2.000000000000000000e+00,-4.056941187380891933e-01,-5.941984567376052961e-01,-6.397459930319475685e-01,-3.601367303431592948e-01,6.697591647970459324e-04,6.259969354266025797e-04,1.915132719471295002e-09,0.000000000000000000e+00
1.000000000000000000e+00,6.017039871215820312e+01,2.470711326599121094e+01,1.726666641235351562e+01,2.000000000000000000e+00,3.552949269146106759e-01,-6.444884720776657971e-01,-4.056941187380891933e-01,-5.941984567376052961e-01,3.397651299157025554e-04,6.697591647970459324e-04,1.088960630572692754e-07,0.000000000000000000e+00
1.000000000000000000e+00,6.017052841186523438e+01,2.470644187927246094e+01,1.726666641235351562e+01,2.000000000000000000e+00,1.618845537788258238e-01,-8.379906313256866301e-01,3.552949269146106759e-01,-6.444884720776657971e-01,6.837997807237756846e-04,3.397651299157025554e-04,1.183598409566328144e-07,0.000000000000000000e+00
1.000000000000000000e+00,6.017046737670898438e+01,2.470572853088378906e+01,1.726666641235351562e+01,2.000000000000000000e+00,-7.880755717819265538e-02,-9.210633245201266250e-01,1.618845537788258238e-01,-8.379906313256866301e-01,7.159547568940528416e-04,6.837997807237756846e-04,1.033942492511091807e-09,0.000000000000000000e+00
1.000000000000000000e+00,6.017055130004882812e+01,2.470540809631347656e+01,1.726666641235351562e+01,2.000000000000000000e+00,2.074958549118962048e-01,-7.922569005726946001e-01,-7.880755717819265538e-02,-9.210633245201266250e-01,3.312422690748964083e-04,7.159547568940528416e-04,1.480036982840045846e-07,0.000000000000000000e+00
1.000000000000000000e+00,6.017103576660156250e+01,2.470504379272460938e+01,1.726666641235351562e+01,2.000000000000000000e+00,5.707192761195869490e-01,-4.291629202316579184e-01,2.074958549118962048e-01,-7.922569005726946001e-01,6.061558756457300105e-04,3.312422690748964083e-04,7.557749107778308524e-08,0.000000000000000000e+00
1.000000000000000000e+00,6.017096328735351562e+01,2.470501136779785156e+01,1.726666641235351562e+01,2.000000000000000000e+00,-6.902511084124957064e-01,-3.087965485003270061e-01,5.707192761195869490e-01,-4.291629202316579184e-01,7.940162008857211797e-05,6.061558756457300105e-04,2.774700457475755696e-07,0.000000000000000000e+00
1.000000000000000000e+00,6.017090988159179688e+01,2.470512199401855469e+01,1.728333282470703125e+01,2.000000000000000000e+00,-3.253830297466281385e-01,6.740077044751582314e-01,-6.902511084124957064e-01,-3.087965485003270061e-01,1.228427290962571508e-04,7.940162008857211797e-05,1.887129951817573742e-09,0.000000000000000000e+00
1.000000000000000000e+00,6.017095565795898438e+01,2.470504379272460938e+01,1.728333282470703125e+01,2.000000000000000000e+00,3.689331888558171624e-01,-6.302608642953543283e-01,-3.253830297466281385e-01,6.740077044751582314e-01,9.061411682296526579e-05,1.228427290962571508e-04,1.038683449062180298e-09,0.000000000000000000e+00
1.000000000000000000e+00,6.017092895507812500e+01,2.470512008666992188e+01,1.728333282470703125e+01,2.000000000000000000e+00,-2.590077876389524913e-01,7.400222503970070864e-01,3.689331888558171624e-01,-6.302608642953543283e-01,8.083198585669361576e-05,9.061411682296526579e-05,9.569008624129072287e-11,0.000000000000000000e+00
1.000000000000000000e+00,6.017088317871093750e+01,2.470479393005371094e+01,1.728333282470703125e+01,2.000000000000000000e+00,-1.230438408157878832e-01,-8.766873658124886282e-01,-2.590077876389524913e-01,7.400222503970070864e-01,3.293533271291692959e-04,8.083198585669361576e-05,6.176285706787033401e-08,0.000000000000000000e+00
1.000000000000000000e+00,6.017079162597656250e+01,2.470483970642089844e+01,1.728333282470703125e+01,2.000000000000000000e+00,-6.661815680528454520e-01,3.330907840264227260e-01,-1.230438408157878832e-01,-8.766873658124886282e-01,1.023590687942408663e-04,3.293533271291692959e-04,5.152639331702422628e-08,0.000000000000000000e+00
1.000000000000000000e+00,6.017083358764648438e+01,2.470481109619140625e+01,1.728333282470703125e+01,2.000000000000000000e+00,5.937532494496015056e-01,-4.048317609883646528e-01,-6.661815680528454520e-01,3.330907840264227260e-01,5.078707487371196013e-05,1.023590687942408663e-04,2.659670556939070453e-09,0.000000000000000000e+00
1.000000000000000000e+00,6.017077636718750000e+01,2.470485687255859375e+01,1.729999923706054688e+01,2.000000000000000000e+00,-5.550166877977553703e-01,4.440133502382042630e-01,5.937532494496015056e-01,-4.048317609883646528e-01,7.327794155997675168e-05,5.078707487371196013e-05,5.058390842993353599e-10,0.000000000000000000e+00
1.000000000000000000e+00,6.017082214355468750e+01,2.470507240295410156e+01,1.729999923706054688e+01,2.000000000000000000e+00,1.751154664688437945e-01,8.245019879574727595e-01,-5.550166877977553703e-01,4.440133502382042630e-01,2.203379839715315883e-04,7.327794155997675168e-05,2.162665607408830618e-08,0.000000000000000000e+00
1.000000000000000000e+00,6.017197418212890625e+01,2.470952224731445312e+01,1.896666717529296875e+01,2.000000000000000000e+00,0.000000000000000000e+00,0.000000000000000000e+00,1.751154664688437945e-01,8.245019879574727595e-01,0.000000000000000000e+00,2.203379839715315883e-04,4.854882718063890934e-08,0.000000000000000000e+00
1.000000000000000000e+00,6.017197418212890625e+01,2.470952224731445312e+01,1.898333358764648438e+01,2.000000000000000000e+00,0.000000000000000000e+00,0.000000000000000000e+00,0.000000000000000000e+00,0.000000000000000000e+00,0.000000000000000000e+00,0.000000000000000000e+00,0.000000000000000000e+00,0.000000000000000000e+00
1.000000000000000000e+00,6.017431259155273438e+01,2.471041679382324219e+01,1.898333358764648438e+01,2.000000000000000000e+00,7.232814626671681957e-01,2.766876068441287972e-01,0.000000000000000000e+00,0.000000000000000000e+00,2.503671721658988492e-03,0.000000000000000000e+00,6.268372089834883809e-06,0.000000000000000000e+00
1.000000000000000000e+00,6.017431259155273438e+01,2.471041679382324219e+01,1.898333358764648438e+01,2.000000000000000000e+00,0.000000000000000000e+00,0.000000000000000000e+00,7.232814626671681957e-01,2.766876068441287972e-01,0.000000000000000000e+00,2.503671721658988492e-03,6.268372089834883809e-06,0.000000000000000000e+00
1.000000000000000000e+00,6.017431259155273438e+01,2.471041679382324219e+01,1.898333358764648438e+01,2.000000000000000000e+00,0.000000000000000000e+00,0.000000000000000000e+00,0.000000000000000000e+00,0.000000000000000000e+00,0.000000000000000000e+00,0.000000000000000000e+00,0.000000000000000000e+00,0.000000000000000000e+00
1.000000000000000000e+00,6.017431259155273438e+01,2.471041679382324219e+01,1.898333358764648438e+01,2.000000000000000000e+00,0.000000000000000000e+00,0.000000000000000000e+00,0.000000000000000000e+00,0.000000000000000000e+00,0.000000000000000000e+00,0.000000000000000000e+00,0.000000000000000000e+00,0.000000000000000000e+00
1.000000000000000000e+00,6.017431259155273438e+01,2.471041679382324219e+01,1.898333358764648438e+01,2.000000000000000000e+00,0.000000000000000000e+00,0.000000000000000000e+00,0.000000000000000000e+00,0.000000000000000000e+00,0.000000000000000000e+00,0.000000000000000000e+00,0.000000000000000000e+00,0.000000000000000000e+00
1.000000000000000000e+00,6.017431259155273438e+01,2.471041679382324219e+01,1.900000000000000000e+01,2.000000000000000000e+00,0.000000000000000000e+00,0.000000000000000000e+00,0.000000000000000000e+00,0.000000000000000000e+00,0.000000000000000000e+00,0.000000000000000000e+00,0.000000000000000000e+00,0.000000000000000000e+00
1.000000000000000000e+00,6.017431259155273438e+01,2.471041679382324219e+01,1.900000000000000000e+01,2.000000000000000000e+00,0.000000000000000000e+00,0.000000000000000000e+00,0.000000000000000000e+00,0.000000000000000000e+00,0.000000000000000000e+00,0.000000000000000000e+00,0.000000000000000000e+00,0.000000000000000000e+00
1.000000000000000000e+00,6.017364120483398438e+01,2.472411727905273438e+01,1.900000000000000000e+01,2.000000000000000000e+00,-4.671500342248554455e-02,9.532780385900956333e-01,0.000000000000000000e+00,0.000000000000000000e+00,1.371692588190398694e-02,0.000000000000000000e+00,1.881540556496474621e-04,0.000000000000000000e+00
1.000000000000000000e+00,6.017364120483398438e+01,2.472411155700683594e+01,1.900000000000000000e+01,2.000000000000000000e+00,0.000000000000000000e+00,-9.828239073094842126e-01,-4.671500342248554455e-02,9.532780385900956333e-01,5.722045898437500000e-06,1.371692588190398694e-02,1.879971106324932883e-04,0.000000000000000000e+00
1.000000000000000000e+00,6.017288208007812500e+01,2.472247695922851562e+01,1.900000000000000000e+01,2.000000000000000000e+00,-3.171182261927829593e-01,-6.828399996161180763e-01,0.000000000000000000e+00,-9.828239073094842126e-01,1.802270870831645423e-03,5.722045898437500000e-06,3.227587680368890062e-06,0.000000000000000000e+00
1.000000000000000000e+00,6.017272186279296875e+01,2.472282791137695312e+01,1.900000000000000000e+01,2.000000000000000000e+00,-3.133715309950588779e-01,6.864328774177479442e-01,-3.171182261927829593e-01,-6.828399996161180763e-01,3.857939721609659296e-04,1.802270870831645423e-03,2.006406804467706267e-06,0.000000000000000000e+00
1.000000000000000000e+00,6.017272186279296875e+01,2.472302246093750000e+01,1.901666641235351562e+01,2.000000000000000000e+00,0.000000000000000000e+00,9.994862562251923821e-01,-3.133715309950588779e-01,6.864328774177479442e-01,1.945495605468750000e-04,3.857939721609659296e-04,3.657442497361984074e-08,0.000000000000000000e+00
1.000000000000000000e+00,6.017270278930664062e+01,2.472570419311523438e+01,1.901666641235351562e+01,2.000000000000000000e+00,-7.061885419365625943e-03,9.929010899628069042e-01,0.000000000000000000e+00,9.994862562251923821e-01,2.681800005775349192e-03,1.945495605468750000e-04,6.186414777289243431e-06,0.000000000000000000e+00
1.000000000000000000e+00,6.017271041870117188e+01,2.472607421875000000e+01,1.901666641235351562e+01,2.000000000000000000e+00,2.019667228640419435e-02,9.795386058906034865e-01,-7.061885419365625943e-03,9.929010899628069042e-01,3.701042799598745162e-04,2.681800005775349192e-03,5.343937128753532995e-06,0.000000000000000000e+00
1.000000000000000000e+00,6.017271041870117188e+01,2.472607421875000000e+01,1.901666641235351562e+01,2.000000000000000000e+00,0.000000000000000000e+00,0.000000000000000000e+00,2.019667228640419435e-02,9.795386058906034865e-01,0.000000000000000000e+00,3.701042799598745162e-04,1.369771780446171761e-07,0.000000000000000000e+00
1.000000000000000000e+00,6.017308425903320312e+01,2.472872543334960938e+01,1.901666641235351562e+01,2.000000000000000000e+00,1.235772515718743941e-01,8.763896922699255798e-01,0.000000000000000000e+00,0.000000000000000000e+00,2.677441959601577041e-03,0.000000000000000000e+00,7.168695447035132992e-06,0.000000000000000000e+00
1.000000000000000000e+00,6.017308044433593750e+01,2.472879219055175781e+01,1.901666641235351562e+01,2.000000000000000000e+00,-5.397756813178195695e-02,9.446074423061842085e-01,1.235772515718743941e-01,8.763896922699255798e-01,6.686610467131845362e-05,2.677441959601577041e-03,6.815106294344850347e-06,0.000000000000000000e+00
1.000000000000000000e+00,6.017340087890625000e+01,2.472950172424316406e+01,1.903333282470703125e+01,2.000000000000000000e+00,3.110809081505235829e-01,6.888220109047308304e-01,-5.397756813178195695e-02,9.446074423061842085e-01,7.785347603620123907e-04,6.686610467131845362e-05,5.064722754925994771e-07,0.000000000000000000e+00
1.000000000000000000e+00,6.017345046997070312e+01,2.472968864440917969e+01,1.903333282470703125e+01,2.000000000000000000e+00,2.095888025047680514e-01,7.899885632872026830e-01,3.110809081505235829e-01,6.888220109047308304e-01,1.933867165471889692e-04,7.785347603620123907e-04,3.423982331803145653e-07,0.000000000000000000e+00
1.000000000000000000e+00,6.017345046997070312e+01,2.472968864440917969e+01,1.903333282470703125e+01,2.000000000000000000e+00,0.000000000000000000e+00,0.000000000000000000e+00,2.095888025047680514e-01,7.899885632872026830e-01,0.000000000000000000e+00,1.933867165471889692e-04,3.739842213690280914e-08,0.000000000000000000e+00
1.000000000000000000e+00,6.017345046997070312e+01,2.472968864440917969e+01,1.903333282470703125e+01,2.000000000000000000e+00,0.000000000000000000e+00,0.000000000000000000e+00,0.000000000000000000e+00,0.000000000000000000e+00,0.000000000000000000e+00,0.000000000000000000e+00,0.000000000000000000e+00,0.000000000000000000e+00
1.000000000000000000e+00,6.017505264282226562e+01,2.472974586486816406e+01,1.903333282470703125e+01,2.000000000000000000e+00,9.654590599310789445e-01,3.448068071182424504e-02,0.000000000000000000e+00,0.000000000000000000e+00,1.603194319853427875e-03,0.000000000000000000e+00,2.570232027210295200e-06,0.000000000000000000e+00
1.000000000000000000e+00,6.017505264282226562e+01,2.472974586486816406e+01,1.903333282470703125e+01,2.000000000000000000e+00,0.000000000000000000e+00,0.000000000000000000e+00,9.654590599310789445e-01,3.448068071182424504e-02,0.000000000000000000e+00,1.603194319853427875e-03,2.570232027210295200e-06,0.000000000000000000e+00
1.000000000000000000e+00,6.017505264282226562e+01,2.472974586486816406e+01,1.904999923706054688e+01,2.000000000000000000e+00,0.000000000000000000e+00,0.000000000000000000e+00,0.000000000000000000e+00,0.000000000000000000e+00,0.000000000000000000e+00,0.000000000000000000e+00,0.000000000000000000e+00,0.000000000000000000e+00
1.000000000000000000e+00,6.017695236206054688e+01,2.473250770568847656e+01,1.904999923706054688e+01,2.000000000000000000e+00,4.075198994356368232e-01,5.924586489787170285e-01,0.000000000000000000e+00,0.000000000000000000e+00,3.352118419901110261e-03,0.000000000000000000e+00,1.123669790104031563e-05,0.000000000000000000e+00
1.000000000000000000e+00,6.017708969116210938e+01,2.473509025573730469e+01,1.904999923706054688e+01,2.000000000000000000e+00,5.048902729374882270e-02,9.494742077185542861e-01,4.075198994356368232e-01,5.924586489787170285e-01,2.586198762051771134e-03,3.352118419901110261e-03,5.866329222800486976e-07,0.000000000000000000e+00
1.000000000000000000e+00,6.017713165283203125e+01,2.473541831970214844e+01,1.904999923706054688e+01,2.000000000000000000e+00,1.133714230532733153e-01,8.863583984165005480e-01,5.048902729374882270e-02,9.494742077185542861e-01,3.307366728556626655e-04,2.586198762051771134e-03,5.087109235800874423e-06,0.000000000000000000e+00
1.000000000000000000e+00,6.017714691162109375e+01,2.473547554016113281e+01,1.904999923706054688e+01,2.000000000000000000e+00,2.102362517264600994e-01,7.883859439742253450e-01,1.133714230532733153e-01,8.863583984165005480e-01,5.922002676490792931e-05,3.307366728556626655e-04,7.372128910437217233e-08,0.000000000000000000e+00
1.000000000000000000e+00,6.017714691162109375e+01,2.473547554016113281e+01,1.904999923706054688e+01,2.000000000000000000e+00,0.000000000000000000e+00,0.000000000000000000e+00,2.102362517264600994e-01,7.883859439742253450e-01,0.000000000000000000e+00,5.922002676490792931e-05,3.507011570036411699e-09,0.000000000000000000e+00
1.000000000000000000e+00,6.017860031127929688e+01,2.474158287048339844e+01,1.906666755676269531e+01,2.000000000000000000e+00,1.922275281890439003e-01,8.077592457497619893e-01,0.000000000000000000e+00,0.000000000000000000e+00,6.277886127649187110e-03,0.000000000000000000e+00,3.941185423173010349e-05,0.000000000000000000e+00
1.000000000000000000e+00,6.017860031127929688e+01,2.474158287048339844e+01,1.906666755676269531e+01,2.000000000000000000e+00,0.000000000000000000e+00,0.000000000000000000e+00,1.922275281890439003e-01,8.077592457497619893e-01,0.000000000000000000e+00,6.277886127649187110e-03,3.941185423173010349e-05,0.000000000000000000e+00
1.000000000000000000e+00,6.017860031127929688e+01,2.474158287048339844e+01,1.906666755676269531e+01,2.000000000000000000e+00,0.000000000000000000e+00,0.000000000000000000e+00,0.000000000000000000e+00,0.000000000000000000e+00,0.000000000000000000e+00,0.000000000000000000e+00,0.000000000000000000e+00,0.000000000000000000e+00
1.000000000000000000e+00,6.017860031127929688e+01,2.474158287048339844e+01,1.906666755676269531e+01,2.000000000000000000e+00,0.000000000000000000e+00,0.000000000000000000e+00,0.000000000000000000e+00,0.000000000000000000e+00,0.000000000000000000e+00,0.000000000000000000e+00,0.000000000000000000e+00,0.000000000000000000e+00
1.000000000000000000e+00,6.017860031127929688e+01,2.474158287048339844e+01,1.906666755676269531e+01,2.000000000000000000e+00,0.000000000000000000e+00,0.000000000000000000e+00,0.000000000000000000e+00,0.000000000000000000e+00,0.000000000000000000e+00,0.000000000000000000e+00,0.000000000000000000e+00,0.000000000000000000e+00
1.000000000000000000e+00,6.017860031127929688e+01,2.474158287048339844e+01,1.906666755676269531e+01,2.000000000000000000e+00,0.000000000000000000e+00,0.000000000000000000e+00,0.000000000000000000e+00,0.000000000000000000e+00,0.000000000000000000e+00,0.000000000000000000e+00,0.000000000000000000e+00,0.000000000000000000e+00
1.000000000000000000e+00,6.017860031127929688e+01,2.474158287048339844e+01,1.908333396911621094e+01,2.000000000000000000e+00,0.000000000000000000e+00,0.000000000000000000e+00,0.000000000000000000e+00,0.000000000000000000e+00,0.000000000000000000e+00,0.000000000000000000e+00,0.000000000000000000e+00,0.000000000000000000e+00
1.000000000000000000e+00,6.017860031127929688e+01,2.474158287048339844e+01,1.908333396911621094e+01,2.000000000000000000e+00,0.000000000000000000e+00,0.000000000000000000e+00,0.000000000000000000e+00,0.000000000000000000e+00,0.000000000000000000e+00,0.000000000000000000e+00,0.000000000000000000e+00,0.000000000000000000e+00
1.000000000000000000e+00,6.017860031127929688e+01,2.474158287048339844e+01,1.908333396911621094e+01,2.000000000000000000e+00,0.000000000000000000e+00,0.000000000000000000e+00,0.000000000000000000e+00,0.000000000000000000e+00,0.000000000000000000e+00,0.000000000000000000e+00,0.000000000000000000e+00,0.000000000000000000e+00
1.000000000000000000e+00,6.018079376220703125e+01,2.475707244873046875e+01,1.908333396911621094e+01,2.000000000000000000e+00,1.240420123639458805e-01,8.759523325283516959e-01,0.000000000000000000e+00,0.000000000000000000e+00,1.564411267041031575e-02,0.000000000000000000e+00,2.447382612444926053e-04,0.000000000000000000e+00
1.000000000000000000e+00,6.018079376220703125e+01,2.475707244873046875e+01,1.908333396911621094e+01,2.000000000000000000e+00,0.000000000000000000e+00,0.000000000000000000e+00,1.240420123639458805e-01,8.759523325283516959e-01,0.000000000000000000e+00,1.564411267041031575e-02,2.447382612444926053e-04,0.000000000000000000e+00
1.000000000000000000e+00,6.018079376220703125e+01,2.475707244873046875e+01,1.910000038146972656e+01,2.000000000000000000e+00,0.000000000000000000e+00,0.000000000000000000e+00,0.000000000000000000e+00,0.000000000000000000e+00,0.000000000000000000e+00,0.000000000000000000e+00,0.000000000000000000e+00,0.000000000000000000e+00
1.000000000000000000e+00,6.018120956420898438e+01,2.475928878784179688e+01,1.910000038146972656e+01,2.000000000000000000e+00,1.579650131042905636e-01,8.419969964549799402e-01,0.000000000000000000e+00,0.000000000000000000e+00,2.255005623325797692e-03,0.000000000000000000e+00,5.085050361230969429e-06,0.000000000000000000e+00
1.000000000000000000e+00,6.018120956420898438e+01,2.475928878784179688e+01,1.910000038146972656e+01,2.000000000000000000e+00,0.000000000000000000e+00,0.000000000000000000e+00,1.579650131042905636e-01,8.419969964549799402e-01,0.000000000000000000e+00,2.255005623325797692e-03,5.085050361230969429e-06,0.000000000000000000e+00
1.000000000000000000e+00,6.018120956420898438e+01,2.475928878784179688e+01,1.910000038146972656e+01,2.000000000000000000e+00,0.000000000000000000e+00,0.000000000000000000e+00,0.000000000000000000e+00,0.000000000000000000e+00,0.000000000000000000e+00,0.000000000000000000e+00,0.000000000000000000e+00,0.000000000000000000e+00
1.000000000000000000e+00,6.018120956420898438e+01,2.475928878784179688e+01,1.910000038146972656e+01,2.000000000000000000e+00,0.000000000000000000e+00,0.000000000000000000e+00,0.000000000000000000e+00,0.000000000000000000e+00,0.000000000000000000e+00,0.000000000000000000e+00,0.000000000000000000e+00,0.000000000000000000e+00
1.000000000000000000e+00,6.018305587768554688e+01,2.477179145812988281e+01,1.910000038146972656e+01,2.000000000000000000e+00,1.286711755848291283e-01,8.713218553290856816e-01,0.000000000000000000e+00,0.000000000000000000e+00,1.263826086873993948e-02,0.000000000000000000e+00,1.597256377863232046e-04,0.000000000000000000e+00
1.000000000000000000e+00,6.018305587768554688e+01,2.477179145812988281e+01,1.910000038146972656e+01,2.000000000000000000e+00,0.000000000000000000e+00,0.000000000000000000e+00,1.286711755848291283e-01,8.713218553290856816e-01,0.000000000000000000e+00,1.263826086873993948e-02,1.597256377863232046e-04,0.000000000000000000e+00
1.000000000000000000e+00,6.018305587768554688e+01,2.477179145812988281e+01,1.911666679382324219e+01,2.000000000000000000e+00,0.000000000000000000e+00,0.000000000000000000e+00,0.000000000000000000e+00,0.000000000000000000e+00,0.000000000000000000e+00,0.000000000000000000e+00,0.000000000000000000e+00,0.000000000000000000e+00
1.000000000000000000e+00,6.018305587768554688e+01,2.477179145812988281e+01,1.911666679382324219e+01,2.000000000000000000e+00,0.000000000000000000e+00,0.000000000000000000e+00,0.000000000000000000e+00,0.000000000000000000e+00,0.000000000000000000e+00,0.000000000000000000e+00,0.000000000000000000e+00,0.000000000000000000e+00
1.000000000000000000e+00,6.018305587768554688e+01,2.477179145812988281e+01,1.911666679382324219e+01,2.000000000000000000e+00,0.000000000000000000e+00,0.000000000000000000e+00,0.000000000000000000e+00,0.000000000000000000e+00,0.000000000000000000e+00,0.000000000000000000e+00,0.000000000000000000e+00,0.000000000000000000e+00
1.000000000000000000e+00,6.018270111083984375e+01,2.477753829956054688e+01,1.911666679382324219e+01,2.000000000000000000e+00,-5.814221684068199281e-02,9.418413943063164151e-01,0.000000000000000000e+00,0.000000000000000000e+00,5.757781338676132288e-03,0.000000000000000000e+00,3.315204594400711358e-05,0.000000000000000000e+00
1.000000000000000000e+00,6.017716979980468750e+01,2.477649688720703125e+01,1.911666679382324219e+01,2.000000000000000000e+00,-8.415426230209304137e-01,-1.584421628170441243e-01,-5.814221684068199281e-02,9.418413943063164151e-01,5.628493711260256459e-03,5.757781338676132288e-03,1.671529060282632836e-08,0.000000000000000000e+00
1.000000000000000000e+00,6.017433166503906250e+01,2.477884674072265625e+01,1.911666679382324219e+01,2.000000000000000000e+00,-5.470482790129371775e-01,4.529324460644749140e-01,-8.415426230209304137e-01,-1.584421628170441243e-01,3.684673729483309984e-03,5.628493711260256459e-03,3.778436121555328520e-06,0.000000000000000000e+00
1.000000000000000000e+00,6.017422485351562500e+01,2.477885055541992188e+01,1.913333320617675781e+01,2.000000000000000000e+00,-9.646452552903350686e-01,3.445161626036910563e-02,-5.470482790129371775e-01,4.529324460644749140e-01,1.068796213235618592e-04,3.684673729483309984e-03,1.280061068038260784e-05,0.000000000000000000e+00
1.000000000000000000e+00,6.017422485351562500e+01,2.477885055541992188e+01,1.913333320617675781e+01,2.000000000000000000e+00,0.000000000000000000e+00,0.000000000000000000e+00,-9.646452552903350686e-01,3.445161626036910563e-02,0.000000000000000000e+00,1.068796213235618592e-04,1.142325345426797867e-08,0.000000000000000000e+00
1.000000000000000000e+00,6.017454147338867188e+01,2.477883911132812500e+01,1.913333320617675781e+01,2.000000000000000000e+00,9.648221833181118701e-01,-3.487309096330525049e-02,0.000000000000000000e+00,0.000000000000000000e+00,3.168266264777544711e-04,0.000000000000000000e+00,1.003791112452745570e-07,0.000000000000000000e+00
1.000000000000000000e+00,6.017837142944335938e+01,2.478089332580566406e+01,1.913333320617675781e+01,2.000000000000000000e+00,6.508803485006108280e-01,3.491026570394212269e-01,9.648221833181118701e-01,-3.487309096330525049e-02,4.346074148075309077e-03,3.168266264777544711e-04,1.623483559030003740e-05,0.000000000000000000e+00
1.000000000000000000e+00,6.017837142944335938e+01,2.478089332580566406e+01,1.913333320617675781e+01,2.000000000000000000e+00,0.000000000000000000e+00,0.000000000000000000e+00,6.508803485006108280e-01,3.491026570394212269e-01,0.000000000000000000e+00,4.346074148075309077e-03,1.888836050056852400e-05,0.000000000000000000e+00
1.000000000000000000e+00,6.018218231201171875e+01,2.478265190124511719e+01,1.913333320617675781e+01,2.000000000000000000e+00,6.842342898689257602e-01,3.157477553849597496e-01,0.000000000000000000e+00,0.000000000000000000e+00,4.197072018213780786e-03,0.000000000000000000e+00,1.761541352607309818e-05,0.000000000000000000e+00
1.000000000000000000e+00,6.018218231201171875e+01,2.478265190124511719e+01,1.914999961853027344e+01,2.000000000000000000e+00,0.000000000000000000e+00,0.000000000000000000e+00,6.842342898689257602e-01,3.157477553849597496e-01,0.000000000000000000e+00,4.197072018213780786e-03,1.761541352607309818e-05,0.000000000000000000e+00
1.000000000000000000e+00,6.018301391601562500e+01,2.478846549987792969e+01,1.914999961853027344e+01,2.000000000000000000e+00,1.251416300156452943e-01,8.748433217607497481e-01,0.000000000000000000e+00,0.000000000000000000e+00,5.872775688101178684e-03,0.000000000000000000e+00,3.448949428275227547e-05,0.000000000000000000e+00
1.000000000000000000e+00,6.018301391601562500e+01,2.478846549987792969e+01,1.914999961853027344e+01,2.000000000000000000e+00,0.000000000000000000e+00,0.000000000000000000e+00,1.251416300156452943e-01,8.748433217607497481e-01,0.000000000000000000e+00,5.872775688101178684e-03,3.448949428275227547e-05,0.000000000000000000e+00
1.000000000000000000e+00,6.018275451660156250e+01,2.479320144653320312e+01,1.914999961853027344e+01,2.000000000000000000e+00,-5.192717736556064223e-02,9.480528044021109269e-01,0.000000000000000000e+00,0.000000000000000000e+00,4.743045306299701301e-03,0.000000000000000000e+00,2.249647877761162817e-05,0.000000000000000000e+00
1.000000000000000000e+00,6.018275451660156250e+01,2.479320144653320312e+01,1.914999961853027344e+01,2.000000000000000000e+00,0.000000000000000000e+00,0.000000000000000000e+00,-5.192717736556064223e-02,9.480528044021109269e-01,0.000000000000000000e+00,4.743045306299701301e-03,2.249647877761162817e-05,0.000000000000000000e+00
1.000000000000000000e+00,6.018261718750000000e+01,2.479521751403808594e+01,1.914999961853027344e+01,2.000000000000000000e+00,-6.377028928277879427e-02,9.361832746096830915e-01,0.000000000000000000e+00,0.000000000000000000e+00,2.020739336574703567e-03,0.000000000000000000e+00,4.083387466380373491e-06,0.000000000000000000e+00
1.000000000000000000e+00,6.018261718750000000e+01,2.479521751403808594e+01,1.916666603088378906e+01,2.000000000000000000e+00,0.000000000000000000e+00,0.000000000000000000e+00,-6.377028928277879427e-02,9.361832746096830915e-01,0.000000000000000000e+00,2.020739336574703567e-03,4.083387466380373491e-06,0.000000000000000000e+00
1.000000000000000000e+00,6.017924880981445312e+01,2.479832839965820312e+01,1.916666603088378906e+01,2.000000000000000000e+00,-5.198624504667520574e-01,4.801221159180479314e-01,0.000000000000000000e+00,0.000000000000000000e+00,4.585147497512159429e-03,0.000000000000000000e+00,2.102357757394201715e-05,0.000000000000000000e+00
1.000000000000000000e+00,6.017919158935546875e+01,2.479832077026367188e+01,1.916666603088378906e+01,2.000000000000000000e+00,-8.809944270406931954e-01,-1.174659236054257511e-01,-5.198624504667520574e-01,4.801221159180479314e-01,5.772684459847090324e-05,4.585147497512159429e-03,2.049753776842940721e-05,0.000000000000000000e+00
1.000000000000000000e+00,6.017919158935546875e+01,2.479832077026367188e+01,1.916666603088378906e+01,2.000000000000000000e+00,0.000000000000000000e+00,0.000000000000000000e+00,-8.809944270406931954e-01,-1.174659236054257511e-01,0.000000000000000000e+00,5.772684459847090324e-05,3.332388587296009477e-09,0.000000000000000000e+00
1.000000000000000000e+00,6.017923736572265625e+01,2.479879951477050781e+01,1.916666603088378906e+01,2.000000000000000000e+00,8.725609188294505825e-02,9.125532942758003419e-01,0.000000000000000000e+00,0.000000000000000000e+00,4.809280389189944248e-04,0.000000000000000000e+00,2.312917786184698079e-07,0.000000000000000000e+00
1.000000000000000000e+00,6.017923736572265625e+01,2.479879951477050781e+01,1.916666603088378906e+01,2.000000000000000000e+00,0.000000000000000000e+00,0.000000000000000000e+00,8.725609188294505825e-02,9.125532942758003419e-01,0.000000000000000000e+00,4.809280389189944248e-04,2.312917786184698079e-07,0.000000000000000000e+00
1.000000000000000000e+00,6.017911529541015625e+01,2.480174064636230469e+01,1.918333244323730469e+01,2.000000000000000000e+00,-3.984925949635349796e-02,9.601180959902670953e-01,0.000000000000000000e+00,0.000000000000000000e+00,2.943663737837504211e-03,0.000000000000000000e+00,8.665156201459467411e-06,0.000000000000000000e+00
1.000000000000000000e+00,6.017911529541015625e+01,2.480174064636230469e+01,1.918333244323730469e+01,2.000000000000000000e+00,0.000000000000000000e+00,0.000000000000000000e+00,-3.984925949635349796e-02,9.601180959902670953e-01,0.000000000000000000e+00,2.943663737837504211e-03,8.665156201459467411e-06,0.000000000000000000e+00
1.000000000000000000e+00,6.017734527587890625e+01,2.480306625366210938e+01,1.918333244323730469e+01,2.000000000000000000e+00,-5.717621831145126565e-01,4.282055142937352121e-01,0.000000000000000000e+00,0.000000000000000000e+00,2.211380531320185101e-03,0.000000000000000000e+00,4.890203854301944375e-06,0.000000000000000000e+00
1.000000000000000000e+00,6.017734527587890625e+01,2.480306625366210938e+01,1.918333244323730469e+01,2.000000000000000000e+00,0.000000000000000000e+00,0.000000000000000000e+00,-5.717621831145126565e-01,4.282055142937352121e-01,0.000000000000000000e+00,2.211380531320185101e-03,4.890203854301944375e-06,0.000000000000000000e+00
1.000000000000000000e+00,6.017742538452148438e+01,2.480330085754394531e+01,1.918333244323730469e+01,2.000000000000000000e+00,2.544645983422207935e-01,7.452177522879324112e-01,0.000000000000000000e+00,0.000000000000000000e+00,2.479039652530799949e-04,0.000000000000000000e+00,6.145637598820029366e-08,0.000000000000000000e+00
1.000000000000000000e+00,6.017741012573242188e+01,2.480332756042480469e+01,1.918333244323730469e+01,2.000000000000000000e+00,-3.627718321892960396e-01,6.348507063312680554e-01,2.544645983422207935e-01,7.452177522879324112e-01,3.075507258719844487e-05,2.479039652530799949e-04,4.715364158601854808e-08,0.000000000000000000e+00
1.000000000000000000e+00,6.017739105224609375e+01,2.480336761474609375e+01,1.920000076293945312e+01,2.000000000000000000e+00,-3.220360012547552886e-01,6.762756026349860949e-01,-3.627718321892960396e-01,6.348507063312680554e-01,4.436379756779864502e-05,3.075507258719844487e-05,1.851973955976119295e-10,0.000000000000000000e+00
1.000000000000000000e+00,6.017740631103515625e+01,2.480333137512207031e+01,1.920000076293945312e+01,2.000000000000000000e+00,2.957220610076977674e-01,-7.023398948932821906e-01,-3.220360012547552886e-01,6.762756026349860949e-01,3.932099938981686366e-05,4.436379756779864502e-05,2.542981346385637410e-11,0.000000000000000000e+00
1.000000000000000000e+00,6.017741012573242188e+01,2.480327415466308594e+01,1.920000076293945312e+01,2.000000000000000000e+00,6.239776749773171677e-02,-9.359665124659757307e-01,2.957220610076977674e-01,-7.023398948932821906e-01,5.734747458790934795e-05,3.932099938981686366e-05,3.249538080674434741e-10,0.000000000000000000e+00
1.000000000000000000e+00,6.017739105224609375e+01,2.480328941345214844e+01,1.920000076293945312e+01,2.000000000000000000e+00,-5.539420822975354985e-01,4.431536658380283433e-01,6.239776749773171677e-02,-9.359665124659757307e-01,2.442598051999225056e-05,5.734747458790934795e-05,1.083824771663900724e-09,0.000000000000000000e+00
1.000000000000000000e+00,6.017738723754882812e+01,2.480329132080078125e+01,1.920000076293945312e+01,2.000000000000000000e+00,-6.552159382063228454e-01,3.276079691031614227e-01,-5.539420822975354985e-01,4.431536658380283433e-01,4.264961199760036097e-06,2.442598051999225056e-05,4.064667000307766259e-10,0.000000000000000000e+00
1.000000000000000000e+00,6.017739486694335938e+01,2.480331039428710938e+01,1.920000076293945312e+01,2.000000000000000000e+00,2.846483022208943781e-01,7.116207555522359174e-01,-6.552159382063228454e-01,3.276079691031614227e-01,2.054277346471597191e-05,4.264961199760036097e-06,2.649671721331498799e-10,0.000000000000000000e+00
1.000000000000000000e+00,6.017779159545898438e+01,2.480364036560058594e+01,1.921666717529296875e+01,2.000000000000000000e+00,5.458566440713368273e-01,4.540057664631791945e-01,2.846483022208943781e-01,7.116207555522359174e-01,5.160180063015861298e-04,2.054277346471597191e-05,2.454957063547506422e-07,0.000000000000000000e+00
1.000000000000000000e+00,6.017780685424804688e+01,2.480366516113281250e+01,1.921666717529296875e+01,2.000000000000000000e+00,3.800036601952549997e-01,6.175059478172892913e-01,5.458566440713368273e-01,4.540057664631791945e-01,2.911441330427884521e-05,5.160180063015861298e-04,2.370751088736874777e-07,0.000000000000000000e+00
1.000000000000000000e+00,6.017777252197265625e+01,2.480358123779296875e+01,1.921666717529296875e+01,2.000000000000000000e+00,-2.900772838081077665e-01,-7.090778048642634168e-01,3.800036601952549997e-01,6.175059478172892913e-01,9.067431887820978664e-05,2.911441330427884521e-05,3.789621974271294617e-09,0.000000000000000000e+00
1.000000000000000000e+00,6.017776107788085938e+01,2.480352783203125000e+01,1.923333358764648438e+01,2.000000000000000000e+00,-1.761988854081386335e-01,-8.222614652379802713e-01,-2.900772838081077665e-01,-7.090778048642634168e-01,5.461815285978833542e-05,9.067431887820978664e-05,1.300047107947969857e-09,0.000000000000000000e+00
1.000000000000000000e+00,6.017760467529296875e+01,2.480390357971191406e+01,1.923333358764648438e+01,2.000000000000000000e+00,-2.938515903718234012e-01,7.059605280884049261e-01,-1.761988854081386335e-01,-8.222614652379802713e-01,4.069988808624748077e-04,5.461815285978833542e-05,1.241721774677033124e-07,0.000000000000000000e+00
1.000000000000000000e+00,6.017757415771484375e+01,2.480397605895996094e+01,1.923333358764648438e+01,2.000000000000000000e+00,-2.960089001588028235e-01,7.030211378771568098e-01,-2.938515903718234012e-01,7.059605280884049261e-01,7.864199877963372733e-05,4.069988808624748077e-04,1.078182420111648049e-07,0.000000000000000000e+00
1.000000000000000000e+00,6.017755889892578125e+01,2.480401229858398438e+01,1.923333358764648438e+01,2.000000000000000000e+00,-2.957220610076977674e-01,7.023398948932821906e-01,-2.960089001588028235e-01,7.030211378771568098e-01,3.932099938981686366e-05,7.864199877963372733e-05,1.546140993013978211e-09,0.000000000000000000e+00
1.000000000000000000e+00,6.017753601074218750e+01,2.480405807495117188e+01,1.923333358764648438e+01,2.000000000000000000e+00,-3.328485874438506520e-01,6.656971748877013040e-01,-2.957220610076977674e-01,7.023398948932821906e-01,5.117953439712043316e-05,3.932099938981686366e-05,1.406248525194442579e-10,0.000000000000000000e+00
1.000000000000000000e+00,6.017751693725585938e+01,2.480411911010742188e+01,1.923333358764648438e+01,2.000000000000000000e+00,-2.377983932285975266e-01,7.609548583315121073e-01,-3.328485874438506520e-01,6.656971748877013040e-01,6.394597860046467223e-05,5.117953439712043316e-05,1.629820975971017254e-10,0.000000000000000000e+00
1.000000000000000000e+00,6.018261337280273438e+01,2.479522132873535156e+01,2.036666679382324219e+01,2.000000000000000000e+00,0.000000000000000000e+00,0.000000000000000000e+00,-2.377983932285975266e-01,7.609548583315121073e-01,0.000000000000000000e+00,6.394597860046467223e-05,4.089088179171086185e-09,0.000000000000000000e+00
1.000000000000000000e+00,6.018261718750000000e+01,2.479521751403808594e+01,2.036666679382324219e+01,2.000000000000000000e+00,4.935311880124827466e-01,-4.935311880124827466e-01,0.000000000000000000e+00,0.000000000000000000e+00,5.394796609394436438e-06,0.000000000000000000e+00,2.910383045673371008e-11,0.000000000000000000e+00
1.000000000000000000e+00,6.018261718750000000e+01,2.479521942138671875e+01,2.036666679382324219e+01,2.000000000000000000e+00,0.000000000000000000e+00,9.501830432614539745e-01,4.935311880124827466e-01,-4.935311880124827466e-01,1.907348632812500000e-06,5.394796609394436438e-06,1.216229338936544193e-11,0.000000000000000000e+00
1.000000000000000000e+00,6.018276214599609375e+01,2.479432678222656250e+01,2.038333320617675781e+01,2.000000000000000000e+00,1.396924192906019990e-01,-8.602112135263386694e-01,0.000000000000000000e+00,9.501830432614539745e-01,9.043327019599684382e-04,1.907348632812500000e-06,8.143715183276421974e-07,0.000000000000000000e+00
1.000000000000000000e+00,6.018264770507812500e+01,2.479496765136718750e+01,2.038333320617675781e+01,2.000000000000000000e+00,-1.514950941767839176e-01,8.483725273899899166e-01,1.396924192906019990e-01,-8.602112135263386694e-01,6.510068963620556327e-04,9.043327019599684382e-04,6.417396378183151501e-08,0.000000000000000000e+00
1.000000000000000000e+00,6.018286132812500000e+01,2.479280471801757812e+01,2.038333320617675781e+01,2.000000000000000000e+00,8.988385834443630984e-02,-9.100740657374175591e-01,-1.514950941767839176e-01,8.483725273899899166e-01,2.173457034543952067e-03,6.510068963620556327e-04,2.317854423250075278e-06,0.000000000000000000e+00
1.000000000000000000e+00,6.018286132812500000e+01,2.479280471801757812e+01,2.038333320617675781e+01,2.000000000000000000e+00,0.000000000000000000e+00,0.000000000000000000e+00,8.988385834443630984e-02,-9.100740657374175591e-01,0.000000000000000000e+00,2.173457034543952067e-03,4.723915481008590115e-06,0.000000000000000000e+00
1.000000000000000000e+00,6.018297958374023438e+01,2.479134559631347656e+01,2.038333320617675781e+01,2.000000000000000000e+00,7.496501774374572657e-02,-9.249715899026690336e-01,0.000000000000000000e+00,0.000000000000000000e+00,1.463905918395956227e-03,0.000000000000000000e+00,2.143020537914708257e-06,0.000000000000000000e+00
1.000000000000000000e+00,6.018310165405273438e+01,2.478772926330566406e+01,2.038333320617675781e+01,2.000000000000000000e+00,3.265218779845732722e-02,-9.673210635292982529e-01,7.496501774374572657e-02,-9.249715899026690336e-01,3.618392679711262324e-03,1.463905918395956227e-03,4.641813204682917145e-06,0.000000000000000000e+00
1.000000000000000000e+00,6.018320465087890625e+01,2.478778457641601562e+01,2.039999961853027344e+01,2.000000000000000000e+00,6.501917015580404025e-01,3.491770249107994939e-01,3.265218779845732722e-02,-9.673210635292982529e-01,1.169097360284573000e-04,3.618392679711262324e-03,1.226038280490160077e-05,0.000000000000000000e+00
1.000000000000000000e+00,6.018320083618164062e+01,2.478782463073730469e+01,2.039999961853027344e+01,2.000000000000000000e+00,-8.675875402768838673e-02,9.109669172907280954e-01,6.501917015580404025e-01,3.491770249107994939e-01,4.023556348748967738e-05,1.169097360284573000e-04,5.878928734842072128e-09,0.000000000000000000e+00
1.000000000000000000e+00,6.018319320678710938e+01,2.478775787353515625e+01,2.039999961853027344e+01,2.000000000000000000e+00,-1.024264078550730234e-01,-8.962310687318889579e-01,-8.675875402768838673e-02,9.109669172907280954e-01,6.719175321124471877e-05,4.023556348748967738e-05,7.266361644230768463e-10,0.000000000000000000e+00
1.000000000000000000e+00,6.018260192871093750e+01,2.478441047668457031e+01,2.039999961853027344e+01,2.000000000000000000e+00,-1.501172540109021181e-01,-8.498573573843007933e-01,-1.024264078550730234e-01,-8.962310687318889579e-01,3.399216886089230678e-03,6.719175321124471877e-05,1.110239148613056126e-05,0.000000000000000000e+00
1.000000000000000000e+00,6.018260192871093750e+01,2.478441047668457031e+01,2.039999961853027344e+01,2.000000000000000000e+00,0.000000000000000000e+00,0.000000000000000000e+00,-1.501172540109021181e-01,-8.498573573843007933e-01,0.000000000000000000e+00,3.399216886089230678e-03,1.155467543867416510e-05,0.000000000000000000e+00
1.000000000000000000e+00,6.018207550048828125e+01,2.478186607360839844e+01,2.039999961853027344e+01,2.000000000000000000e+00,-1.714229891294332675e-01,-8.285444474589274133e-01,0.000000000000000000e+00,0.000000000000000000e+00,2.598290531800075392e-03,0.000000000000000000e+00,6.751113687641918659e-06,0.000000000000000000e+00
1.000000000000000000e+00,6.018198776245117188e+01,2.478139305114746094e+01,2.041666603088378906e+01,2.000000000000000000e+00,-1.564346881531352429e-01,-8.433870143908160921e-01,-1.714229891294332675e-01,-8.285444474589274133e-01,4.810906481186001736e-04,2.598290531800075392e-03,4.482535347460853122e-06,0.000000000000000000e+00
1.000000000000000000e+00,6.018198776245117188e+01,2.478139305114746094e+01,2.041666603088378906e+01,2.000000000000000000e+00,0.000000000000000000e+00,0.000000000000000000e+00,-1.564346881531352429e-01,-8.433870143908160921e-01,0.000000000000000000e+00,4.810906481186001736e-04,2.314482117071747780e-07,0.000000000000000000e+00
1.000000000000000000e+00,6.018198776245117188e+01,2.478139305114746094e+01,2.041666603088378906e+01,2.000000000000000000e+00,0.000000000000000000e+00,0.000000000000000000e+00,0.000000000000000000e+00,0.000000000000000000e+00,0.000000000000000000e+00,0.000000000000000000e+00,0.000000000000000000e+00,0.000000000000000000e+00
1.000000000000000000e+00,6.018198776245117188e+01,2.478139305114746094e+01,2.041666603088378906e+01,2.000000000000000000e+00,0.000000000000000000e+00,0.000000000000000000e+00,0.000000000000000000e+00,0.000000000000000000e+00,0.000000000000000000e+00,0.000000000000000000e+00,0.000000000000000000e+00,0.000000000000000000e+00
1.000000000000000000e+00,6.018198776245117188e+01,2.478139305114746094e+01,2.041666603088378906e+01,2.000000000000000000e+00,0.000000000000000000e+00,0.000000000000000000e+00,0.000000000000000000e+00,0.000000000000000000e+00,0.000000000000000000e+00,0.000000000000000000e+00,0.000000000000000000e+00,0.000000000000000000e+00
1.000000000000000000e+00,6.018198776245117188e+01,2.478139305114746094e+01,2.041666603088378906e+01,2.000000000000000000e+00,0.000000000000000000e+00,0.000000000000000000e+00,0.000000000000000000e+00,0.000000000000000000e+00,0.000000000000000000e+00,0.000000000000000000e+00,0.000000000000000000e+00,0.000000000000000000e+00
1.000000000000000000e+00,6.018198776245117188e+01,2.478139305114746094e+01,2.043333244323730469e+01,2.000000000000000000e+00,0.000000000000000000e+00,0.000000000000000000e+00,0.000000000000000000e+00,0.000000000000000000e+00,0.000000000000000000e+00,0.000000000000000000e+00,0.000000000000000000e+00,0.000000000000000000e+00
1.000000000000000000e+00,6.018198776245117188e+01,2.478139305114746094e+01,2.043333244323730469e+01,2.000000000000000000e+00,0.000000000000000000e+00,0.000000000000000000e+00,0.000000000000000000e+00,0.000000000000000000e+00,0.000000000000000000e+00,0.000000000000000000e+00,0.000000000000000000e+00,0.000000000000000000e+00
1.000000000000000000e+00,6.018198776245117188e+01,2.478139305114746094e+01,2.043333244323730469e+01,2.000000000000000000e+00,0.000000000000000000e+00,0.000000000000000000e+00,0.000000000000000000e+00,0.000000000000000000e+00,0.000000000000000000e+00,0.000000000000000000e+00,0.000000000000000000e+00,0.000000000000000000e+00
1.000000000000000000e+00,6.018117141723632812e+01,2.475912857055664062e+01,2.045000076293945312e+01,2.000000000000000000e+00,-3.536882453144140487e-02,-9.646268428867184053e-01,0.000000000000000000e+00,0.000000000000000000e+00,2.227944154346811131e-02,0.000000000000000000e+00,4.963735154888126999e-04,0.000000000000000000e+00
1.000000000000000000e+00,6.018117141723632812e+01,2.475912857055664062e+01,2.045000076293945312e+01,2.000000000000000000e+00,0.000000000000000000e+00,0.000000000000000000e+00,-3.536882453144140487e-02,-9.646268428867184053e-01,0.000000000000000000e+00,2.227944154346811131e-02,4.963735154888126999e-04,0.000000000000000000e+00
1.000000000000000000e+00,6.018064498901367188e+01,2.475503540039062500e+01,2.045000076293945312e+01,2.000000000000000000e+00,-1.139529420247700903e-01,-8.860254115404224695e-01,0.000000000000000000e+00,0.000000000000000000e+00,4.126883652536062971e-03,0.000000000000000000e+00,1.703116868156939745e-05,0.000000000000000000e+00
1.000000000000000000e+00,6.018064498901367188e+01,2.475503540039062500e+01,2.045000076293945312e+01,2.000000000000000000e+00,0.000000000000000000e+00,0.000000000000000000e+00,-1.139529420247700903e-01,-8.860254115404224695e-01,0.000000000000000000e+00,4.126883652536062971e-03,1.703116868156939745e-05,0.000000000000000000e+00
1.000000000000000000e+00,6.018064498901367188e+01,2.475503540039062500e+01,2.045000076293945312e+01,2.000000000000000000e+00,0.000000000000000000e+00,0.000000000000000000e+00,0.000000000000000000e+00,0.000000000000000000e+00,0.000000000000000000e+00,0.000000000000000000e+00,0.000000000000000000e+00,0.000000000000000000e+00
1.000000000000000000e+00,6.018064498901367188e+01,2.475503540039062500e+01,2.045000076293945312e+01,2.000000000000000000e+00,0.000000000000000000e+00,0.000000000000000000e+00,0.000000000000000000e+00,0.000000000000000000e+00,0.000000000000000000e+00,0.000000000000000000e+00,0.000000000000000000e+00,0.000000000000000000e+00
1.000000000000000000e+00,6.018064498901367188e+01,2.475503540039062500e+01,2.046666717529296875e+01,2.000000000000000000e+00,0.000000000000000000e+00,0.000000000000000000e+00,0.000000000000000000e+00,0.000000000000000000e+00,0.000000000000000000e+00,0.000000000000000000e+00,0.000000000000000000e+00,0.000000000000000000e+00
1.000000000000000000e+00,6.018064498901367188e+01,2.475503540039062500e+01,2.046666717529296875e+01,2.000000000000000000e+00,0.000000000000000000e+00,0.000000000000000000e+00,0.000000000000000000e+00,0.000000000000000000e+00,0.000000000000000000e+00,0.000000000000000000e+00,0.000000000000000000e+00,0.000000000000000000e+00
1.000000000000000000e+00,6.018064498901367188e+01,2.475503540039062500e+01,2.046666717529296875e+01,2.000000000000000000e+00,0.000000000000000000e+00,0.000000000000000000e+00,0.000000000000000000e+00,0.000000000000000000e+00,0.000000000000000000e+00,0.000000000000000000e+00,0.000000000000000000e+00,0.000000000000000000e+00
1.000000000000000000e+00,6.018064498901367188e+01,2.475503540039062500e+01,2.046666717529296875e+01,2.000000000000000000e+00,0.000000000000000000e+00,0.000000000000000000e+00,0.000000000000000000e+00,0.000000000000000000e+00,0.000000000000000000e+00,0.000000000000000000e+00,0.000000000000000000e+00,0.000000000000000000e+00
1.000000000000000000e+00,6.018064498901367188e+01,2.475503540039062500e+01,2.046666717529296875e+01,2.000000000000000000e+00,0.000000000000000000e+00,0.000000000000000000e+00,0.000000000000000000e+00,0.000000000000000000e+00,0.000000000000000000e+00,0.000000000000000000e+00,0.000000000000000000e+00,0.000000000000000000e+00
1.000000000000000000e+00,6.018064498901367188e+01,2.475503540039062500e+01,2.046666717529296875e+01,2.000000000000000000e+00,0.000000000000000000e+00,0.000000000000000000e+00,0.000000000000000000e+00,0.000000000000000000e+00,0.000000000000000000e+00,0.000000000000000000e+00,0.000000000000000000e+00,0.000000000000000000e+00
1.000000000000000000e+00,6.017758178710937500e+01,2.473877906799316406e+01,2.048333358764648438e+01,2.000000000000000000e+00,-1.585538243867363195e-01,-8.414409995318514746e-01,0.000000000000000000e+00,0.000000000000000000e+00,1.654241665909869652e-02,0.000000000000000000e+00,2.736515489232260734e-04,0.000000000000000000e+00
1.000000000000000000e+00,6.017715835571289062e+01,2.473521041870117188e+01,2.048333358764648438e+01,2.000000000000000000e+00,-1.060651883083875840e-01,-8.939097627251944012e-01,-1.585538243867363195e-01,-8.414409995318514746e-01,3.593682222562958901e-03,1.654241665909869652e-02,1.676697235079264861e-04,0.000000000000000000e+00
1.000000000000000000e+00,6.017713928222656250e+01,2.473497390747070312e+01,2.050000000000000000e+01,2.000000000000000000e+00,-7.459767860617830260e-02,-9.250112147166109633e-01,-1.060651883083875840e-01,-8.939097627251944012e-01,2.372790762341916917e-04,3.593682222562958901e-03,1.126544208068564853e-05,0.000000000000000000e+00
1.000000000000000000e+00,6.017713928222656250e+01,2.473497390747070312e+01,2.050000000000000000e+01,2.000000000000000000e+00,0.000000000000000000e+00,0.000000000000000000e+00,-7.459767860617830260e-02,-9.250112147166109633e-01,0.000000000000000000e+00,2.372790762341916917e-04,5.630136001855134964e-08,0.000000000000000000e+00
1.000000000000000000e+00,6.017694854736328125e+01,2.473252677917480469e+01,2.050000000000000000e+01,2.000000000000000000e+00,-7.230383889840287515e-02,-9.276582530665088422e-01,0.000000000000000000e+00,0.000000000000000000e+00,2.454550200068784244e-03,0.000000000000000000e+00,6.024816684657708657e-06,0.000000000000000000e+00
1.000000000000000000e+00,6.017573165893554688e+01,2.472948837280273438e+01,2.050000000000000000e+01,2.000000000000000000e+00,-2.859636966681040060e-01,-7.140128037496703550e-01,-7.230383889840287515e-02,-9.276582530665088422e-01,3.273030816749411282e-03,2.454550200068784244e-03,6.699105198818995477e-07,0.000000000000000000e+00
1.000000000000000000e+00,6.017533874511718750e+01,2.472929382324218750e+01,2.050000000000000000e+01,2.000000000000000000e+00,-6.687173375079716875e-01,-3.311124680864714342e-01,-2.859636966681040060e-01,-7.140128037496703550e-01,4.384413303587221208e-04,3.273030816749411282e-03,8.034897556356630476e-06,0.000000000000000000e+00
1.000000000000000000e+00,6.017524719238281250e+01,2.472934150695800781e+01,2.050000000000000000e+01,2.000000000000000000e+00,-6.570623426007158319e-01,3.422199701045394726e-01,-6.687173375079716875e-01,-3.311124680864714342e-01,1.032261591166290971e-04,4.384413303587221208e-04,1.123692110308657512e-07,0.000000000000000000e+00
1.000000000000000000e+00,6.017524719238281250e+01,2.472934150695800781e+01,2.051666641235351562e+01,2.000000000000000000e+00,0.000000000000000000e+00,0.000000000000000000e+00,-6.570623426007158319e-01,3.422199701045394726e-01,0.000000000000000000e+00,1.032261591166290971e-04,1.065563992597162889e-08,0.000000000000000000e+00
1.000000000000000000e+00,6.017355346679687500e+01,2.472973251342773438e+01,2.051666641235351562e+01,2.000000000000000000e+00,-8.124038487109760398e-01,1.875481857947635944e-01,0.000000000000000000e+00,0.000000000000000000e+00,1.738272826637797183e-03,0.000000000000000000e+00,3.021592419827357358e-06,0.000000000000000000e+00
1.000000000000000000e+00,6.017352676391601562e+01,2.472970008850097656e+01,2.051666641235351562e+01,2.000000000000000000e+00,-4.508504017566574151e-01,-5.474612021330840239e-01,-8.124038487109760398e-01,1.875481857947635944e-01,4.200499638661430173e-05,1.738272826637797183e-03,2.877324551945056024e-06,0.000000000000000000e+00
1.000000000000000000e+00,6.017348480224609375e+01,2.472956657409667969e+01,2.051666641235351562e+01,2.000000000000000000e+00,-2.389942371623767492e-01,-7.604362091530169065e-01,-4.508504017566574151e-01,-5.474612021330840239e-01,1.399531275012522928e-04,4.200499638661430173e-05,9.593836388850315602e-09,0.000000000000000000e+00
1.000000000000000000e+00,6.017277908325195312e+01,2.472688484191894531e+01,2.051666641235351562e+01,2.000000000000000000e+00,-2.083271833647346860e-01,-7.916432967859918790e-01,-2.389942371623767492e-01,-7.604362091530169065e-01,2.773035660027978969e-03,1.399531275012522928e-04,6.933123623097361766e-06,0.000000000000000000e+00
1.000000000000000000e+00,6.017272567749023438e+01,2.472611808776855469e+01,2.051666641235351562e+01,2.000000000000000000e+00,-6.510834057635718486e-02,-9.347697468462711212e-01,-2.083271833647346860e-01,-7.916432967859918790e-01,7.686118022291936556e-04,2.773035660027978969e-03,4.017715001712963915e-06,0.000000000000000000e+00
1.000000000000000000e+00,6.017271804809570312e+01,2.472588157653808594e+01,2.053333282470703125e+01,2.000000000000000000e+00,-3.123720524073339555e-02,-9.683533624627352898e-01,-6.510834057635718486e-02,-9.347697468462711212e-01,2.366342532237369260e-04,7.686118022291936556e-04,2.830001126458531616e-07,0.000000000000000000e+00
1.000000000000000000e+00,6.017259979248046875e+01,2.472299575805664062e+01,2.053333282470703125e+01,2.000000000000000000e+00,-3.936376901893769154e-02,-9.606029439621407429e-01,-3.123720524073339555e-02,-9.683533624627352898e-01,2.888240415613941084e-03,2.366342532237369260e-04,7.031015240425705539e-06,0.000000000000000000e+00
1.000000000000000000e+00,6.017264556884765625e+01,2.472293281555175781e+01,2.053333282470703125e+01,2.000000000000000000e+00,4.206657017904205098e-01,-5.784153399618282565e-01,-3.936376901893769154e-02,-9.606029439621407429e-01,7.782823853722826014e-05,2.888240415613941084e-03,7.898416605061068152e-06,0.000000000000000000e+00
1.000000000000000000e+00,6.017390441894531250e+01,2.472156333923339844e+01,2.053333282470703125e+01,2.000000000000000000e+00,4.789367851372129392e-01,-5.210251692856346928e-01,4.206657017904205098e-01,-5.784153399618282565e-01,1.860152938582281890e-03,7.782823853722826014e-05,3.176681336390690628e-06,0.000000000000000000e+00
1.000000000000000000e+00,6.017410278320312500e+01,2.472126197814941406e+01,2.053333282470703125e+01,2.000000000000000000e+00,3.968671478308389844e-01,-6.029327822814669613e-01,4.789367851372129392e-01,-5.210251692856346928e-01,3.607864766281318036e-04,1.860152938582281890e-03,2.248099787232905991e-06,0.000000000000000000e+00
1.000000000000000000e+00,6.017448806762695312e+01,2.472067451477050781e+01,2.053333282470703125e+01,2.000000000000000000e+00,3.960377180738954284e-01,-6.038594909245533771e-01,3.968671478308389844e-01,-6.029327822814669613e-01,7.025363398433696156e-04,3.607864766281318036e-04,1.167929690076337511e-07,0.000000000000000000e+00
1.000000000000000000e+00,6.017448806762695312e+01,2.472067451477050781e+01,2.054999923706054688e+01,2.000000000000000000e+00,0.000000000000000000e+00,0.000000000000000000e+00,3.960377180738954284e-01,-6.038594909245533771e-01,0.000000000000000000e+00,7.025363398433696156e-04,4.935573088005185127e-07,0.000000000000000000e+00
1.000000000000000000e+00,6.017448806762695312e+01,2.472067451477050781e+01,2.054999923706054688e+01,2.000000000000000000e+00,0.000000000000000000e+00,0.000000000000000000e+00,0.000000000000000000e+00,0.000000000000000000e+00,0.000000000000000000e+00,0.000000000000000000e+00,0.000000000000000000e+00,0.000000000000000000e+00
1.000000000000000000e+00,6.017448806762695312e+01,2.472067451477050781e+01,2.054999923706054688e+01,2.000000000000000000e+00,0.000000000000000000e+00,0.000000000000000000e+00,0.000000000000000000e+00,0.000000000000000000e+00,0.000000000000000000e+00,0.000000000000000000e+00,0.000000000000000000e+00,0.000000000000000000e+00
1.000000000000000000e+00,6.017448806762695312e+01,2.472067451477050781e+01,2.054999923706054688e+01,2.000000000000000000e+00,0.000000000000000000e+00,0.000000000000000000e+00,0.000000000000000000e+00,0.000000000000000000e+00,0.000000000000000000e+00,0.000000000000000000e+00,0.000000000000000000e+00,0.000000000000000000e+00
1.000000000000000000e+00,6.017483901977539062e+01,2.468558883666992188e+01,2.054999923706054688e+01,2.000000000000000000e+00,9.903626716439829780e-03,-9.900935513527753251e-01,0.000000000000000000e+00,0.000000000000000000e+00,3.508743329439228953e-02,0.000000000000000000e+00,1.231127975188428536e-03,0.000000000000000000e+00
1.000000000000000000e+00,6.017431259155273438e+01,2.471041679382324219e+01,2.054999923706054688e+01,2.000000000000000000e+00,-2.076272560258872468e-02,9.792333303220921437e-01,9.903626716439829780e-03,-9.900935513527753251e-01,2.483353746611058691e-02,3.508743329439228953e-02,1.051423796572529054e-04,0.000000000000000000e+00
1.000000000000000000e+00,6.017431259155273438e+01,2.471041679382324219e+01,2.056666755676269531e+01,2.000000000000000000e+00,0.000000000000000000e+00,0.000000000000000000e+00,-2.076272560258872468e-02,9.792333303220921437e-01,0.000000000000000000e+00,2.483353746611058691e-02,6.167045830807181854e-04,0.000000000000000000e+00
1.000000000000000000e+00,6.017303848266601562e+01,2.471064376831054688e+01,2.056666755676269531e+01,2.000000000000000000e+00,-8.487363427853003017e-01,1.511970431009741489e-01,0.000000000000000000e+00,0.000000000000000000e+00,1.294168023520484876e-03,0.000000000000000000e+00,1.674870873102918267e-06,0.000000000000000000e+00
1.000000000000000000e+00,6.017284393310546875e+01,2.471072959899902344e+01,2.056666755676269531e+01,2.000000000000000000e+00,-6.936301619249419792e-01,3.060133067315920496e-01,-8.487363427853003017e-01,1.511970431009741489e-01,2.126415730597920964e-04,1.294168023520484876e-03,1.169699463046105336e-06,0.000000000000000000e+00
1.000000000000000000e+00,6.017243576049804688e+01,2.471030807495117188e+01,2.056666755676269531e+01,2.000000000000000000e+00,-4.918947368947547139e-01,-5.079847516529943929e-01,-6.936301619249419792e-01,3.060133067315920496e-01,5.867600875713501005e-04,2.126415730597920964e-04,1.399646629003348656e-07,0.000000000000000000e+00
1.000000000000000000e+00,6.017222976684570312e+01,2.470994758605957031e+01,2.056666755676269531e+01,2.000000000000000000e+00,-3.635721829856319864e-01,-6.362513202248559763e-01,-4.918947368947547139e-01,-5.079847516529943929e-01,4.151934799271790057e-04,5.867600875713501005e-04,2.943510085852894854e-08,0.000000000000000000e+00
1.000000000000000000e+00,6.017221069335937500e+01,2.470990753173828125e+01,2.056666755676269531e+01,2.000000000000000000e+00,-3.220360012547552886e-01,-6.762756026349860949e-01,-3.635721829856319864e-01,-6.362513202248559763e-01,4.436379756779864502e-05,4.151934799271790057e-04,1.375146533187589421e-07,0.000000000000000000e+00
1.000000000000000000e+00,6.017221069335937500e+01,2.470990753173828125e+01,2.058333396911621094e+01,2.000000000000000000e+00,0.000000000000000000e+00,0.000000000000000000e+00,-3.220360012547552886e-01,-6.762756026349860949e-01,0.000000000000000000e+00,4.436379756779864502e-05,1.968146534636617120e-09,0.000000000000000000e+00
1.000000000000000000e+00,6.017076492309570312e+01,2.470790672302246094e+01,2.058333396911621094e+01,2.000000000000000000e+00,-4.194676302244098043e-01,-5.805033563395856078e-01,0.000000000000000000e+00,0.000000000000000000e+00,2.468498971565589225e-03,0.000000000000000000e+00,6.093487172620371831e-06,0.000000000000000000e+00
1.000000000000000000e+00,6.017071533203125000e+01,2.470790100097656250e+01,2.058333396911621094e+01,2.000000000000000000e+00,-8.949337826102855553e-01,-1.032615903011867980e-01,-4.194676302244098043e-01,-5.805033563395856078e-01,4.992009097405395650e-05,2.468498971565589225e-03,5.849523801643403589e-06,0.000000000000000000e+00
1.000000000000000000e+00,6.017074203491210938e+01,2.470785331726074219e+01,2.058333396911621094e+01,2.000000000000000000e+00,3.584924274927555610e-01,-6.401650490942063509e-01,-8.949337826102855553e-01,-1.032615903011867980e-01,5.465144646413575133e-05,4.992009097405395650e-05,2.238572477352714150e-11,0.000000000000000000e+00
1.000000000000000000e+00,6.017074203491210938e+01,2.470775413513183594e+01,2.058333396911621094e+01,2.000000000000000000e+00,0.000000000000000000e+00,-9.989927693825498833e-01,3.584924274927555610e-01,-6.401650490942063509e-01,9.918212890625000000e-05,5.465144646413575133e-05,1.982981678760422030e-09,0.000000000000000000e+00
1.000000000000000000e+00,6.017054748535156250e+01,2.470582962036132812e+01,2.058333396911621094e+01,2.000000000000000000e+00,-9.180484858861776010e-02,-9.081479629991697777e-01,0.000000000000000000e+00,-9.989927693825498833e-01,1.934323301160310177e-03,9.918212890625000000e-05,3.367743122102005956e-06,0.000000000000000000e+00
1.000000000000000000e+00,6.017063522338867188e+01,2.470567893981933594e+01,2.060000038146972656e+01,2.000000000000000000e+00,3.678457143249024286e-01,-6.317350311232019511e-01,-9.180484858861776010e-02,-9.081479629991697777e-01,1.743633817372943872e-04,1.934323301160310177e-03,3.097458917975468063e-06,0.000000000000000000e+00
1.000000000000000000e+00,6.017063522338867188e+01,2.470567893981933594e+01,2.060000038146972656e+01,2.000000000000000000e+00,0.000000000000000000e+00,0.000000000000000000e+00,3.678457143249024286e-01,-6.317350311232019511e-01,0.000000000000000000e+00,1.743633817372943872e-04,3.040258889086544514e-08,0.000000000000000000e+00
1.000000000000000000e+00,6.017063522338867188e+01,2.470567893981933594e+01,2.060000038146972656e+01,2.000000000000000000e+00,0.000000000000000000e+00,0.000000000000000000e+00,0.000000000000000000e+00,0.000000000000000000e+00,0.000000000000000000e+00,0.000000000000000000e+00,0.000000000000000000e+00,0.000000000000000000e+00
1.000000000000000000e+00,6.017107391357421875e+01,2.470521163940429688e+01,2.060000038146972656e+01,2.000000000000000000e+00,4.841570867893224550e-01,-5.157325489712347721e-01,0.000000000000000000e+00,0.000000000000000000e+00,6.409514465159054774e-04,0.000000000000000000e+00,4.108187567908316321e-07,0.000000000000000000e+00
1.000000000000000000e+00,6.017095565795898438e+01,2.470516204833984375e+01,2.060000038146972656e+01,2.000000000000000000e+00,-7.041259491072664467e-01,-2.952786238191762447e-01,4.841570867893224550e-01,-5.157325489712347721e-01,1.282328515165070330e-04,6.409514465159054774e-04,2.628803576581571005e-07,0.000000000000000000e+00
1.000000000000000000e+00,6.017098617553710938e+01,2.470525360107421875e+01,2.060000038146972656e+01,2.000000000000000000e+00,2.497953676348335372e-01,7.493861029045005839e-01,-7.041259491072664467e-01,-2.952786238191762447e-01,9.650505554713072274e-05,1.282328515165070330e-04,1.006653037074371703e-09,0.000000000000000000e+00
1.000000000000000000e+00,6.017098236083984375e+01,2.470528030395507812e+01,2.061666679382324219e+01,2.000000000000000000e+00,-1.245917377935979314e-01,8.721421645551854507e-01,2.497953676348335372e-01,7.493861029045005839e-01,2.697398304697218134e-05,9.650505554713072274e-05,4.834570043022303260e-09,0.000000000000000000e+00
1.000000000000000000e+00,6.017098617553710938e+01,2.470528411865234375e+01,2.061666679382324219e+01,2.000000000000000000e+00,4.935311880124827466e-01,4.935311880124827466e-01,-1.245917377935979314e-01,8.721421645551854507e-01,5.394796609394436438e-06,2.697398304697218134e-05,4.656612873077393612e-10,0.000000000000000000e+00
1.000000000000000000e+00,6.017098236083984375e+01,2.470529747009277344e+01,2.061666679382324219e+01,2.000000000000000000e+00,-2.209351815062052804e-01,7.732731352717184814e-01,4.935311880124827466e-01,4.935311880124827466e-01,1.388570764404395686e-05,5.394796609394436438e-06,7.209557019833296979e-11,0.000000000000000000e+00
1.000000000000000000e+00,6.017097854614257812e+01,2.470530891418457031e+01,2.061666679382324219e+01,2.000000000000000000e+00,-2.483722675076618092e-01,7.451168025229853997e-01,-2.209351815062052804e-01,7.732731352717184814e-01,1.206313194339134034e-05,1.388570764404395686e-05,3.321782184609376211e-12,0.000000000000000000e+00
1.000000000000000000e+00,6.017097473144531250e+01,2.470532035827636719e+01,2.061666679382324219e+01,2.000000000000000000e+00,-2.483722675076618092e-01,7.451168025229853997e-01,-2.483722675076618092e-01,7.451168025229853997e-01,1.206313194339134034e-05,1.206313194339134034e-05,0.000000000000000000e+00,0.000000000000000000e+00
1.000000000000000000e+00,6.017097473144531250e+01,2.470532417297363281e+01,2.061666679382324219e+01,2.000000000000000000e+00,0.000000000000000000e+00,9.744552405423272390e-01,-2.483722675076618092e-01,7.451168025229853997e-01,3.814697265625000000e-06,1.206313194339134034e-05,6.803667463337830621e-11,0.000000000000000000e+00
1.000000000000000000e+00,6.017097473144531250e+01,2.470532798767089844e+01,2.063333320617675781e+01,2.000000000000000000e+00,0.000000000000000000e+00,9.744552405423272390e-01,0.000000000000000000e+00,9.744552405423272390e-01,3.814697265625000000e-06,3.814697265625000000e-06,0.000000000000000000e+00,0.000000000000000000e+00
1.000000000000000000e+00,6.017087173461914062e+01,2.470525360107421875e+01,6.666666865348815918e-01,3.000000000000000000e+00,0.000000000000000000e+00,0.000000000000000000e+00,0.000000000000000000e+00,9.744552405423272390e-01,0.000000000000000000e+00,3.814697265625000000e-06,1.455191522836685181e-11,0.000000000000000000e+00
1.000000000000000000e+00,6.017090606689453125e+01,2.470532035827636719e+01,6.666666865348815918e-01,3.000000000000000000e+00,3.392870111160678492e-01,6.597247438367986883e-01,0.000000000000000000e+00,0.000000000000000000e+00,7.506816350614329701e-05,0.000000000000000000e+00,5.635229172185064189e-09,0.000000000000000000e+00
1.000000000000000000e+00,6.017086029052734375e+01,2.470529747009277344e+01,6.666666865348815918e-01,3.000000000000000000e+00,-6.656971748877013040e-01,-3.328485874438506520e-01,3.392870111160678492e-01,6.597247438367986883e-01,5.117953439712043316e-05,7.506816350614329701e-05,5.706666007084544558e-10,0.000000000000000000e+00
1.000000000000000000e+00,6.017089462280273438e+01,2.470527648925781250e+01,6.666666865348815918e-01,3.000000000000000000e+00,6.195695418071207605e-01,-3.786258311043515512e-01,-6.656971748877013040e-01,-3.328485874438506520e-01,4.023556348748967738e-05,5.117953439712043316e-05,1.197704992708442400e-10,0.000000000000000000e+00
1.000000000000000000e+00,6.017092132568359375e+01,2.470527458190917969e+01,6.833333373069763184e-01,3.000000000000000000e+00,9.300824595164336461e-01,-6.643446139403097472e-02,6.195695418071207605e-01,-3.786258311043515512e-01,2.677091378711356925e-05,4.023556348748967738e-05,1.812967915538384164e-10,0.000000000000000000e+00
1.000000000000000000e+00,6.017095947265625000e+01,2.470519828796386719e+01,6.833333373069763184e-01,3.000000000000000000e+00,3.330423165165968813e-01,-6.660846330331937626e-01,9.300824595164336461e-01,-6.643446139403097472e-02,8.529922399520072193e-05,2.677091378711356925e-05,3.425563095814079045e-09,0.000000000000000000e+00
1.000000000000000000e+00,6.017093276977539062e+01,2.470514106750488281e+01,6.833333373069763184e-01,3.000000000000000000e+00,-3.178031355220077847e-01,-6.810067189757310624e-01,3.330423165165968813e-01,-6.660846330331937626e-01,6.314447539232959116e-05,8.529922399520072193e-05,4.908328856564203205e-10,0.000000000000000000e+00
1.000000000000000000e+00,6.017102813720703125e+01,2.470561218261718750e+01,2.033333301544189453e+00,3.000000000000000000e+00,0.000000000000000000e+00,0.000000000000000000e+00,-3.178031355220077847e-01,-6.810067189757310624e-01,0.000000000000000000e+00,6.314447539232959116e-05,3.987224772572517395e-09,0.000000000000000000e+00
1.000000000000000000e+00,6.017102813720703125e+01,2.470566177368164062e+01,2.033333301544189453e+00,3.000000000000000000e+00,0.000000000000000000e+00,9.979875657504915232e-01,0.000000000000000000e+00,0.000000000000000000e+00,4.959106445312500000e-05,0.000000000000000000e+00,2.459273673593997955e-09,0.000000000000000000e+00
1.000000000000000000e+00,6.017107772827148438e+01,2.470568466186523438e+01,2.033333301544189453e+00,3.000000000000000000e+00,6.832678181109953508e-01,3.153543775896901491e-01,0.000000000000000000e+00,9.979875657504915232e-01,5.461815285978833542e-05,4.959106445312500000e-05,2.527161784840891373e-11,0.000000000000000000e+00
1.000000000000000000e+00,6.017103576660156250e+01,2.470566558837890625e+01,2.033333301544189453e+00,3.000000000000000000e+00,-6.863754424750488914e-01,-3.119888374886585769e-01,6.832678181109953508e-01,3.153543775896901491e-01,4.609316243589238102e-05,5.461815285978833542e-05,7.267546172751772895e-11,0.000000000000000000e+00
1.000000000000000000e+00,6.017100143432617188e+01,2.470557975769042969e+01,2.033333301544189453e+00,3.000000000000000000e+00,-2.854767110890421566e-01,-7.136917777226052806e-01,-6.863754424750488914e-01,-3.119888374886585769e-01,9.244248059122188205e-05,4.609316243589238102e-05,2.148259293463957083e-09,0.000000000000000000e+00
1.000000000000000000e+00,6.017040634155273438e+01,2.470611190795898438e+01,8.116666793823242188e+00,3.000000000000000000e+00,0.000000000000000000e+00,0.000000000000000000e+00,-2.854767110890421566e-01,-7.136917777226052806e-01,0.000000000000000000e+00,9.244248059122188205e-05,8.545612217858433723e-09,0.000000000000000000e+00
1.000000000000000000e+00,6.017008972167968750e+01,2.470770072937011719e+01,8.116666793823242188e+00,3.000000000000000000e+00,-1.661574460105051110e-01,8.337900754623539523e-01,0.000000000000000000e+00,0.000000000000000000e+00,1.620062227348777195e-03,0.000000000000000000e+00,2.624601620482280850e-06,0.000000000000000000e+00
1.000000000000000000e+00,6.017021560668945312e+01,2.470782279968261719e+01,8.116666793823242188e+00,3.000000000000000000e+00,5.074876387083667728e-01,4.921092254141739009e-01,-1.661574460105051110e-01,8.337900754623539523e-01,1.753516377954285267e-04,1.620062227348777195e-03,2.087188687567584330e-06,0.000000000000000000e+00
1.000000000000000000e+00,6.017137527465820312e+01,2.470837211608886719e+01,8.116666793823242188e+00,3.000000000000000000e+00,6.785317247722190137e-01,3.214097643657879422e-01,5.074876387083667728e-01,4.921092254141739009e-01,1.283190676368935494e-03,1.753516377954285267e-04,1.227307335387472380e-06,0.000000000000000000e+00
1.000000000000000000e+00,6.017141723632812500e+01,2.470872879028320312e+01,8.116666793823242188e+00,3.000000000000000000e+00,1.052367586747693373e-01,8.945124487355393672e-01,6.785317247722190137e-01,3.214097643657879422e-01,3.591340455147945098e-04,1.283190676368935494e-03,8.538806570255061948e-07,0.000000000000000000e+00
1.000000000000000000e+00,6.017146682739257812e+01,2.470899391174316406e+01,8.116666793823242188e+00,3.000000000000000000e+00,1.575257037356604939e-01,8.421566468944926553e-01,1.052367586747693373e-01,8.945124487355393672e-01,2.697195992237364100e-04,3.591340455147945098e-04,7.994943205536513284e-09,0.000000000000000000e+00
1.000000000000000000e+00,6.017269515991210938e+01,2.471117019653320312e+01,8.133333206176757812e+00,3.000000000000000000e+00,3.607737171243359242e-01,6.391969118615952183e-01,1.575257037356604939e-01,8.421566468944926553e-01,2.499003054398564721e-03,2.697195992237364100e-04,4.969704723516220331e-06,0.000000000000000000e+00
1.000000000000000000e+00,6.017288208007812500e+01,2.471104240417480469e+01,8.133333206176757812e+00,3.000000000000000000e+00,5.937507294651819256e-01,-4.059316211649712791e-01,3.607737171243359242e-01,6.391969118615952183e-01,2.264288747672070024e-04,2.499003054398564721e-03,5.164593401927139137e-06,0.000000000000000000e+00
1.000000000000000000e+00,6.017440414428710938e+01,2.471074295043945312e+01,8.133333206176757812e+00,3.000000000000000000e+00,8.355562228166546479e-01,-1.643888809300937115e-01,5.937507294651819256e-01,-4.059316211649712791e-01,1.551242081651743512e-03,2.264288747672070024e-04,1.755130033135689948e-06,0.000000000000000000e+00
1.000000000000000000e+00,6.017518615722656250e+01,2.471043395996093750e+01,8.133333206176757812e+00,3.000000000000000000e+00,7.167175233571877468e-01,-2.831908263021083449e-01,8.355562228166546479e-01,-1.643888809300937115e-01,8.408444287057100256e-04,1.551242081651743512e-03,5.046648253112330451e-07,0.000000000000000000e+00
1.000000000000000000e+00,6.017522048950195312e+01,2.471021270751953125e+01,8.133333206176757812e+00,3.000000000000000000e+00,1.342758214911209391e-01,-8.653330718316682990e-01,7.167175233571877468e-01,-2.831908263021083449e-01,2.239003080876036001e-04,8.408444287057100256e-04,3.806200479652486651e-07,0.000000000000000000e+00
1.000000000000000000e+00,6.017522048950195312e+01,2.471027946472167969e+01,8.133333206176757812e+00,3.000000000000000000e+00,0.000000000000000000e+00,9.985042748307357829e-01,1.342758214911209391e-01,-8.653330718316682990e-01,6.675720214843750000e-05,2.239003080876036001e-04,2.469395574420797970e-08,0.000000000000000000e+00
1.000000000000000000e+00,6.017520141601562500e+01,2.471050262451171875e+01,8.149999618530273438e+00,3.000000000000000000e+00,-7.870766497302883469e-02,9.208796801844373325e-01,0.000000000000000000e+00,9.985042748307357829e-01,2.239734130895621009e-04,6.675720214843750000e-05,2.471693698268418686e-08,0.000000000000000000e+00
1.000000000000000000e+00,6.017577743530273438e+01,2.471291351318359375e+01,8.149999618530273438e+00,3.000000000000000000e+00,1.928415642070233083e-01,8.071249574757531908e-01,-7.870766497302883469e-02,9.208796801844373325e-01,2.478746136113416966e-03,2.239734130895621009e-04,5.084000032492408264e-06,0.000000000000000000e+00
1.000000000000000000e+00,6.017658233642578125e+01,2.471474647521972656e+01,8.149999618530273438e+00,3.000000000000000000e+00,3.051222001512601256e-01,6.948398918136515778e-01,1.928415642070233083e-01,8.071249574757531908e-01,2.001903005588998637e-03,2.478746136113416966e-03,2.273793711283274601e-07,0.000000000000000000e+00
1.000000000000000000e+00,6.017667770385742188e+01,2.471725845336914062e+01,8.149999618530273438e+00,3.000000000000000000e+00,3.657504200032039160e-02,9.633866062884391956e-01,3.051222001512601256e-01,6.948398918136515778e-01,2.513787813271324383e-03,2.001903005588998637e-03,2.620260563359716062e-07,0.000000000000000000e+00
1.000000000000000000e+00,6.017666625976562500e+01,2.471752929687500000e+01,8.149999618530273438e+00,3.000000000000000000e+00,-4.052618419455473325e-02,9.591196926044620596e-01,3.657504200032039160e-02,9.633866062884391956e-01,2.710851746282938782e-04,2.513787813271324383e-03,5.029715125376411291e-06,0.000000000000000000e+00
1.000000000000000000e+00,6.017666625976562500e+01,2.471752929687500000e+01,8.149999618530273438e+00,3.000000000000000000e+00,0.000000000000000000e+00,0.000000000000000000e+00,-4.052618419455473325e-02,9.591196926044620596e-01,0.000000000000000000e+00,2.710851746282938782e-04,7.348717190325258839e-08,0.000000000000000000e+00
1.000000000000000000e+00,6.017426681518554688e+01,2.472231864929199219e+01,8.166666984558105469e+00,3.000000000000000000e+00,-3.337708943466528022e-01,6.662151953135494464e-01,0.000000000000000000e+00,0.000000000000000000e+00,5.356792964733208227e-03,0.000000000000000000e+00,2.869523086701519448e-05,0.000000000000000000e+00
1.000000000000000000e+00,6.017304229736328125e+01,2.472203445434570312e+01,8.166666984558105469e+00,3.000000000000000000e+00,-8.115770543475764320e-01,-1.883566683766182137e-01,-3.337708943466528022e-01,6.662151953135494464e-01,1.257064304060214735e-03,5.356792964733208227e-03,1.680777509114357441e-05,0.000000000000000000e+00
1.000000000000000000e+00,6.017259597778320312e+01,2.472273254394531250e+01,8.166666984558105469e+00,3.000000000000000000e+00,-3.899659242575838070e-01,6.099467020439131026e-01,-8.115770543475764320e-01,-1.883566683766182137e-01,8.285712139845864037e-04,1.257064304060214735e-03,1.836063282425605454e-07,0.000000000000000000e+00
1.000000000000000000e+00,6.017254638671875000e+01,2.472251319885253906e+01,8.166666984558105469e+00,3.000000000000000000e+00,-1.843286232019848703e-01,-8.152996795472408076e-01,-3.899659242575838070e-01,6.099467020439131026e-01,2.248811761739561376e-04,8.285712139845864037e-04,3.644416617518002816e-07,0.000000000000000000e+00
1.000000000000000000e+00,6.017246627807617188e+01,2.472272109985351562e+01,8.166666984558105469e+00,3.000000000000000000e+00,-2.780491537518395839e-01,7.216037561654884414e-01,-1.843286232019848703e-01,-8.152996795472408076e-01,2.228008546275494421e-04,2.248811761739561376e-04,4.327737736443945017e-12,0.000000000000000000e+00
1.000000000000000000e+00,6.017242813110351562e+01,2.472290229797363281e+01,8.166666984558105469e+00,3.000000000000000000e+00,-1.738337921989179247e-01,8.257105129448600866e-01,-2.780491537518395839e-01,7.216037561654884414e-01,1.851700576681861892e-04,2.228008546275494421e-04,1.416076879796822617e-09,0.000000000000000000e+00
1.000000000000000000e+00,6.017247009277343750e+01,2.472338867187500000e+01,8.183333396911621094e+00,3.000000000000000000e+00,7.940735295225104240e-02,9.204034092192734384e-01,-1.738337921989179247e-01,8.257105129448600866e-01,4.881806568000938637e-04,1.851700576681861892e-04,9.181542318627763729e-08,0.000000000000000000e+00
1.000000000000000000e+00,6.017250442504882812e+01,2.472428512573242188e+01,8.183333396911621094e+00,3.000000000000000000e+00,3.688128352164447149e-02,9.630112919540499972e-01,7.940735295225104240e-02,9.204034092192734384e-01,8.971110430822134933e-04,4.881806568000938637e-04,1.672240608248435643e-07,0.000000000000000000e+00
1.000000000000000000e+00,6.017244338989257812e+01,2.472553253173828125e+01,8.183333396911621094e+00,3.000000000000000000e+00,-4.664366549357226027e-02,9.532799135248830602e-01,3.688128352164447149e-02,9.630112919540499972e-01,1.248898328028547272e-03,8.971110430822134933e-04,1.237542938499130330e-07,0.000000000000000000e+00
1.000000000000000000e+00,6.017292404174804688e+01,2.472823333740234375e+01,8.183333396911621094e+00,3.000000000000000000e+00,1.510743881001925526e-01,8.488941807534629014e-01,-4.664366549357226027e-02,9.532799135248830602e-01,2.743242140460377607e-03,1.248898328028547272e-03,2.233063429753297380e-06,0.000000000000000000e+00
1.000000000000000000e+00,6.017330169677734375e+01,2.472907447814941406e+01,8.183333396911621094e+00,3.000000000000000000e+00,3.098337336293369160e-01,6.900842249017049568e-01,1.510743881001925526e-01,8.488941807534629014e-01,9.220309525906529580e-04,2.743242140460377607e-03,3.316810190821853689e-06,0.000000000000000000e+00
1.000000000000000000e+00,6.017287826538085938e+01,2.473024559020996094e+01,8.183333396911621094e+00,3.000000000000000000e+00,-2.655335865941329532e-01,7.344037034630525040e-01,3.098337336293369160e-01,6.900842249017049568e-01,1.245310244833413215e-03,9.220309525906529580e-04,1.045095007929799899e-07,0.000000000000000000e+00
1.000000000000000000e+00,6.017219924926757812e+01,2.473097419738769531e+01,8.199999809265136719e+00,3.000000000000000000e+00,-4.823505568280841982e-01,5.175784064840679433e-01,-2.655335865941329532e-01,7.344037034630525040e-01,9.959574797859728924e-04,1.245310244833413215e-03,6.217680143680397966e-08,0.000000000000000000e+00
1.000000000000000000e+00,6.017214965820312500e+01,2.473101806640625000e+01,8.199999809265136719e+00,3.000000000000000000e+00,-5.300451096113715233e-01,4.688860585023671423e-01,-4.823505568280841982e-01,5.175784064840679433e-01,6.621000273784554530e-05,9.959574797859728924e-04,8.644303710773580248e-07,0.000000000000000000e+00
1.000000000000000000e+00,6.017193603515625000e+01,2.473309516906738281e+01,8.199999809265136719e+00,3.000000000000000000e+00,-9.325154948639657881e-02,9.067047981311239235e-01,-5.300451096113715233e-01,4.688860585023671423e-01,2.088058972117686537e-03,6.621000273784554530e-05,4.087873254982324472e-06,0.000000000000000000e+00
1.000000000000000000e+00,6.017213821411132812e+01,2.473496818542480469e+01,8.199999809265136719e+00,3.000000000000000000e+00,9.742177600477040789e-02,9.025300380819296642e-01,-9.325154948639657881e-02,9.067047981311239235e-01,1.883896654555761944e-03,2.088058972117686537e-03,4.168225191225614473e-08,0.000000000000000000e+00
1.000000000000000000e+00,6.017234039306640625e+01,2.473501014709472656e+01,8.199999809265136719e+00,3.000000000000000000e+00,8.277859388794349682e-01,1.718046288240336616e-01,9.742177600477040789e-02,9.025300380819296642e-01,2.064875580249688337e-04,1.883896654555761944e-03,2.813701277124251398e-06,0.000000000000000000e+00
1.000000000000000000e+00,6.017248535156250000e+01,2.473532676696777344e+01,8.199999809265136719e+00,3.000000000000000000e+00,3.139815633198884681e-01,6.858018356723880604e-01,8.277859388794349682e-01,1.718046288240336616e-01,3.482256590172254688e-04,2.064875580249688337e-04,2.008968927289114243e-08,0.000000000000000000e+00
1.000000000000000000e+00,6.017280578613281250e+01,2.473684883117675781e+01,8.216666221618652344e+00,3.000000000000000000e+00,1.739036050131195499e-01,8.260421238123178966e-01,3.139815633198884681e-01,6.858018356723880604e-01,1.555428484412763783e-03,3.482256590172254688e-04,1.457338661642970387e-06,0.000000000000000000e+00
1.000000000000000000e+00,6.017281723022460938e+01,2.473685836791992188e+01,8.216666221618652344e+00,3.000000000000000000e+00,5.428671026589196869e-01,4.523892522157663687e-01,1.739036050131195499e-01,8.260421238123178966e-01,1.489686904126482768e-05,1.555428484412763783e-03,2.373237657959119664e-06,0.000000000000000000e+00
1.000000000000000000e+00,6.017286300659179688e+01,2.473680114746093750e+01,8.216666221618652344e+00,3.000000000000000000e+00,4.440133502382042630e-01,-5.550166877977553703e-01,5.428671026589196869e-01,4.523892522157663687e-01,7.327794155997675168e-05,1.489686904126482768e-05,3.408349628435100765e-09,0.000000000000000000e+00
1.000000000000000000e+00,6.017286300659179688e+01,2.473686981201171875e+01,8.216666221618652344e+00,3.000000000000000000e+00,0.000000000000000000e+00,9.985457623315519005e-01,4.440133502382042630e-01,-5.550166877977553703e-01,6.866455078125000000e-05,7.327794155997675168e-05,2.128337447724102309e-11,0.000000000000000000e+00
1.000000000000000000e+00,6.017295837402343750e+01,2.473696327209472656e+01,8.216666221618652344e+00,3.000000000000000000e+00,5.047831800364697141e-01,4.946875164357403265e-01,0.000000000000000000e+00,9.985457623315519005e-01,1.335280275206538326e-04,6.866455078125000000e-05,4.207270614723182394e-09,0.000000000000000000e+00
1.000000000000000000e+00,6.017292022705078125e+01,2.473675155639648438e+01,8.216666221618652344e+00,3.000000000000000000e+00,-1.526106779029798577e-01,-8.469892623615381533e-01,5.047831800364697141e-01,4.946875164357403265e-01,2.151249134921701133e-04,1.335280275206538326e-04,6.658051800248630571e-09,0.000000000000000000e+00
1.000000000000000000e+00,6.017294311523437500e+01,2.473675537109375000e+01,8.233333587646484375e+00,3.000000000000000000e+00,8.539449066626831897e-01,1.423241511104471890e-01,-1.526106779029798577e-01,-8.469892623615381533e-01,2.320389759177482353e-05,2.151249134921701133e-04,3.683367634423978160e-08,0.000000000000000000e+00
1.000000000000000000e+00,6.017291259765625000e+01,2.473654365539550781e+01,8.233333587646484375e+00,3.000000000000000000e+00,-1.259322639568461466e-01,-8.736550812006200761e-01,8.539449066626831897e-01,1.423241511104471890e-01,2.139038556379769358e-04,2.320389759177482353e-05,3.636647399882324798e-08,0.000000000000000000e+00
1.000000000000000000e+00,6.017272949218750000e+01,2.473604011535644531e+01,8.233333587646484375e+00,3.000000000000000000e+00,-2.666278361736189595e-01,-7.332265494774521386e-01,-1.259322639568461466e-01,-8.736550812006200761e-01,5.357986409326000524e-04,2.139038556379769358e-04,1.036162527998715362e-07,0.000000000000000000e+00
1.000000000000000000e+00,6.017233276367187500e+01,2.473513412475585938e+01,8.233333587646484375e+00,3.000000000000000000e+00,-3.045154240435372084e-01,-6.954078193301931332e-01,-2.666278361736189595e-01,-7.332265494774521386e-01,9.890462494039819943e-04,5.357986409326000524e-04,2.054333945850271382e-07,0.000000000000000000e+00
1.000000000000000000e+00,6.017213821411132812e+01,2.473386955261230469e+01,8.233333587646484375e+00,3.000000000000000000e+00,-1.333241960423405537e-01,-8.666072742752136682e-01,-3.045154240435372084e-01,-6.954078193301931332e-01,1.279449974701425902e-03,9.890462494039819943e-04,8.433432366663325953e-08,0.000000000000000000e+00
1.000000000000000000e+00,6.017213439941406250e+01,2.473247337341308594e+01,8.233333587646484375e+00,3.000000000000000000e+00,-2.724601025119583169e-03,-9.972039751937674668e-01,-1.333241960423405537e-01,-8.666072742752136682e-01,1.396184410544086540e-03,1.279449974701425902e-03,1.362692851150425316e-08,0.000000000000000000e+00
1.000000000000000000e+00,6.017201232910156250e+01,2.473173332214355469e+01,8.250000000000000000e+00,3.000000000000000000e+00,-1.415764984824698369e-01,-8.583075220499734037e-01,-2.724601025119583169e-03,-9.972039751937674668e-01,7.500513600605377600e-04,1.396184410544086540e-03,4.174879189271762199e-07,0.000000000000000000e+00
1.000000000000000000e+00,6.017197799682617188e+01,2.473175048828125000e+01,8.250000000000000000e+00,3.000000000000000000e+00,-6.653746372673199350e-01,3.326873186336599675e-01,-1.415764984824698369e-01,-8.583075220499734037e-01,3.838465079784032487e-05,7.500513600605377600e-04,5.064695050727967239e-07,0.000000000000000000e+00
1.000000000000000000e+00,6.017218399047851562e+01,2.473124313354492188e+01,8.250000000000000000e+00,3.000000000000000000e+00,2.887295782210945738e-01,-7.111302574704736479e-01,-6.653746372673199350e-01,3.326873186336599675e-01,5.475784996514189342e-04,3.838465079784032487e-05,2.592783757103210465e-07,0.000000000000000000e+00
1.000000000000000000e+00,6.017279434204101562e+01,2.473052024841308594e+01,8.250000000000000000e+00,3.000000000000000000e+00,4.577625179692387247e-01,-5.421624822198171101e-01,2.887295782210945738e-01,-7.111302574704736479e-01,9.460929889158106168e-04,5.475784996514189342e-04,1.588137981536589668e-07,0.000000000000000000e+00
1.000000000000000000e+00,6.017309951782226562e+01,2.473012351989746094e+01,8.250000000000000000e+00,3.000000000000000000e+00,4.347206742302036075e-01,-5.651368764992646954e-01,4.577625179692387247e-01,-5.421624822198171101e-01,5.005254964250710091e-04,9.460929889158106168e-04,1.985303903644852952e-07,0.000000000000000000e+00
1.000000000000000000e+00,6.017317199707031250e+01,2.472917556762695312e+01,8.250000000000000000e+00,3.000000000000000000e+00,7.102107747688445050e-02,-9.288809343687255415e-01,4.347206742302036075e-01,-5.651368764992646954e-01,9.507190692093839268e-04,5.005254964250710091e-04,2.026742529763044619e-07,0.000000000000000000e+00
1.000000000000000000e+00,6.017291259765625000e+01,2.472805976867675781e+01,8.266666412353515625e+00,3.000000000000000000e+00,-1.886131917291171411e-01,-8.113140967759818745e-01,7.102107747688445050e-02,-9.288809343687255415e-01,1.145554605103104575e-03,9.507190692093839268e-04,3.796088604699331013e-08,0.000000000000000000e+00
1.000000000000000000e+00,6.017287826538085938e+01,2.472795677185058594e+01,8.266666412353515625e+00,3.000000000000000000e+00,-2.498180880198170306e-01,-7.494542640594511473e-01,-1.886131917291171411e-01,-8.113140967759818745e-01,1.085681874905220580e-04,1.145554605103104575e-03,1.075340830312977390e-06,0.000000000000000000e+00
1.000000000000000000e+00,6.017276763916015625e+01,2.472630119323730469e+01,8.266666412353515625e+00,3.000000000000000000e+00,-6.263144309783597041e-02,-9.373119415331314652e-01,-2.498180880198170306e-01,-7.494542640594511473e-01,1.659270534138819562e-03,1.085681874905220580e-04,2.404677767900536587e-06,0.000000000000000000e+00
1.000000000000000000e+00,6.017276000976562500e+01,2.472616577148437500e+01,8.266666412353515625e+00,3.000000000000000000e+00,-5.329607667540267602e-02,-9.460053609883974923e-01,-6.263144309783597041e-02,-9.373119415331314652e-01,1.356364951901323484e-04,1.659270534138819562e-03,2.321460684643089678e-06,0.000000000000000000e+00
1.000000000000000000e+00,6.017263031005859375e+01,2.472446823120117188e+01,8.266666412353515625e+00,3.000000000000000000e+00,-7.097732645505923366e-02,-9.289679491912165021e-01,-5.329607667540267602e-02,-9.460053609883974923e-01,1.702487893378786454e-03,1.356364951901323484e-04,2.455023304005740386e-06,0.000000000000000000e+00
1.000000000000000000e+00,6.017265701293945312e+01,2.472373390197753906e+01,8.266666412353515625e+00,3.000000000000000000e+00,3.508310936009018111e-02,-9.647855074024800359e-01,-7.097732645505923366e-02,-9.289679491912165021e-01,7.348145701653983767e-04,1.702487893378786454e-03,9.363916604588422696e-07,0.000000000000000000e+00
1.000000000000000000e+00,6.017268753051757812e+01,2.472253608703613281e+01,8.283333778381347656e+00,3.000000000000000000e+00,2.484269802353084380e-02,-9.750758974235855803e-01,3.508310936009018111e-02,-9.647855074024800359e-01,1.198203637296546380e-03,7.348145701653983767e-04,2.147294275366755792e-07,0.000000000000000000e+00
1.000000000000000000e+00,6.017455291748046875e+01,2.472156906127929688e+01,8.283333778381347656e+00,3.000000000000000000e+00,6.585626076449537791e-01,-3.414020880122612955e-01,2.484269802353084380e-02,-9.750758974235855803e-01,2.101144291976738028e-03,1.198203637296546380e-03,8.153018258742931187e-07,0.000000000000000000e+00
1.000000000000000000e+00,6.017498016357421875e+01,2.472065353393554688e+01,8.283333778381347656e+00,3.000000000000000000e+00,3.181581240786140463e-01,-6.817674087398872818e-01,6.585626076449537791e-01,-3.414020880122612955e-01,1.010311606277273459e-03,2.101144291976738028e-03,1.189915948190306779e-06,0.000000000000000000e+00
1.000000000000000000e+00,6.017502593994140625e+01,2.472043418884277344e+01,8.283333778381347656e+00,3.000000000000000000e+00,1.725967694855539136e-01,-8.270261871182792435e-01,3.181581240786140463e-01,-6.817674087398872818e-01,2.240708493237635144e-04,1.010311606277273459e-03,6.181745278948283626e-07,0.000000000000000000e+00
1.000000000000000000e+00,6.017668533325195312e+01,2.471683120727539062e+01,8.283333778381347656e+00,3.000000000000000000e+00,3.153256498204315417e-01,-6.846553477135577381e-01,1.725967694855539136e-01,-8.270261871182792435e-01,3.966744551138631607e-03,2.240708493237635144e-04,1.400760643825660799e-05,0.000000000000000000e+00
1.000000000000000000e+00,6.017676162719726562e+01,2.471674156188964844e+01,8.283333778381347656e+00,3.000000000000000000e+00,4.594932106018390638e-01,-5.399045224571609181e-01,3.153256498204315417e-01,-6.846553477135577381e-01,1.177160196244008821e-04,3.966744551138631607e-03,1.481502063641059449e-05,0.000000000000000000e+00
1.000000000000000000e+00,6.017609786987304688e+01,2.471283531188964844e+01,8.300000190734863281e+00,3.000000000000000000e+00,-1.452388920280374141e-01,-8.547392266477603640e-01,4.594932106018390638e-01,-5.399045224571609181e-01,3.962242149081001384e-03,1.177160196244008821e-04,1.478038116007454931e-05,0.000000000000000000e+00
1.000000000000000000e+00,6.017563247680664062e+01,2.471100044250488281e+01,8.300000190734863281e+00,3.000000000000000000e+00,-2.023129294990728688e-01,-7.976435990906070028e-01,-1.452388920280374141e-01,-8.547392266477603640e-01,1.892970249478104086e-03,3.962242149081001384e-03,4.281886194486184346e-06,0.000000000000000000e+00
1.000000000000000000e+00,6.017489242553710938e+01,2.471052169799804688e+01,8.300000190734863281e+00,3.000000000000000000e+00,-6.071489325665794246e-01,-3.927690259644624482e-01,-2.023129294990728688e-01,-7.976435990906070028e-01,8.814035309439143808e-04,1.892970249478104086e-03,1.023267226046028749e-06,0.000000000000000000e+00
1.000000000000000000e+00,6.017432403564453125e+01,2.471111106872558594e+01,8.300000190734863281e+00,3.000000000000000000e+00,-4.908966439506319834e-01,5.090169898682728178e-01,-6.071489325665794246e-01,-3.927690259644624482e-01,8.187947999742648583e-04,8.814035309439143808e-04,3.919853193629951638e-09,0.000000000000000000e+00
1.000000000000000000e+00,6.017419433593750000e+01,2.471103096008300781e+01,8.300000190734863281e+00,3.000000000000000000e+00,-6.178873173583243616e-01,-3.816362842507297626e-01,-4.908966439506319834e-01,5.090169898682728178e-01,1.524447723593756537e-04,8.187947999742648583e-04,4.440223593023636662e-07,0.000000000000000000e+00
1.000000000000000000e+00,6.017333221435546875e+01,2.471095275878906250e+01,8.300000190734863281e+00,3.000000000000000000e+00,-9.167382079428872954e-01,-8.315545691517339799e-02,-6.178873173583243616e-01,-3.816362842507297626e-01,8.656610564064820155e-04,1.524447723593756537e-04,5.086774678299627942e-07,0.000000000000000000e+00
1.000000000000000000e+00,6.017235565185546875e+01,2.471090316772460938e+01,8.316666603088378906e+00,3.000000000000000000e+00,-9.515801297317737495e-01,-4.832242846294163702e-02,-9.167382079428872954e-01,-8.315545691517339799e-02,9.778208374134006800e-04,8.656610564064820155e-04,1.257981647551995230e-08,0.000000000000000000e+00
1.000000000000000000e+00,6.017213439941406250e+01,2.471020889282226562e+01,8.316666603088378906e+00,3.000000000000000000e+00,-2.416402731051029984e-01,-7.582505121573921425e-01,-9.515801297317737495e-01,-4.832242846294163702e-02,7.286770772109204403e-04,9.778208374134006800e-04,6.207261324783097626e-08,0.000000000000000000e+00
1.000000000000000000e+00,6.017178344726562500e+01,2.470914840698242188e+01,8.316666603088378906e+00,3.000000000000000000e+00,-2.486310332071434981e-01,-7.512981220824552775e-01,-2.416402731051029984e-01,-7.582505121573921425e-01,1.117048623383065046e-03,7.286770772109204403e-04,1.508324578761422407e-07,0.000000000000000000e+00
1.000000000000000000e+00,6.017137527465820312e+01,2.470844459533691406e+01,8.316666603088378906e+00,3.000000000000000000e+00,-3.670338882567398819e-01,-6.328761904987710851e-01,-2.486310332071434981e-01,-7.512981220824552775e-01,8.136066062920007920e-04,1.117048623383065046e-03,9.207705773629373201e-08,0.000000000000000000e+00
1.000000000000000000e+00,6.017086029052734375e+01,2.470797729492187500e+01,8.316666603088378906e+00,3.000000000000000000e+00,-5.242184773869762449e-01,-4.756797294807747489e-01,-3.670338882567398819e-01,-6.328761904987710851e-01,6.953979673055321652e-04,8.136066062920007920e-04,1.397328233103326997e-08,0.000000000000000000e+00
1.000000000000000000e+00,6.017038726806640625e+01,2.470764160156250000e+01,8.316666603088378906e+00,3.000000000000000000e+00,-5.848333440791744220e-01,-4.150430183787689464e-01,-5.242184773869762449e-01,-4.756797294807747489e-01,5.800347231673648549e-04,6.953979673055321652e-04,1.330867809808239373e-08,0.000000000000000000e+00
1.000000000000000000e+00,6.017049789428710938e+01,2.470714187622070312e+01,8.333333015441894531e+00,3.000000000000000000e+00,1.812203088645956417e-01,-8.186158779745527081e-01,-5.848333440791744220e-01,-4.150430183787689464e-01,5.118237762561056274e-04,5.800347231673648549e-04,4.652733278530624537e-09,0.000000000000000000e+00
1.000000000000000000e+00,6.017070388793945312e+01,2.470653724670410156e+01,8.333333015441894531e+00,3.000000000000000000e+00,2.540863024942677795e-01,-7.457903508396562797e-01,1.812203088645956417e-01,-8.186158779745527081e-01,6.387567902979637705e-04,5.118237762561056274e-04,1.611199005375055593e-08,0.000000000000000000e+00
1.000000000000000000e+00,6.017050552368164062e+01,2.470590209960937500e+01,8.333333015441894531e+00,3.000000000000000000e+00,-2.379577211950275051e-01,-7.619223188263861690e-01,2.540863024942677795e-01,-7.457903508396562797e-01,6.654022923894213192e-04,6.387567902979637705e-04,7.099827817058685623e-10,0.000000000000000000e+00
1.000000000000000000e+00,6.017081832885742188e+01,2.470531082153320312e+01,8.333333015441894531e+00,3.000000000000000000e+00,3.459532955355675843e-01,-6.539361074147923558e-01,-2.379577211950275051e-01,-7.619223188263861690e-01,6.689221489508717818e-04,6.654022923894213192e-04,1.238939021318587339e-11,0.000000000000000000e+00
1.000000000000000000e+00,6.017096328735351562e+01,2.470506858825683594e+01,8.333333015441894531e+00,3.000000000000000000e+00,3.742875692211370398e-01,-6.254542275142684904e-01,3.459532955355675843e-01,-6.539361074147923558e-01,2.822940413280874820e-04,6.689221489508717818e-04,1.494812936039752724e-07,0.000000000000000000e+00
1.000000000000000000e+00,6.017098236083984375e+01,2.470514678955078125e+01,8.333333015441894531e+00,3.000000000000000000e+00,1.958770666754252321e-01,8.030959733692434321e-01,3.742875692211370398e-01,-6.254542275142684904e-01,8.049372805026699549e-05,2.822940413280874820e-04,4.072336643902649158e-08,0.000000000000000000e+00
1.000000000000000000e+00,6.017097091674804688e+01,2.470509338378906250e+01,8.350000381469726562e+00,3.000000000000000000e+00,-1.761988854081386335e-01,-8.222614652379802713e-01,1.958770666754252321e-01,8.030959733692434321e-01,5.461815285978833542e-05,8.049372805026699549e-05,6.695453914381147762e-10,0.000000000000000000e+00
1.000000000000000000e+00,6.017102050781250000e+01,2.470508575439453125e+01,8.350000381469726562e+00,3.000000000000000000e+00,8.651546992434767658e-01,-1.331007229605348785e-01,-1.761988854081386335e-01,-8.222614652379802713e-01,5.017450881182062281e-05,5.461815285978833542e-05,1.974597242503887780e-11,0.000000000000000000e+00
1.000000000000000000e+00,6.017102050781250000e+01,2.470514678955078125e+01,8.350000381469726562e+00,3.000000000000000000e+00,0.000000000000000000e+00,9.983642799637074683e-01,8.651546992434767658e-01,-1.331007229605348785e-01,6.103515625000000000e-05,5.017450881182062281e-05,1.179536627764322786e-10,0.000000000000000000e+00
1.000000000000000000e+00,6.017105865478515625e+01,2.470512199401855469e+01,8.350000381469726562e+00,3.000000000000000000e+00,6.050992537044660446e-01,-3.933145149079029235e-01,0.000000000000000000e+00,9.983642799637074683e-01,4.549736191511750548e-05,6.103515625000000000e-05,2.414230527931065188e-10,0.000000000000000000e+00
1.000000000000000000e+00,6.017098236083984375e+01,2.470532035827636719e+01,8.350000381469726562e+00,3.000000000000000000e+00,-2.776766787843288342e-01,7.219593648392549357e-01,6.050992537044660446e-01,-3.933145149079029235e-01,2.125303387021502564e-04,4.549736191511750548e-05,2.790001533433742025e-08,0.000000000000000000e+00
1.000000000000000000e+00,6.017097854614257812e+01,2.470531845092773438e+01,8.350000381469726562e+00,3.000000000000000000e+00,-6.552159382063228454e-01,-3.276079691031614227e-01,-2.776766787843288342e-01,7.219593648392549357e-01,4.264961199760036097e-06,2.125303387021502564e-04,4.337446746621311002e-08,0.000000000000000000e+00
1.000000000000000000e+00,6.017097854614257812e+01,2.470531845092773438e+01,8.366666793823242188e+00,3.000000000000000000e+00,0.000000000000000000e+00,0.000000000000000000e+00,-6.552159382063228454e-01,-3.276079691031614227e-01,0.000000000000000000e+00,4.264961199760036097e-06,1.818989403545856799e-11,0.000000000000000000e+00
1.000000000000000000e+00,6.017066574096679688e+01,2.470546531677246094e+01,8.566666603088378906e+00,3.000000000000000000e+00,0.000000000000000000e+00,0.000000000000000000e+00,0.000000000000000000e+00,0.000000000000000000e+00,0.000000000000000000e+00,0.000000000000000000e+00,0.000000000000000000e+00,0.000000000000000000e+00
1.000000000000000000e+00,6.017067337036132812e+01,2.470545387268066406e+01,8.566666603088378906e+00,3.000000000000000000e+00,3.979137857708577308e-01,-5.968706786562865130e-01,0.000000000000000000e+00,0.000000000000000000e+00,1.375408659158321047e-05,0.000000000000000000e+00,1.891748979687690476e-10,0.000000000000000000e+00
1.000000000000000000e+00,6.017069244384765625e+01,2.470542716979980469e+01,8.583333015441894531e+00,3.000000000000000000e+00,4.157584285209483532e-01,-5.820617999293277167e-01,3.979137857708577308e-01,-5.968706786562865130e-01,3.281526667420435592e-05,1.375408659158321047e-05,3.633285861421130141e-10,0.000000000000000000e+00
1.000000000000000000e+00,6.017069244384765625e+01,2.470542716979980469e+01,8.583333015441894531e+00,3.000000000000000000e+00,0.000000000000000000e+00,0.000000000000000000e+00,4.157584285209483532e-01,-5.820617999293277167e-01,0.000000000000000000e+00,3.281526667420435592e-05,1.076841726899147034e-09,0.000000000000000000e+00
1.000000000000000000e+00,6.017081451416015625e+01,2.470531463623046875e+01,8.583333015441894531e+00,3.000000000000000000e+00,5.201035089199311789e-01,-4.794704222855615816e-01,0.000000000000000000e+00,0.000000000000000000e+00,1.660270020850039508e-04,0.000000000000000000e+00,2.756496542133390573e-08,0.000000000000000000e+00
1.000000000000000000e+00,6.017085647583007812e+01,2.470535850524902344e+01,8.583333015441894531e+00,3.000000000000000000e+00,4.883199549055166622e-01,5.105163164921310281e-01,5.201035089199311789e-01,-4.794704222855615816e-01,6.070644555221385509e-05,1.660270020850039508e-04,1.109241962837663514e-08,0.000000000000000000e+00
1.000000000000000000e+00,6.017083358764648438e+01,2.470541954040527344e+01,8.583333015441894531e+00,3.000000000000000000e+00,-2.724026875902924028e-01,7.264071669074464443e-01,4.883199549055166622e-01,5.105163164921310281e-01,6.518557544950508403e-05,6.070644555221385509e-05,2.006260463680813572e-11,0.000000000000000000e+00
1.000000000000000000e+00,6.017087173461914062e+01,2.470541954040527344e+01,8.583333015441894531e+00,3.000000000000000000e+00,9.973854139803751684e-01,0.000000000000000000e+00,-2.724026875902924028e-01,7.264071669074464443e-01,3.814697265625000000e-05,6.518557544950508403e-05,7.310860410114215949e-10,0.000000000000000000e+00
1.000000000000000000e+00,6.017095947265625000e+01,2.470535659790039062e+01,8.600000381469726562e+00,3.000000000000000000e+00,5.818923048699548017e-01,-4.174444795806198094e-01,9.973854139803751684e-01,0.000000000000000000e+00,1.079801929833844060e-04,3.814697265625000000e-05,4.876678661258098268e-09,0.000000000000000000e+00
1.000000000000000000e+00,6.017095947265625000e+01,2.470535659790039062e+01,8.600000381469726562e+00,3.000000000000000000e+00,0.000000000000000000e+00,0.000000000000000000e+00,5.818923048699548017e-01,-4.174444795806198094e-01,0.000000000000000000e+00,1.079801929833844060e-04,1.165972207672893836e-08,0.000000000000000000e+00
1.000000000000000000e+00,6.017095947265625000e+01,2.470535659790039062e+01,8.600000381469726562e+00,3.000000000000000000e+00,0.000000000000000000e+00,0.000000000000000000e+00,0.000000000000000000e+00,0.000000000000000000e+00,0.000000000000000000e+00,0.000000000000000000e+00,0.000000000000000000e+00,0.000000000000000000e+00
1.000000000000000000e+00,6.017095947265625000e+01,2.470535659790039062e+01,8.600000381469726562e+00,3.000000000000000000e+00,0.000000000000000000e+00,0.000000000000000000e+00,0.000000000000000000e+00,0.000000000000000000e+00,0.000000000000000000e+00,0.000000000000000000e+00,0.000000000000000000e+00,0.000000000000000000e+00
1.000000000000000000e+00,6.017125701904296875e+01,2.470496368408203125e+01,8.683333396911621094e+00,3.000000000000000000e+00,4.308768222244833135e-01,-5.689783678092535935e-01,0.000000000000000000e+00,0.000000000000000000e+00,4.928642012838099079e-04,0.000000000000000000e+00,2.429151209071279101e-07,0.000000000000000000e+00
1.000000000000000000e+00,6.017096328735351562e+01,2.470535659790039062e+01,8.683333396911621094e+00,3.000000000000000000e+00,-4.277154871951804327e-01,5.721388984558907209e-01,4.308768222244833135e-01,-5.689783678092535935e-01,4.905706616245319226e-04,4.928642012838099079e-04,5.260324168680976997e-12,0.000000000000000000e+00
1.000000000000000000e+00,6.017103958129882812e+01,2.470549392700195312e+01,8.699999809265136719e+00,3.000000000000000000e+00,3.569757516938356634e-01,6.425563530489042385e-01,-4.277154871951804327e-01,5.721388984558907209e-01,1.570988485868377808e-04,4.905706616245319226e-04,1.112034500906468300e-07,0.000000000000000000e+00
1.000000000000000000e+00,6.017096328735351562e+01,2.470535659790039062e+01,8.699999809265136719e+00,3.000000000000000000e+00,-3.569757516938356634e-01,-6.425563530489042385e-01,3.569757516938356634e-01,6.425563530489042385e-01,1.570988485868377808e-04,1.570988485868377808e-04,0.000000000000000000e+00,0.000000000000000000e+00
1.000000000000000000e+00,6.017096328735351562e+01,2.470535659790039062e+01,8.699999809265136719e+00,3.000000000000000000e+00,0.000000000000000000e+00,0.000000000000000000e+00,-3.569757516938356634e-01,-6.425563530489042385e-01,0.000000000000000000e+00,1.570988485868377808e-04,2.468004822731018397e-08,0.000000000000000000e+00
1.000000000000000000e+00,6.017096328735351562e+01,2.470535659790039062e+01,8.699999809265136719e+00,3.000000000000000000e+00,0.000000000000000000e+00,0.000000000000000000e+00,0.000000000000000000e+00,0.000000000000000000e+00,0.000000000000000000e+00,0.000000000000000000e+00,0.000000000000000000e+00,0.000000000000000000e+00
1.000000000000000000e+00,6.017096328735351562e+01,2.470535659790039062e+01,8.699999809265136719e+00,3.000000000000000000e+00,0.000000000000000000e+00,0.000000000000000000e+00,0.000000000000000000e+00,0.000000000000000000e+00,0.000000000000000000e+00,0.000000000000000000e+00,0.000000000000000000e+00,0.000000000000000000e+00
1.000000000000000000e+00,6.017096328735351562e+01,2.470535659790039062e+01,8.699999809265136719e+00,3.000000000000000000e+00,0.000000000000000000e+00,0.000000000000000000e+00,0.000000000000000000e+00,0.000000000000000000e+00,0.000000000000000000e+00,0.000000000000000000e+00,0.000000000000000000e+00,0.000000000000000000e+00
1.000000000000000000e+00,6.017096328735351562e+01,2.470535659790039062e+01,8.716666221618652344e+00,3.000000000000000000e+00,0.000000000000000000e+00,0.000000000000000000e+00,0.000000000000000000e+00,0.000000000000000000e+00,0.000000000000000000e+00,0.000000000000000000e+00,0.000000000000000000e+00,0.000000000000000000e+00
1.000000000000000000e+00,6.017096328735351562e+01,2.470535659790039062e+01,8.716666221618652344e+00,3.000000000000000000e+00,0.000000000000000000e+00,0.000000000000000000e+00,0.000000000000000000e+00,0.000000000000000000e+00,0.000000000000000000e+00,0.000000000000000000e+00,0.000000000000000000e+00,0.000000000000000000e+00
1.000000000000000000e+00,6.017096328735351562e+01,2.470541954040527344e+01,8.716666221618652344e+00,3.000000000000000000e+00,0.000000000000000000e+00,9.984137686123689681e-01,0.000000000000000000e+00,0.000000000000000000e+00,6.294250488281250000e-05,0.000000000000000000e+00,3.961758920922875404e-09,0.000000000000000000e+00
1.000000000000000000e+00,6.017061233520507812e+01,2.470804214477539062e+01,8.899999618530273438e+00,3.000000000000000000e+00,0.000000000000000000e+00,0.000000000000000000e+00,0.000000000000000000e+00,9.984137686123689681e-01,0.000000000000000000e+00,6.294250488281250000e-05,3.961758920922875404e-09,0.000000000000000000e+00
1.000000000000000000e+00,6.017168807983398438e+01,2.470836067199707031e+01,8.899999618530273438e+00,3.000000000000000000e+00,7.714904947731157092e-01,2.284377883459403069e-01,0.000000000000000000e+00,0.000000000000000000e+00,1.121911804720685879e-03,0.000000000000000000e+00,1.258686097571626306e-06,0.000000000000000000e+00
1.000000000000000000e+00,6.017213439941406250e+01,2.470995140075683594e+01,8.899999618530273438e+00,3.000000000000000000e+00,2.190903683098295585e-01,7.808605434632387432e-01,7.714904947731157092e-01,2.284377883459403069e-01,1.652155911137504407e-03,1.121911804720685879e-03,2.811588123897703530e-07,0.000000000000000000e+00
1.000000000000000000e+00,6.017255020141601562e+01,2.471089363098144531e+01,8.899999618530273438e+00,3.000000000000000000e+00,3.061572311007894065e-01,6.937691383660090638e-01,2.190903683098295585e-01,7.808605434632387432e-01,1.029897616754043991e-03,1.652155911137504407e-03,3.872053849290132646e-07,0.000000000000000000e+00
1.000000000000000000e+00,6.017262268066406250e+01,2.471111869812011719e+01,8.899999618530273438e+00,3.000000000000000000e+00,2.435079049535434081e-01,7.561561259083716680e-01,3.061572311007894065e-01,6.937691383660090638e-01,2.364496950883748642e-04,1.029897616754043991e-03,6.295596043955697599e-07,0.000000000000000000e+00
1.000000000000000000e+00,6.017313385009765625e+01,2.471064949035644531e+01,8.899999618530273438e+00,3.000000000000000000e+00,5.213475999434865615e-01,-4.785504089033495445e-01,2.435079049535434081e-01,7.561561259083716680e-01,6.938660644032948856e-04,2.364496950883748642e-04,2.092297349172432860e-07,0.000000000000000000e+00
1.000000000000000000e+00,6.017313385009765625e+01,2.471064949035644531e+01,8.916666984558105469e+00,3.000000000000000000e+00,0.000000000000000000e+00,0.000000000000000000e+00,5.213475999434865615e-01,-4.785504089033495445e-01,0.000000000000000000e+00,6.938660644032948856e-04,4.814501153305173979e-07,0.000000000000000000e+00
1.000000000000000000e+00,6.017313385009765625e+01,2.471064949035644531e+01,8.916666984558105469e+00,3.000000000000000000e+00,0.000000000000000000e+00,0.000000000000000000e+00,0.000000000000000000e+00,0.000000000000000000e+00,0.000000000000000000e+00,0.000000000000000000e+00,0.000000000000000000e+00,0.000000000000000000e+00
1.000000000000000000e+00,6.017640686035156250e+01,2.471466445922851562e+01,8.916666984558105469e+00,3.000000000000000000e+00,4.490909329236576486e-01,5.508953460398015034e-01,0.000000000000000000e+00,0.000000000000000000e+00,5.180016521775679915e-03,0.000000000000000000e+00,2.683257116586901248e-05,0.000000000000000000e+00
1.000000000000000000e+00,6.017653274536132812e+01,2.471688652038574219e+01,8.916666984558105469e+00,3.000000000000000000e+00,5.361266381183716484e-02,9.463447475877316828e-01,4.490909329236576486e-01,5.508953460398015034e-01,2.225624142154002810e-03,5.180016521775679915e-03,8.728434332766636569e-06,0.000000000000000000e+00
1.000000000000000000e+00,6.017555618286132812e+01,2.471901893615722656e+01,8.916666984558105469e+00,3.000000000000000000e+00,-3.141003264397577710e-01,6.858675096868148691e-01,5.361266381183716484e-02,9.463447475877316828e-01,2.345393642628365322e-03,2.225624142154002810e-03,1.434473324387832141e-08,0.000000000000000000e+00
1.000000000000000000e+00,6.017423629760742188e+01,2.472166061401367188e+01,8.916666984558105469e+00,3.000000000000000000e+00,-3.331644355264528623e-01,6.668103225493312580e-01,-3.141003264397577710e-01,6.858675096868148691e-01,2.953059257907410771e-03,2.345393642628365322e-03,3.692574999924608737e-07,0.000000000000000000e+00
1.000000000000000000e+00,6.017423629760742188e+01,2.472166061401367188e+01,8.933333396911621094e+00,3.000000000000000000e+00,0.000000000000000000e+00,0.000000000000000000e+00,-3.331644355264528623e-01,6.668103225493312580e-01,0.000000000000000000e+00,2.953059257907410771e-03,8.720558980712667108e-06,0.000000000000000000e+00
1.000000000000000000e+00,6.017225265502929688e+01,2.472287368774414062e+01,8.933333396911621094e+00,3.000000000000000000e+00,-6.205056489459621627e-01,3.794630699323384149e-01,0.000000000000000000e+00,0.000000000000000000e+00,2.325163597105323401e-03,0.000000000000000000e+00,5.406385753303767098e-06,0.000000000000000000e+00
1.000000000000000000e+00,6.017227172851562500e+01,2.472292900085449219e+01,8.933333396911621094e+00,3.000000000000000000e+00,2.560660196376825515e-01,7.425914569492794159e-01,-6.205056489459621627e-01,3.794630699323384149e-01,5.850929889746844012e-05,2.325163597105323401e-03,5.137721707584143595e-06,0.000000000000000000e+00
1.000000000000000000e+00,6.017266082763671875e+01,2.472484588623046875e+01,8.933333396911621094e+00,3.000000000000000000e+00,1.687271743893460629e-01,8.312294620651607957e-01,2.560660196376825515e-01,7.425914569492794159e-01,1.955977420797268794e-03,5.850929889746844012e-05,3.600385273625955780e-06,0.000000000000000000e+00
1.000000000000000000e+00,6.017277908325195312e+01,2.472502708435058594e+01,8.933333396911621094e+00,3.000000000000000000e+00,3.947726276742559715e-01,6.048935424041019804e-01,1.687271743893460629e-01,8.312294620651607957e-01,2.163727091582098242e-04,1.955977420797268794e-03,3.026224552756813401e-06,0.000000000000000000e+00
1.000000000000000000e+00,6.017225646972656250e+01,2.472577476501464844e+01,8.933333396911621094e+00,3.000000000000000000e+00,-4.113790268637783076e-01,5.885422574109528959e-01,3.947726276742559715e-01,6.048935424041019804e-01,9.122232579441057285e-04,2.163727091582098242e-04,4.842079862456324800e-07,0.000000000000000000e+00
1.000000000000000000e+00,6.017295837402343750e+01,2.472881507873535156e+01,8.949999809265136719e+00,3.000000000000000000e+00,1.875586985333875245e-01,8.124145800603796985e-01,-4.113790268637783076e-01,5.885422574109528959e-01,3.120284788647867576e-03,9.122232579441057285e-04,4.875535723373840788e-06,0.000000000000000000e+00
1.000000000000000000e+00,6.017321777343750000e+01,2.472924995422363281e+01,8.949999809265136719e+00,3.000000000000000000e+00,3.735725660402461346e-01,6.262834195380597713e-01,1.875586985333875245e-01,8.124145800603796985e-01,5.063642427381932938e-04,3.120284788647867576e-03,6.832580620328729278e-06,0.000000000000000000e+00
1.000000000000000000e+00,6.017312622070312500e+01,2.472948455810546875e+01,8.949999809265136719e+00,3.000000000000000000e+00,-2.806157172788417142e-01,7.190777755270318927e-01,3.735725660402461346e-01,6.262834195380597713e-01,2.518350343856665184e-04,5.063642427381932938e-04,6.478511790456398917e-08,0.000000000000000000e+00
1.000000000000000000e+00,6.017211151123046875e+01,2.473119163513183594e+01,8.949999809265136719e+00,3.000000000000000000e+00,-3.727963943464611685e-01,6.271668664287269879e-01,-2.806157172788417142e-01,7.190777755270318927e-01,1.985887027967342400e-03,2.518350343856665184e-04,3.006936316444584282e-06,0.000000000000000000e+00
1.000000000000000000e+00,6.017186737060546875e+01,2.473172950744628906e+01,8.949999809265136719e+00,3.000000000000000000e+00,-3.121552050663039535e-01,6.877169361617009313e-01,-3.727963943464611685e-01,6.271668664287269879e-01,5.906871180502855888e-04,1.985887027967342400e-03,1.946582788632563311e-06,0.000000000000000000e+00
1.000000000000000000e+00,6.017215728759765625e+01,2.473380470275878906e+01,8.949999809265136719e+00,3.000000000000000000e+00,1.225754625125734104e-01,8.773822579847360137e-01,-3.121552050663039535e-01,6.877169361617009313e-01,2.095349003717762466e-03,5.906871180502855888e-04,2.264007390180407182e-06,0.000000000000000000e+00
1.000000000000000000e+00,6.017213439941406250e+01,2.473397827148437500e+01,8.966666221618652344e+00,3.000000000000000000e+00,-1.164455815329604321e-01,8.830456599582833244e-01,1.225754625125734104e-01,8.773822579847360137e-01,1.750713324612218874e-04,2.095349003717762466e-03,3.687466334726442468e-06,0.000000000000000000e+00
1.000000000000000000e+00,6.017221069335937500e+01,2.473483657836914062e+01,8.966666221618652344e+00,3.000000000000000000e+00,8.162391950173311650e-02,9.182690943944976647e-01,-1.164455815329604321e-01,8.830456599582833244e-01,8.616910551511015003e-04,1.750713324612218874e-04,4.714466435867271245e-07,0.000000000000000000e+00
1.000000000000000000e+00,6.017251205444335938e+01,2.473564529418945312e+01,8.966666221618652344e+00,3.000000000000000000e+00,2.714532096803441430e-01,7.284567145852274272e-01,8.162391950173311650e-02,9.182690943944976647e-01,8.630410076954380836e-04,8.616910551511015003e-04,1.822371871960815151e-12,0.000000000000000000e+00
1.000000000000000000e+00,6.017287445068359375e+01,2.473668479919433594e+01,8.966666221618652344e+00,3.000000000000000000e+00,2.584849631885197119e-01,7.414437101986486311e-01,2.714532096803441430e-01,7.284567145852274272e-01,1.100864065228957661e-03,8.630410076954380836e-04,5.655980669459176195e-08,0.000000000000000000e+00
1.000000000000000000e+00,6.017287063598632812e+01,2.473711776733398438e+01,8.966666221618652344e+00,3.000000000000000000e+00,-8.731625377115408149e-03,9.910394803025986965e-01,2.584849631885197119e-01,7.414437101986486311e-01,4.329849441560956183e-04,1.100864065228957661e-03,4.460625203650587011e-07,0.000000000000000000e+00
1.000000000000000000e+00,6.017289352416992188e+01,2.473709106445312500e+01,8.966666221618652344e+00,3.000000000000000000e+00,4.606096457309961090e-01,-5.373779200194954697e-01,-8.731625377115408149e-03,9.910394803025986965e-01,3.516977103154330091e-05,4.329849441560956183e-04,1.582569119681175316e-07,0.000000000000000000e+00
1.000000000000000000e+00,6.017289733886718750e+01,2.473713111877441406e+01,8.983333587646484375e+00,3.000000000000000000e+00,8.675875402768838673e-02,9.109669172907280954e-01,4.606096457309961090e-01,-5.373779200194954697e-01,4.023556348748967738e-05,3.516977103154330091e-05,2.566225320672322089e-11,0.000000000000000000e+00
1.000000000000000000e+00,6.017287445068359375e+01,2.473702239990234375e+01,8.983333587646484375e+00,3.000000000000000000e+00,-1.737809981276140225e-01,-8.254597411061666001e-01,8.675875402768838673e-02,9.109669172907280954e-01,1.111020346009117027e-04,4.023556348748967738e-05,5.022056728069479189e-09,0.000000000000000000e+00
1.000000000000000000e+00,6.017289733886718750e+01,2.473660469055175781e+01,8.983333587646484375e+00,3.000000000000000000e+00,5.193626425968995985e-02,-9.478368227393417778e-01,-1.737809981276140225e-01,-8.254597411061666001e-01,4.183359541267602237e-04,1.111020346009117027e-04,9.439268130721557878e-08,0.000000000000000000e+00
1.000000000000000000e+00,6.017358779907226562e+01,2.473700141906738281e+01,8.983333587646484375e+00,3.000000000000000000e+00,6.350293090795791073e-01,3.648787190291504223e-01,5.193626425968995985e-02,-9.478368227393417778e-01,7.963220516264398006e-04,4.183359541267602237e-04,1.428734899030372688e-07,0.000000000000000000e+00
1.000000000000000000e+00,6.017419433593750000e+01,2.473720932006835938e+01,8.983333587646484375e+00,3.000000000000000000e+00,7.446392493155163939e-01,2.552379816836203852e-01,6.350293090795791073e-01,3.648787190291504223e-01,6.411784424755708920e-04,7.963220516264398006e-04,2.406953946035757453e-08,0.000000000000000000e+00
1.000000000000000000e+00,6.017460632324218750e+01,2.473721694946289062e+01,8.983333587646484375e+00,3.000000000000000000e+00,9.815842577966583660e-01,1.817748625549367100e-02,7.446392493155163939e-01,2.552379816836203852e-01,4.120579411740349363e-04,6.411784424755708920e-04,5.249620411666713637e-08,0.000000000000000000e+00
1.000000000000000000e+00,6.017487335205078125e+01,2.473784255981445312e+01,9.000000000000000000e+00,3.000000000000000000e+00,2.991117904439341557e-01,7.007761947543600378e-01,9.815842577966583660e-01,1.817748625549367100e-02,6.802151840418974634e-04,4.120579411740349363e-04,7.190830690249380196e-08,0.000000000000000000e+00
1.000000000000000000e+00,6.017481994628906250e+01,2.473941802978515625e+01,9.000000000000000000e+00,3.000000000000000000e+00,-3.278487251577967554e-02,9.671537392155004076e-01,2.991117904439341557e-01,7.007761947543600378e-01,1.576374893219270211e-03,6.802151840418974634e-04,8.031022243528732962e-07,0.000000000000000000e+00
1.000000000000000000e+00,6.017484664916992188e+01,2.474150276184082031e+01,9.000000000000000000e+00,3.000000000000000000e+00,1.264619419621836223e-02,9.873064468904764190e-01,-3.278487251577967554e-02,9.671537392155004076e-01,2.084903064355630564e-03,1.576374893219270211e-03,2.586009008392914187e-07,0.000000000000000000e+00
1.000000000000000000e+00,6.017518615722656250e+01,2.474279594421386719e+01,9.000000000000000000e+00,3.000000000000000000e+00,2.079311897397656261e-01,7.920075654132645582e-01,1.264619419621836223e-02,9.873064468904764190e-01,1.337006496051175138e-03,2.084903064355630564e-03,5.593492768815809960e-07,0.000000000000000000e+00
1.000000000000000000e+00,6.017513275146484375e+01,2.474288749694824219e+01,9.000000000000000000e+00,3.000000000000000000e+00,-3.681670716083692008e-01,6.311435513286328680e-01,2.079311897397656261e-01,7.920075654132645582e-01,1.059909361988052671e-04,1.337006496051175138e-03,1.515399308598643455e-06,0.000000000000000000e+00
1.000000000000000000e+00,6.017525100708007812e+01,2.474287414550781250e+01,9.000000000000000000e+00,3.000000000000000000e+00,8.978684903260056860e-01,-1.013722489077748395e-01,-3.681670716083692008e-01,6.311435513286328680e-01,1.190069388565559129e-04,1.059909361988052671e-04,1.694163251865718664e-10,0.000000000000000000e+00
1.000000000000000000e+00,6.017660522460937500e+01,2.474271965026855469e+01,9.016666412353515625e+00,3.000000000000000000e+00,8.975384868952949180e-01,-1.023952358288998388e-01,8.978684903260056860e-01,-1.013722489077748395e-01,1.363001795893263373e-03,1.190069388565559129e-04,1.547523204333778103e-06,0.000000000000000000e+00
1.000000000000000000e+00,6.017736816406250000e+01,2.474205780029296875e+01,9.016666412353515625e+00,3.000000000000000000e+00,5.354376541450044380e-01,-4.644921649707913769e-01,8.975384868952949180e-01,-1.023952358288998388e-01,1.010010890692659806e-03,1.363001795893263373e-03,1.246025791543415019e-07,0.000000000000000000e+00
1.000000000000000000e+00,6.017802810668945312e+01,2.474131393432617188e+01,9.016666412353515625e+00,3.000000000000000000e+00,4.700752099467835898e-01,-5.298535603446404840e-01,5.354376541450044380e-01,-4.644921649707913769e-01,9.944148266334534164e-04,1.010010890692659806e-03,2.432372141388692906e-10,0.000000000000000000e+00
1.000000000000000000e+00,6.017898559570312500e+01,2.474215507507324219e+01,9.016666412353515625e+00,3.000000000000000000e+00,5.323139887766120681e-01,4.676304164352309556e-01,4.700752099467835898e-01,-5.298535603446404840e-01,1.274481450506182757e-03,9.944148266334534164e-04,7.843731380746884565e-08,0.000000000000000000e+00
1.000000000000000000e+00,6.018020629882812500e+01,2.474334716796875000e+01,9.016666412353515625e+00,3.000000000000000000e+00,5.059078860526670107e-01,4.940506699733075990e-01,5.323139887766120681e-01,4.676304164352309556e-01,1.706224367105617715e-03,1.274481450506182757e-03,1.864019460337866551e-07,0.000000000000000000e+00
1.000000000000000000e+00,6.018109893798828125e+01,2.474478530883789062e+01,9.016666412353515625e+00,3.000000000000000000e+00,3.829622927549473088e-01,6.169948049940817691e-01,5.059078860526670107e-01,4.940506699733075990e-01,1.692646989108186105e-03,1.706224367105617715e-03,1.843451932851399874e-10,0.000000000000000000e+00
1.000000000000000000e+00,6.018141174316406250e+01,2.474564552307128906e+01,9.033333778381347656e+00,3.000000000000000000e+00,2.666439352495082460e-01,7.332708219361476765e-01,3.829622927549473088e-01,6.169948049940817691e-01,9.153226782598584228e-04,1.692646989108186105e-03,6.042330842358275468e-07,0.000000000000000000e+00
1.000000000000000000e+00,6.018145751953125000e+01,2.474580764770507812e+01,9.033333778381347656e+00,3.000000000000000000e+00,2.200776293026497077e-01,7.794416037802176511e-01,2.666439352495082460e-01,7.332708219361476765e-01,1.684632680263637068e-04,9.153226782598584228e-04,5.577989786543236116e-07,0.000000000000000000e+00
1.000000000000000000e+00,6.018175506591796875e+01,2.474935913085937500e+01,9.033333778381347656e+00,3.000000000000000000e+00,7.730225328821745123e-02,9.226717668119287508e-01,2.200776293026497077e-01,7.794416037802176511e-01,3.563925707349111481e-03,1.684632680263637068e-04,1.152916517685158275e-05,0.000000000000000000e+00
1.000000000000000000e+00,6.018141937255859375e+01,2.475190162658691406e+01,9.033333778381347656e+00,3.000000000000000000e+00,-1.166294799578006663e-01,8.833357771803879155e-01,7.730225328821745123e-02,9.226717668119287508e-01,2.564561279455583598e-03,3.563925707349111481e-03,9.987292597389583284e-07,0.000000000000000000e+00
1.000000000000000000e+00,6.018109512329101562e+01,2.475448417663574219e+01,9.033333778381347656e+00,3.000000000000000000e+00,-1.115447190578959802e-01,8.884208800258303063e-01,-1.166294799578006663e-01,8.833357771803879155e-01,2.602825837859133653e-03,2.564561279455583598e-03,1.464176429818693201e-09,0.000000000000000000e+00
1.000000000000000000e+00,6.018103027343750000e+01,2.475682258605957031e+01,9.033333778381347656e+00,3.000000000000000000e+00,-2.698300421703849969e-02,9.729753873555646582e-01,-1.115447190578959802e-01,8.884208800258303063e-01,2.339308474089978225e-03,2.602825837859133653e-03,6.944140100784539618e-08,0.000000000000000000e+00
1.000000000000000000e+00,6.018115615844726562e+01,2.475799369812011719e+01,9.050000190734863281e+00,3.000000000000000000e+00,9.705134075686136508e-02,9.028715640108011531e-01,-2.698300421703849969e-02,9.729753873555646582e-01,1.177858435484519049e-03,2.339308474089978225e-03,1.348966192176622561e-06,0.000000000000000000e+00
1.000000000000000000e+00,6.018111801147460938e+01,2.475807952880859375e+01,9.050000190734863281e+00,3.000000000000000000e+00,-3.074443240465142835e-01,6.917497291046571517e-01,9.705134075686136508e-02,9.028715640108011531e-01,9.392602731510262145e-05,1.177858435484519049e-03,1.174909465479950145e-06,0.000000000000000000e+00
1.000000000000000000e+00,6.018107604980468750e+01,2.475857353210449219e+01,9.050000190734863281e+00,3.000000000000000000e+00,-7.827721003491289187e-02,9.215362454110199719e-01,-3.074443240465142835e-01,6.917497291046571517e-01,4.957822486749113421e-04,9.392602731510262145e-05,1.614884226455835700e-07,0.000000000000000000e+00
1.000000000000000000e+00,6.018102264404296875e+01,2.475913810729980469e+01,9.050000190734863281e+00,3.000000000000000000e+00,-8.640577113921635299e-02,9.134324377574299936e-01,-7.827721003491289187e-02,9.215362454110199719e-01,5.670955180098916993e-04,4.957822486749113421e-04,5.085582383243450024e-09,0.000000000000000000e+00
1.000000000000000000e+00,6.018088531494140625e+01,2.476123237609863281e+01,9.050000190734863281e+00,3.000000000000000000e+00,-6.153570406570827572e-02,9.384194870020512447e-01,-8.640577113921635299e-02,9.134324377574299936e-01,2.098766562503072072e-03,5.670955180098916993e-04,2.346016188538830615e-06,0.000000000000000000e+00
1.000000000000000000e+00,6.018125915527343750e+01,2.476322364807128906e+01,9.050000190734863281e+00,3.000000000000000000e+00,1.580578332398973052e-01,8.418998872574121606e-01,-6.153570406570827572e-02,9.384194870020512447e-01,2.026060379884949986e-03,2.098766562503072072e-03,5.286188990899717912e-09,0.000000000000000000e+00
1.000000000000000000e+00,6.018196105957031250e+01,2.476471710205078125e+01,9.066666603088378906e+00,3.000000000000000000e+00,3.197074180049721548e-01,6.802470334181880407e-01,1.580578332398973052e-01,8.418998872574121606e-01,1.650174060768329733e-03,2.026060379884949986e-03,1.412905248990416816e-07,0.000000000000000000e+00
1.000000000000000000e+00,6.018244552612304688e+01,2.476779937744140625e+01,9.066666603088378906e+00,3.000000000000000000e+00,1.358250689062178163e-01,8.641468950883780531e-01,3.197074180049721548e-01,6.802470334181880407e-01,3.120116892741492311e-03,1.650174060768329733e-03,2.160731929269281100e-06,0.000000000000000000e+00
1.000000000000000000e+00,6.018331146240234375e+01,2.476949691772460938e+01,9.066666603088378906e+00,3.000000000000000000e+00,3.377844422373771360e-01,6.621765497604970019e-01,1.358250689062178163e-01,8.641468950883780531e-01,1.905646518350100896e-03,3.120116892741492311e-03,1.474938290274366507e-06,0.000000000000000000e+00
1.000000000000000000e+00,6.018410110473632812e+01,2.477191925048828125e+01,9.066666603088378906e+00,3.000000000000000000e+00,2.458355766839175616e-01,7.541332907936602048e-01,3.377844422373771360e-01,6.621765497604970019e-01,2.547789440589334504e-03,1.905646518350100896e-03,4.123475325819423965e-07,0.000000000000000000e+00
1.000000000000000000e+00,6.018465423583984375e+01,2.477347373962402344e+01,9.066666603088378906e+00,3.000000000000000000e+00,2.624309873830305007e-01,7.375215679902409338e-01,2.458355766839175616e-01,7.541332907936602048e-01,1.649966815065353424e-03,2.547789440589334504e-03,8.060854669027748135e-07,0.000000000000000000e+00
1.000000000000000000e+00,6.018488311767578125e+01,2.477498245239257812e+01,9.066666603088378906e+00,3.000000000000000000e+00,1.317158005473504367e-01,8.682266519412850103e-01,2.624309873830305007e-01,7.375215679902409338e-01,1.525975462719525834e-03,1.649966815065353424e-03,1.537385545654716463e-08,0.000000000000000000e+00
1.000000000000000000e+00,6.018449020385742188e+01,2.477627372741699219e+01,9.083333015441894531e+00,3.000000000000000000e+00,-2.332817319577933368e-01,7.666588958030392531e-01,1.317158005473504367e-01,8.682266519412850103e-01,1.349730512855540961e-03,1.525975462719525834e-03,3.106228235255853944e-08,0.000000000000000000e+00
1.000000000000000000e+00,6.018361282348632812e+01,2.477734756469726562e+01,9.083333015441894531e+00,3.000000000000000000e+00,-4.496348252059396144e-01,5.503139273716174396e-01,-2.332817319577933368e-01,7.666588958030392531e-01,1.386694926826250243e-03,1.349730512855540961e-03,1.366367900197967544e-09,0.000000000000000000e+00
1.000000000000000000e+00,6.018258666992187500e+01,2.477837944030761719e+01,9.083333015441894531e+00,3.000000000000000000e+00,-4.985855975490484093e-01,5.013658146357531376e-01,-4.496348252059396144e-01,5.503139273716174396e-01,1.455252010161217115e-03,1.386694926826250243e-03,4.700073675397592444e-09,0.000000000000000000e+00
1.000000000000000000e+00,6.018158340454101562e+01,2.477969932556152344e+01,9.083333015441894531e+00,3.000000000000000000e+00,-4.318369124046690932e-01,5.681200444563326846e-01,-4.985855975490484093e-01,5.013658146357531376e-01,1.657901839045385940e-03,1.455252010161217115e-03,4.106695314678290321e-08,0.000000000000000000e+00
1.000000000000000000e+00,6.018190765380859375e+01,2.478153991699218750e+01,9.083333015441894531e+00,3.000000000000000000e+00,1.497728172607210584e-01,8.501809920976225454e-01,-4.318369124046690932e-01,5.681200444563326846e-01,1.868934028305689219e-03,1.657901839045385940e-03,4.453458490399646336e-08,0.000000000000000000e+00
1.000000000000000000e+00,6.018239593505859375e+01,2.478370857238769531e+01,9.083333015441894531e+00,3.000000000000000000e+00,1.837691063935927571e-01,8.161932576934178840e-01,1.497728172607210584e-01,8.501809920976225454e-01,2.222945074347701649e-03,1.868934028305689219e-03,1.253238207197598412e-07,0.000000000000000000e+00
1.000000000000000000e+00,6.018290328979492188e+01,2.478570365905761719e+01,9.100000381469726562e+00,3.000000000000000000e+00,2.027358009186286669e-01,7.972242397025773863e-01,1.837691063935927571e-01,8.161932576934178840e-01,2.058586808705073230e-03,2.222945074347701649e-03,2.701363948505280873e-08,0.000000000000000000e+00
1.000000000000000000e+00,6.018292236328125000e+01,2.478610992431640625e+01,9.100000381469726562e+00,3.000000000000000000e+00,4.483250890294721708e-02,9.549324396327757425e-01,2.027358009186286669e-01,7.972242397025773863e-01,4.067127467631830745e-04,2.058586808705073230e-03,2.728687916516399587e-06,0.000000000000000000e+00
1.000000000000000000e+00,6.018294143676757812e+01,2.478983306884765625e+01,9.100000381469726562e+00,3.000000000000000000e+00,5.096703764494226775e-03,9.948765748292730526e-01,4.483250890294721708e-02,9.549324396327757425e-01,3.723193387195660158e-03,4.067127467631830745e-04,1.099904383836341446e-05,0.000000000000000000e+00
1.000000000000000000e+00,6.018278884887695312e+01,2.479151725769042969e+01,9.100000381469726562e+00,3.000000000000000000e+00,-8.306920538031667411e-02,9.168763543852452846e-01,5.096703764494226775e-03,9.948765748292730526e-01,1.691086964791555956e-03,3.723193387195660158e-03,4.129456511976008454e-06,0.000000000000000000e+00
1.000000000000000000e+00,6.018271255493164062e+01,2.479363822937011719e+01,9.100000381469726562e+00,3.000000000000000000e+00,-3.472064204722416503e-02,9.652338489128318155e-01,-8.306920538031667411e-02,9.168763543852452846e-01,2.122343429355334331e-03,1.691086964791555956e-03,1.859821382280494349e-07,0.000000000000000000e+00
1.000000000000000000e+00,6.018277740478515625e+01,2.479609107971191406e+01,9.100000381469726562e+00,3.000000000000000000e+00,2.575655273852104840e-02,9.742037300511197095e-01,-3.472064204722416503e-02,9.652338489128318155e-01,2.453707460712063835e-03,2.122343429355334331e-03,1.098021212769836201e-07,0.000000000000000000e+00
1.000000000000000000e+00,6.018338775634765625e+01,2.479829978942871094e+01,9.116666793823242188e+00,3.000000000000000000e+00,2.165011157688102872e-01,7.834634126883822658e-01,2.575655273852104840e-02,9.742037300511197095e-01,2.291490266817453308e-03,2.453707460712063835e-03,2.631441799504166846e-08,0.000000000000000000e+00
1.000000000000000000e+00,6.018340682983398438e+01,2.479844093322753906e+01,9.116666793823242188e+00,3.000000000000000000e+00,1.189733615407434775e-01,8.804028754015017499e-01,2.165011157688102872e-01,7.834634126883822658e-01,1.424267173965032269e-04,2.291490266817453308e-03,4.618474139449773028e-06,0.000000000000000000e+00
1.000000000000000000e+00,6.018424606323242188e+01,2.480078887939453125e+01,9.116666793823242188e+00,3.000000000000000000e+00,2.633071185659737745e-01,7.366615067152584295e-01,1.189733615407434775e-01,8.804028754015017499e-01,2.493424131620262593e-03,1.424267173965032269e-04,5.527188841686803815e-06,0.000000000000000000e+00
1.000000000000000000e+00,6.018454360961914062e+01,2.480275535583496094e+01,9.116666793823242188e+00,3.000000000000000000e+00,1.314179527501591060e-01,8.685378800347054451e-01,2.633071185659737745e-01,7.366615067152584295e-01,1.988859834934175990e-03,2.493424131620262593e-03,2.545851294903252091e-07,0.000000000000000000e+00
1.000000000000000000e+00,6.018466567993164062e+01,2.480490684509277344e+01,9.116666793823242188e+00,3.000000000000000000e+00,5.368891372036941473e-02,9.462671043215109545e-01,1.314179527501591060e-01,8.685378800347054451e-01,2.154949462905436826e-03,1.988859834934175990e-03,2.758576451963183054e-08,0.000000000000000000e+00
1.000000000000000000e+00,6.018481445312500000e+01,2.480653572082519531e+01,9.116666793823242188e+00,3.000000000000000000e+00,8.368627943003542624e-02,9.162574696570545685e-01,5.368891372036941473e-02,9.462671043215109545e-01,1.635655713998286891e-03,2.154949462905436826e-03,2.696659976540420917e-07,0.000000000000000000e+00
1.000000000000000000e+00,6.018506622314453125e+01,2.480774688720703125e+01,9.133333206176757812e+00,3.000000000000000000e+00,1.720873242087307964e-01,8.278443247920004300e-01,8.368627943003542624e-02,9.162574696570545685e-01,1.237057859287237242e-03,1.635655713998286891e-03,1.588802497802510505e-07,0.000000000000000000e+00
1.000000000000000000e+00,6.018545150756835938e+01,2.480907440185546875e+01,9.133333206176757812e+00,3.000000000000000000e+00,2.249311883382102972e-01,7.750104311059127227e-01,1.720873242087307964e-01,8.278443247920004300e-01,1.382294913924199181e-03,1.237057859287237242e-03,2.109380203961986675e-08,0.000000000000000000e+00
1.000000000000000000e+00,6.018560409545898438e+01,2.480956077575683594e+01,9.133333206176757812e+00,3.000000000000000000e+00,2.387686019364859691e-01,7.610749186725490611e-01,2.249311883382102972e-01,7.750104311059127227e-01,5.097476201970202155e-04,1.382294913924199181e-03,7.613387797906239193e-07,0.000000000000000000e+00
1.000000000000000000e+00,6.018566131591796875e+01,2.480961799621582031e+01,9.133333206176757812e+00,3.000000000000000000e+00,4.995634747748953775e-01,4.995634747748953775e-01,2.387686019364859691e-01,7.610749186725490611e-01,8.092194914091654402e-05,5.097476201970202155e-04,1.838914561567176406e-07,0.000000000000000000e+00
1.000000000000000000e+00,6.018568038940429688e+01,2.480954360961914062e+01,9.133333206176757812e+00,3.000000000000000000e+00,2.038635036966813807e-01,-7.950676644170573404e-01,4.995634747748953775e-01,4.995634747748953775e-01,7.679299216917951645e-05,8.092194914091654402e-05,1.704828567445580419e-11,0.000000000000000000e+00
1.000000000000000000e+00,6.018559646606445312e+01,2.480954170227050781e+01,9.133333206176757812e+00,3.000000000000000000e+00,-9.766399098110333243e-01,-2.219636158661439373e-02,2.038635036966813807e-01,-7.950676644170573404e-01,8.394501146188883495e-05,7.679299216917951645e-05,5.115137996328630027e-11,0.000000000000000000e+00
1.000000000000000000e+00,6.018555450439453125e+01,2.480951881408691406e+01,9.149999618530273438e+00,3.000000000000000000e+00,-6.460625798298416100e-01,-3.523977708162772671e-01,-9.766399098110333243e-01,-2.219636158661439373e-02,4.779801973778407165e-05,8.394501146188883495e-05,1.306605010702498232e-09,0.000000000000000000e+00
1.000000000000000000e+00,6.018565750122070312e+01,2.480951881408691406e+01,9.149999618530273438e+00,3.000000000000000000e+00,9.990300380359595778e-01,0.000000000000000000e+00,-6.460625798298416100e-01,-3.523977708162772671e-01,1.029968261718750000e-04,4.779801973778407165e-05,3.046908231748237903e-09,0.000000000000000000e+00
1.000000000000000000e+00,6.018564605712890625e+01,2.480954360961914062e+01,9.149999618530273438e+00,3.000000000000000000e+00,-3.149204788000572464e-01,6.823277040667906634e-01,9.990300380359595778e-01,0.000000000000000000e+00,2.730907642989416771e-05,1.029968261718750000e-04,5.728635461004719029e-09,0.000000000000000000e+00
1.000000000000000000e+00,6.018564987182617188e+01,2.480961036682128906e+01,9.149999618530273438e+00,3.000000000000000000e+00,5.397756813178195695e-02,9.446074423061842085e-01,-3.149204788000572464e-01,6.823277040667906634e-01,6.686610467131845362e-05,2.730907642989416771e-05,1.564758483292838239e-09,0.000000000000000000e+00
1.000000000000000000e+00,6.018561553955078125e+01,2.480955886840820312e+01,9.149999618530273438e+00,3.000000000000000000e+00,-3.995345085590590872e-01,-5.993017628385886031e-01,5.397756813178195695e-02,9.446074423061842085e-01,6.189338966212445134e-05,6.686610467131845362e-05,2.472789456266330736e-11,0.000000000000000000e+00
1.000000000000000000e+00,6.018626785278320312e+01,2.481251144409179688e+01,9.166666984558105469e+00,3.000000000000000000e+00,1.809473614534263808e-01,8.190248992102456826e-01,-3.995345085590590872e-01,-5.993017628385886031e-01,3.023775077703660160e-03,6.189338966212445134e-05,8.772743133955776269e-06,0.000000000000000000e+00
1.000000000000000000e+00,6.018721389770507812e+01,2.481277847290039062e+01,9.166666984558105469e+00,3.000000000000000000e+00,7.798099300332393957e-01,2.201076415416401422e-01,1.809473614534263808e-01,8.190248992102456826e-01,9.830083310046117996e-04,3.023775077703660160e-03,4.164728914432617607e-06,0.000000000000000000e+00
1.000000000000000000e+00,6.018733596801757812e+01,2.481290245056152344e+01,9.166666984558105469e+00,3.000000000000000000e+00,4.959224758116291820e-01,5.036712644961859331e-01,7.798099300332393957e-01,2.201076415416401422e-01,1.739874180905336153e-04,9.830083310046117996e-04,6.545148375323285221e-07,0.000000000000000000e+00
1.000000000000000000e+00,6.018712997436523438e+01,2.481447029113769531e+01,9.183333396911621094e+00,3.000000000000000000e+00,-1.161224858466817639e-01,8.838211422775222870e-01,4.959224758116291820e-01,5.036712644961859331e-01,1.581315103670636116e-03,1.739874180905336153e-04,1.980571214600247902e-06,0.000000000000000000e+00
1.000000000000000000e+00,6.018704605102539062e+01,2.481658744812011719e+01,9.183333396911621094e+00,3.000000000000000000e+00,-3.812651739379971372e-02,9.618280524344927640e-01,-1.161224858466817639e-01,8.838211422775222870e-01,2.118819675004984717e-03,1.581315103670636116e-03,2.889111642053218433e-07,0.000000000000000000e+00
1.000000000000000000e+00,6.018678665161132812e+01,2.481882667541503906e+01,9.183333396911621094e+00,3.000000000000000000e+00,-1.038126391052724279e-01,8.961473405116899826e-01,-3.812651739379971372e-02,9.618280524344927640e-01,2.254202061559501275e-03,2.118819675004984717e-03,1.832839058919654724e-08,0.000000000000000000e+00
1.000000000000000000e+00,6.018668746948242188e+01,2.482016754150390625e+01,9.183333396911621094e+00,3.000000000000000000e+00,-6.886938974905791599e-02,9.310611729536097947e-01,-1.038126391052724279e-01,8.961473405116899826e-01,1.344529271889743699e-03,2.254202061559501275e-03,8.275045842655590403e-07,0.000000000000000000e+00
1.000000000000000000e+00,6.018685913085937500e+01,2.481984138488769531e+01,9.183333396911621094e+00,3.000000000000000000e+00,3.447583323155046231e-01,-6.550408313994587894e-01,-6.886938974905791599e-02,9.310611729536097947e-01,3.685726070065593906e-04,1.344529271889743699e-03,9.524914117299082597e-07,0.000000000000000000e+00
1.000000000000000000e+00,6.018727111816406250e+01,2.482095146179199219e+01,9.183333396911621094e+00,3.000000000000000000e+00,2.706589093711432858e-01,7.292753946944694476e-01,3.447583323155046231e-01,-6.550408313994587894e-01,1.184062613495166609e-03,3.685726070065593906e-04,6.650239506827887494e-07,0.000000000000000000e+00
1.000000000000000000e+00,6.018753814697265625e+01,2.482121658325195312e+01,9.199999809265136719e+00,3.000000000000000000e+00,5.016978372201862379e-01,4.981142812400420894e-01,2.706589093711432858e-01,7.292753946944694476e-01,3.762894805210697949e-04,1.184062613495166609e-03,6.524974343547879115e-07,0.000000000000000000e+00
1.000000000000000000e+00,6.018758773803710938e+01,2.482124710083007812e+01,9.199999809265136719e+00,3.000000000000000000e+00,6.182758223943535247e-01,3.804774291657560537e-01,5.016978372201862379e-01,4.981142812400420894e-01,5.822882660855769043e-05,3.762894805210697949e-04,1.011625795672547872e-07,0.000000000000000000e+00
1.000000000000000000e+00,6.018759155273437500e+01,2.482126045227050781e+01,9.199999809265136719e+00,3.000000000000000000e+00,2.209351815062052804e-01,7.732731352717184814e-01,6.182758223943535247e-01,3.804774291657560537e-01,1.388570764404395686e-05,5.822882660855769043e-05,1.966312199501017651e-09,0.000000000000000000e+00
1.000000000000000000e+00,6.018762969970703125e+01,2.482122421264648438e+01,9.199999809265136719e+00,3.000000000000000000e+00,5.121320392753651030e-01,-4.865254373115968645e-01,2.209351815062052804e-01,7.732731352717184814e-01,5.261655511525620401e-05,1.388570764404395686e-05,1.500078545838308348e-09,0.000000000000000000e+00
1.000000000000000000e+00,6.018734741210937500e+01,2.482095909118652344e+01,9.199999809265136719e+00,3.000000000000000000e+00,-5.155852560408644703e-01,-4.842320985789200227e-01,5.121320392753651030e-01,-4.865254373115968645e-01,3.872669316148176673e-04,5.261655511525620401e-05,1.119908744912982533e-07,0.000000000000000000e+00
1.000000000000000000e+00,6.018727874755859375e+01,2.482108688354492188e+01,9.199999809265136719e+00,3.000000000000000000e+00,-3.493367445988813103e-01,6.501544968923623768e-01,-5.155852560408644703e-01,-4.842320985789200227e-01,1.450713872513307006e-04,3.872669316148176673e-04,5.865868170952578098e-08,0.000000000000000000e+00
1.000000000000000000e+00,6.018732070922851562e+01,2.482125282287597656e+01,9.216666221618652344e+00,3.000000000000000000e+00,2.017378268607622205e-01,7.977814062221051383e-01,-3.493367445988813103e-01,6.501544968923623768e-01,1.711626224778925399e-04,1.450713872513307006e-04,6.807525556477814323e-10,0.000000000000000000e+00
1.000000000000000000e+00,6.018734741210937500e+01,2.482114601135253906e+01,9.216666221618652344e+00,3.000000000000000000e+00,1.998503155396662012e-01,-7.994012621586648049e-01,2.017378268607622205e-01,7.977814062221051383e-01,1.100987982914872101e-04,1.711626224778925399e-04,3.728790624268220295e-09,0.000000000000000000e+00
1.000000000000000000e+00,6.018692779541015625e+01,2.482188224792480469e+01,9.216666221618652344e+00,3.000000000000000000e+00,-3.630048978363239476e-01,6.369085934764592283e-01,1.998503155396662012e-01,-7.994012621586648049e-01,8.474210668874569479e-04,1.100987982914872101e-04,5.436441277675074110e-07,0.000000000000000000e+00
1.000000000000000000e+00,6.018689346313476562e+01,2.482177543640136719e+01,9.216666221618652344e+00,3.000000000000000000e+00,-2.430710280767995612e-01,-7.562209762389319190e-01,-3.630048978363239476e-01,6.369085934764592283e-01,1.121936124408931128e-04,8.474210668874569479e-04,5.405594097719740669e-07,0.000000000000000000e+00
1.000000000000000000e+00,6.018688583374023438e+01,2.482174682617187500e+01,9.216666221618652344e+00,3.000000000000000000e+00,-2.099469858667048217e-01,-7.873011970001430049e-01,-2.430710280767995612e-01,-7.562209762389319190e-01,2.961001338245396465e-05,1.121936124408931128e-04,6.820050833445031076e-09,0.000000000000000000e+00
1.000000000000000000e+00,6.018687438964843750e+01,2.482176589965820312e+01,9.216666221618652344e+00,3.000000000000000000e+00,-3.737752133807937804e-01,6.229586889679896711e-01,-2.099469858667048217e-01,-7.873011970001430049e-01,2.224331624925728127e-05,2.961001338245396465e-05,5.426822665224823103e-11,0.000000000000000000e+00
1.000000000000000000e+00,6.018686294555664062e+01,2.482178878784179688e+01,9.233333587646484375e+00,3.000000000000000000e+00,-3.323652493785212991e-01,6.647304987570425983e-01,-3.737752133807937804e-01,6.229586889679896711e-01,2.558976719856021658e-05,2.224331624925728127e-05,1.119873395609051645e-11,0.000000000000000000e+00
1.000000000000000000e+00,6.018686294555664062e+01,2.482178878784179688e+01,9.233333587646484375e+00,3.000000000000000000e+00,0.000000000000000000e+00,0.000000000000000000e+00,-3.323652493785212991e-01,6.647304987570425983e-01,0.000000000000000000e+00,2.558976719856021658e-05,6.548361852765084347e-10,0.000000000000000000e+00
1.000000000000000000e+00,6.018687820434570312e+01,2.482180595397949219e+01,9.233333587646484375e+00,3.000000000000000000e+00,4.691413811972637848e-01,5.277840538469217302e-01,0.000000000000000000e+00,0.000000000000000000e+00,2.296751895674189716e-05,0.000000000000000000e+00,5.275069270282983780e-10,0.000000000000000000e+00
1.000000000000000000e+00,6.018687438964843750e+01,2.482194900512695312e+01,9.233333587646484375e+00,3.000000000000000000e+00,-2.595635246218221809e-02,9.733632173318331748e-01,4.691413811972637848e-01,5.277840538469217302e-01,1.431020010521140569e-04,2.296751895674189716e-05,1.443229378832329263e-08,0.000000000000000000e+00
1.000000000000000000e+00,6.018686676025390625e+01,2.482194137573242188e+01,9.233333587646484375e+00,3.000000000000000000e+00,-4.967445350153236183e-01,-4.967445350153236183e-01,-2.595635246218221809e-02,9.733632173318331748e-01,1.078959321878887288e-05,1.431020010521140569e-04,1.750657326665217109e-08,0.000000000000000000e+00
1.000000000000000000e+00,6.018686676025390625e+01,2.482194137573242188e+01,9.233333587646484375e+00,3.000000000000000000e+00,0.000000000000000000e+00,0.000000000000000000e+00,-4.967445350153236183e-01,-4.967445350153236183e-01,0.000000000000000000e+00,1.078959321878887288e-05,1.164153218269348403e-10,0.000000000000000000e+00
1.000000000000000000e+00,6.018723678588867188e+01,2.482147216796875000e+01,9.300000190734863281e+00,3.000000000000000000e+00,4.408565600445107924e-01,-5.590242977884002373e-01,0.000000000000000000e+00,0.000000000000000000e+00,5.975574414846373389e-04,0.000000000000000000e+00,3.570748958736657567e-07,0.000000000000000000e+00
1.000000000000000000e+00,6.018722152709960938e+01,2.482143020629882812e+01,9.300000190734863281e+00,3.000000000000000000e+00,-2.662014459210697570e-01,-7.320539762829418873e-01,4.408565600445107924e-01,-5.590242977884002373e-01,4.464988674438333770e-05,5.975574414846373389e-04,3.057067640888469964e-07,0.000000000000000000e+00
1.000000000000000000e+00,6.018717193603515625e+01,2.482140541076660156e+01,9.300000190734863281e+00,3.000000000000000000e+00,-6.657716510579746449e-01,-3.328858255289873225e-01,-2.662014459210697570e-01,-7.320539762829418873e-01,5.544449559688046926e-05,4.464988674438333770e-05,1.165235802784094268e-10,0.000000000000000000e+00
1.000000000000000000e+00,6.018717575073242188e+01,2.482139778137207031e+01,9.300000190734863281e+00,3.000000000000000000e+00,3.304458534068174247e-01,-6.608917068136348494e-01,-6.657716510579746449e-01,-3.328858255289873225e-01,8.529922399520072193e-06,5.544449559688046926e-05,2.200977178290486749e-09,0.000000000000000000e+00
1.000000000000000000e+00,6.018687438964843750e+01,2.482192993164062500e+01,9.300000190734863281e+00,3.000000000000000000e+00,-3.615126918155225355e-01,6.383673482058910276e-01,3.304458534068174247e-01,-6.608917068136348494e-01,6.115573654720083286e-04,8.529922399520072193e-06,3.636420970985429950e-07,0.000000000000000000e+00
1.000000000000000000e+00,6.018687438964843750e+01,2.482192993164062500e+01,9.300000190734863281e+00,3.000000000000000000e+00,0.000000000000000000e+00,0.000000000000000000e+00,-3.615126918155225355e-01,6.383673482058910276e-01,0.000000000000000000e+00,6.115573654720083286e-04,3.740024112630635500e-07,0.000000000000000000e+00
1.000000000000000000e+00,6.018687438964843750e+01,2.482192993164062500e+01,9.316666603088378906e+00,3.000000000000000000e+00,0.000000000000000000e+00,0.000000000000000000e+00,0.000000000000000000e+00,0.000000000000000000e+00,0.000000000000000000e+00,0.000000000000000000e+00,0.000000000000000000e+00,0.000000000000000000e+00
1.000000000000000000e+00,6.018687438964843750e+01,2.482192993164062500e+01,9.316666603088378906e+00,3.000000000000000000e+00,0.000000000000000000e+00,0.000000000000000000e+00,0.000000000000000000e+00,0.000000000000000000e+00,0.000000000000000000e+00,0.000000000000000000e+00,0.000000000000000000e+00,0.000000000000000000e+00
1.000000000000000000e+00,6.018687438964843750e+01,2.482192993164062500e+01,9.316666603088378906e+00,3.000000000000000000e+00,0.000000000000000000e+00,0.000000000000000000e+00,0.000000000000000000e+00,0.000000000000000000e+00,0.000000000000000000e+00,0.000000000000000000e+00,0.000000000000000000e+00,0.000000000000000000e+00
1.000000000000000000e+00,6.018726348876953125e+01,2.482148933410644531e+01,9.316666603088378906e+00,3.000000000000000000e+00,4.689090015258409738e-01,-5.309704870219081885e-01,0.000000000000000000e+00,0.000000000000000000e+00,5.878131617794463571e-04,0.000000000000000000e+00,3.455243131611495681e-07,0.000000000000000000e+00
1.000000000000000000e+00,6.018731689453125000e+01,2.482152557373046875e+01,9.316666603088378906e+00,3.000000000000000000e+00,5.950808643484946092e-01,4.038048722364784848e-01,4.689090015258409738e-01,-5.309704870219081885e-01,6.454057432437374615e-05,5.878131617794463571e-04,2.738142007819266368e-07,0.000000000000000000e+00
1.000000000000000000e+00,6.018687438964843750e+01,2.482193183898925781e+01,9.316666603088378906e+00,3.000000000000000000e+00,-5.212868978730085257e-01,4.785952984782362862e-01,5.950808643484946092e-01,4.038048722364784848e-01,6.007179303232493880e-04,6.454057432437374615e-05,2.874861570859450166e-07,0.000000000000000000e+00
1.000000000000000000e+00,6.018727111816406250e+01,2.482158279418945312e+01,9.333333015441894531e+00,3.000000000000000000e+00,5.318979877922701549e-01,-4.679679411826223601e-01,-5.212868978730085257e-01,4.785952984782362862e-01,5.284181936503608377e-04,6.007179303232493880e-04,5.227251922969025831e-09,0.000000000000000000e+00
1.000000000000000000e+00,6.018724822998046875e+01,2.482146835327148438e+01,9.333333015441894531e+00,3.000000000000000000e+00,-1.665453920132113630e-01,-8.327269600660567317e-01,5.318979877922701549e-01,-4.679679411826223601e-01,1.167072947752254887e-04,5.284181936503608377e-04,1.695058642525719558e-07,0.000000000000000000e+00
1.000000000000000000e+00,6.018725585937500000e+01,2.482152557373046875e+01,9.333333015441894531e+00,3.000000000000000000e+00,1.174659236054257511e-01,8.809944270406931954e-01,-1.665453920132113630e-01,-8.327269600660567317e-01,5.772684459847090324e-05,1.167072947752254887e-04,3.478693503052629802e-09,0.000000000000000000e+00
1.000000000000000000e+00,6.018725585937500000e+01,2.482152557373046875e+01,9.333333015441894531e+00,3.000000000000000000e+00,0.000000000000000000e+00,0.000000000000000000e+00,1.174659236054257511e-01,8.809944270406931954e-01,0.000000000000000000e+00,5.772684459847090324e-05,3.332388587296009477e-09,0.000000000000000000e+00
1.000000000000000000e+00,6.018725585937500000e+01,2.482145118713378906e+01,9.333333015441894531e+00,3.000000000000000000e+00,0.000000000000000000e+00,-9.986574765869619119e-01,0.000000000000000000e+00,0.000000000000000000e+00,7.438659667968750000e-05,0.000000000000000000e+00,5.533365765586495399e-09,0.000000000000000000e+00
1.000000000000000000e+00,6.018722152709960938e+01,2.482145690917968750e+01,9.333333015441894531e+00,3.000000000000000000e+00,-8.550082354393236939e-01,1.425013725732206249e-01,0.000000000000000000e+00,-9.986574765869619119e-01,3.480584638766223699e-05,7.438659667968750000e-05,1.566635793679657887e-09,0.000000000000000000e+00
1.000000000000000000e+00,6.018721008300781250e+01,2.482144546508789062e+01,9.350000381469726562e+00,3.000000000000000000e+00,-4.978249695198365687e-01,-4.978249695198365687e-01,-8.550082354393236939e-01,1.425013725732206249e-01,1.618438982818330677e-05,3.480584638766223699e-05,3.467586443965608990e-10,0.000000000000000000e+00
1.000000000000000000e+00,6.018687438964843750e+01,2.482193946838378906e+01,9.350000381469726562e+00,3.000000000000000000e+00,-4.045489424928823685e-01,5.953305460548666828e-01,-4.978249695198365687e-01,-4.978249695198365687e-01,5.972681875732140967e-04,1.618438982818330677e-05,3.376583800017878422e-07,0.000000000000000000e+00
1.000000000000000000e+00,6.018687438964843750e+01,2.482193756103515625e+01,9.350000381469726562e+00,3.000000000000000000e+00,0.000000000000000000e+00,-9.501830432614539745e-01,-4.045489424928823685e-01,5.953305460548666828e-01,1.907348632812500000e-06,5.972681875732140967e-04,3.544545285438188310e-07,0.000000000000000000e+00
1.000000000000000000e+00,6.018687438964843750e+01,2.482193565368652344e+01,9.350000381469726562e+00,3.000000000000000000e+00,0.000000000000000000e+00,-9.501830432614539745e-01,0.000000000000000000e+00,-9.501830432614539745e-01,1.907348632812500000e-06,1.907348632812500000e-06,0.000000000000000000e+00,0.000000000000000000e+00
1.000000000000000000e+00,6.018687438964843750e+01,2.482193565368652344e+01,9.350000381469726562e+00,3.000000000000000000e+00,0.000000000000000000e+00,0.000000000000000000e+00,0.000000000000000000e+00,-9.501830432614539745e-01,0.000000000000000000e+00,1.907348632812500000e-06,3.637978807091712952e-12,0.000000000000000000e+00
1.000000000000000000e+00,6.018687438964843750e+01,2.482193756103515625e+01,9.350000381469726562e+00,3.000000000000000000e+00,0.000000000000000000e+00,9.501830432614539745e-01,0.000000000000000000e+00,0.000000000000000000e+00,1.907348632812500000e-06,0.000000000000000000e+00,3.637978807091712952e-12,0.000000000000000000e+00
1.000000000000000000e+00,6.018687438964843750e+01,2.482193565368652344e+01,9.366666793823242188e+00,3.000000000000000000e+00,0.000000000000000000e+00,-9.501830432614539745e-01,0.000000000000000000e+00,9.501830432614539745e-01,1.907348632812500000e-06,1.907348632812500000e-06,0.000000000000000000e+00,0.000000000000000000e+00
1.000000000000000000e+00,6.018687438964843750e+01,2.482193756103515625e+01,9.366666793823242188e+00,3.000000000000000000e+00,0.000000000000000000e+00,9.501830432614539745e-01,0.000000000000000000e+00,-9.501830432614539745e-01,1.907348632812500000e-06,1.907348632812500000e-06,0.000000000000000000e+00,0.000000000000000000e+00
1.000000000000000000e+00,6.018740844726562500e+01,2.482140541076660156e+01,9.366666793823242188e+00,3.000000000000000000e+00,5.008474797274684587e-01,-4.990587387284417531e-01,0.000000000000000000e+00,9.501830432614539745e-01,7.539240325117752819e-04,1.907348632812500000e-06,5.655290928323118297e-07,0.000000000000000000e+00
1.000000000000000000e+00,6.018687438964843750e+01,2.482193565368652344e+01,9.366666793823242188e+00,3.000000000000000000e+00,-5.017449715290980272e-01,4.981610788753187413e-01,5.008474797274684587e-01,-4.990587387284417531e-01,7.525789610421395898e-04,7.539240325117752819e-04,1.809217258427920580e-12,0.000000000000000000e+00
1.000000000000000000e+00,6.018687438964843750e+01,2.482193756103515625e+01,9.366666793823242188e+00,3.000000000000000000e+00,0.000000000000000000e+00,9.501830432614539745e-01,-5.017449715290980272e-01,4.981610788753187413e-01,1.907348632812500000e-06,7.525789610421395898e-04,5.635078696772189817e-07,0.000000000000000000e+00
1.000000000000000000e+00,6.018687438964843750e+01,2.482193946838378906e+01,9.366666793823242188e+00,3.000000000000000000e+00,0.000000000000000000e+00,9.501830432614539745e-01,0.000000000000000000e+00,9.501830432614539745e-01,1.907348632812500000e-06,1.907348632812500000e-06,0.000000000000000000e+00,0.000000000000000000e+00
1.000000000000000000e+00,6.018687438964843750e+01,2.482193946838378906e+01,9.383333206176757812e+00,3.000000000000000000e+00,0.000000000000000000e+00,0.000000000000000000e+00,0.000000000000000000e+00,9.501830432614539745e-01,0.000000000000000000e+00,1.907348632812500000e-06,3.637978807091712952e-12,0.000000000000000000e+00
1.000000000000000000e+00,6.018735885620117188e+01,2.482135391235351562e+01,9.383333206176757812e+00,3.000000000000000000e+00,4.527206139063771895e-01,-5.471859388553457215e-01,0.000000000000000000e+00,0.000000000000000000e+00,7.599892797322313877e-04,0.000000000000000000e+00,5.775837053079158068e-07,0.000000000000000000e+00
1.000000000000000000e+00,6.018687438964843750e+01,2.482194137573242188e+01,9.383333206176757812e+00,3.000000000000000000e+00,-4.519151363553363665e-01,5.479915826671007961e-01,4.527206139063771895e-01,-5.471859388553457215e-01,7.614598231517387492e-04,7.599892797322313877e-04,2.162497948656403980e-12,0.000000000000000000e+00
1.000000000000000000e+00,6.018687438964843750e+01,2.482193946838378906e+01,9.383333206176757812e+00,3.000000000000000000e+00,0.000000000000000000e+00,-9.501830432614539745e-01,-4.519151363553363665e-01,5.479915826671007961e-01,1.907348632812500000e-06,7.614598231517387492e-04,5.769199615478240888e-07,0.000000000000000000e+00
1.000000000000000000e+00,6.018687438964843750e+01,2.482194137573242188e+01,9.383333206176757812e+00,3.000000000000000000e+00,0.000000000000000000e+00,9.501830432614539745e-01,0.000000000000000000e+00,-9.501830432614539745e-01,1.907348632812500000e-06,1.907348632812500000e-06,0.000000000000000000e+00,0.000000000000000000e+00
1.000000000000000000e+00,6.018687438964843750e+01,2.482193946838378906e+01,9.383333206176757812e+00,3.000000000000000000e+00,0.000000000000000000e+00,-9.501830432614539745e-01,0.000000000000000000e+00,9.501830432614539745e-01,1.907348632812500000e-06,1.907348632812500000e-06,0.000000000000000000e+00,0.000000000000000000e+00
1.000000000000000000e+00,6.018687438964843750e+01,2.482193946838378906e+01,9.399999618530273438e+00,3.000000000000000000e+00,0.000000000000000000e+00,0.000000000000000000e+00,0.000000000000000000e+00,-9.501830432614539745e-01,0.000000000000000000e+00,1.907348632812500000e-06,3.637978807091712952e-12,0.000000000000000000e+00
1.000000000000000000e+00,6.018687438964843750e+01,2.482193946838378906e+01,9.399999618530273438e+00,3.000000000000000000e+00,0.000000000000000000e+00,0.000000000000000000e+00,0.000000000000000000e+00,0.000000000000000000e+00,0.000000000000000000e+00,0.000000000000000000e+00,0.000000000000000000e+00,0.000000000000000000e+00
1.000000000000000000e+00,6.018687438964843750e+01,2.482193756103515625e+01,9.399999618530273438e+00,3.000000000000000000e+00,0.000000000000000000e+00,-9.501830432614539745e-01,0.000000000000000000e+00,0.000000000000000000e+00,1.907348632812500000e-06,0.000000000000000000e+00,3.637978807091712952e-12,0.000000000000000000e+00
1.000000000000000000e+00,6.018687438964843750e+01,2.482193756103515625e+01,9.399999618530273438e+00,3.000000000000000000e+00,0.000000000000000000e+00,0.000000000000000000e+00,0.000000000000000000e+00,-9.501830432614539745e-01,0.000000000000000000e+00,1.907348632812500000e-06,3.637978807091712952e-12,0.000000000000000000e+00
1.000000000000000000e+00,6.018687438964843750e+01,2.482193756103515625e+01,9.399999618530273438e+00,3.000000000000000000e+00,0.000000000000000000e+00,0.000000000000000000e+00,0.000000000000000000e+00,0.000000000000000000e+00,0.000000000000000000e+00,0.000000000000000000e+00,0.000000000000000000e+00,0.000000000000000000e+00
1.000000000000000000e+00,6.018687438964843750e+01,2.482193756103515625e+01,9.399999618530273438e+00,3.000000000000000000e+00,0.000000000000000000e+00,0.000000000000000000e+00,0.000000000000000000e+00,0.000000000000000000e+00,0.000000000000000000e+00,0.000000000000000000e+00,0.000000000000000000e+00,0.000000000000000000e+00
1.000000000000000000e+00,6.018724822998046875e+01,2.482135009765625000e+01,9.416666984558105469e+00,3.000000000000000000e+00,3.888484387757403238e-01,-6.110475466475919770e-01,0.000000000000000000e+00,0.000000000000000000e+00,6.963259404971090371e-04,0.000000000000000000e+00,4.848698154091833963e-07,0.000000000000000000e+00
1.000000000000000000e+00,6.018723678588867188e+01,2.482135963439941406e+01,9.433333396911621094e+00,3.000000000000000000e+00,-5.428671026589196869e-01,4.523892522157663687e-01,3.888484387757403238e-01,-6.110475466475919770e-01,1.489686904126482768e-05,6.963259404971090371e-04,4.643455794251739608e-07,0.000000000000000000e+00
1.000000000000000000e+00,6.018687438964843750e+01,2.482194137573242188e+01,9.433333396911621094e+00,3.000000000000000000e+00,-3.837977332230392280e-01,6.160963612264577227e-01,-5.428671026589196869e-01,4.523892522157663687e-01,6.853860324413661763e-04,1.489686904126482768e-05,4.495557182369677257e-07,0.000000000000000000e+00
1.000000000000000000e+00,6.018687438964843750e+01,2.482194137573242188e+01,9.433333396911621094e+00,3.000000000000000000e+00,0.000000000000000000e+00,0.000000000000000000e+00,-3.837977332230392280e-01,6.160963612264577227e-01,0.000000000000000000e+00,6.853860324413661763e-04,4.697540134657174349e-07,0.000000000000000000e+00
1.000000000000000000e+00,6.018687438964843750e+01,2.482193946838378906e+01,9.433333396911621094e+00,3.000000000000000000e+00,0.000000000000000000e+00,-9.501830432614539745e-01,0.000000000000000000e+00,0.000000000000000000e+00,1.907348632812500000e-06,0.000000000000000000e+00,3.637978807091712952e-12,0.000000000000000000e+00
1.000000000000000000e+00,6.018687438964843750e+01,2.482194137573242188e+01,9.433333396911621094e+00,3.000000000000000000e+00,0.000000000000000000e+00,9.501830432614539745e-01,0.000000000000000000e+00,-9.501830432614539745e-01,1.907348632812500000e-06,1.907348632812500000e-06,0.000000000000000000e+00,0.000000000000000000e+00
1.000000000000000000e+00,6.018687438964843750e+01,2.482193946838378906e+01,9.433333396911621094e+00,3.000000000000000000e+00,0.000000000000000000e+00,-9.501830432614539745e-01,0.000000000000000000e+00,9.501830432614539745e-01,1.907348632812500000e-06,1.907348632812500000e-06,0.000000000000000000e+00,0.000000000000000000e+00
1.000000000000000000e+00,6.018687438964843750e+01,2.482194137573242188e+01,9.449999809265136719e+00,3.000000000000000000e+00,0.000000000000000000e+00,9.501830432614539745e-01,0.000000000000000000e+00,-9.501830432614539745e-01,1.907348632812500000e-06,1.907348632812500000e-06,0.000000000000000000e+00,0.000000000000000000e+00
1.000000000000000000e+00,6.018687438964843750e+01,2.482194137573242188e+01,9.449999809265136719e+00,3.000000000000000000e+00,0.000000000000000000e+00,0.000000000000000000e+00,0.000000000000000000e+00,9.501830432614539745e-01,0.000000000000000000e+00,1.907348632812500000e-06,3.637978807091712952e-12,0.000000000000000000e+00
1.000000000000000000e+00,6.018687438964843750e+01,2.482194137573242188e+01,9.449999809265136719e+00,3.000000000000000000e+00,0.000000000000000000e+00,0.000000000000000000e+00,0.000000000000000000e+00,0.000000000000000000e+00,0.000000000000000000e+00,0.000000000000000000e+00,0.000000000000000000e+00,0.000000000000000000e+00
1.000000000000000000e+00,6.018687438964843750e+01,2.482194137573242188e+01,9.449999809265136719e+00,3.000000000000000000e+00,0.000000000000000000e+00,0.000000000000000000e+00,0.000000000000000000e+00,0.000000000000000000e+00,0.000000000000000000e+00,0.000000000000000000e+00,0.000000000000000000e+00,0.000000000000000000e+00
1.000000000000000000e+00,6.018687438964843750e+01,2.482194328308105469e+01,9.449999809265136719e+00,3.000000000000000000e+00,0.000000000000000000e+00,9.501830432614539745e-01,0.000000000000000000e+00,0.000000000000000000e+00,1.907348632812500000e-06,0.000000000000000000e+00,3.637978807091712952e-12,0.000000000000000000e+00
1.000000000000000000e+00,6.018770980834960938e+01,2.482149887084960938e+01,9.633333206176757812e+00,3.000000000000000000e+00,0.000000000000000000e+00,0.000000000000000000e+00,0.000000000000000000e+00,9.501830432614539745e-01,0.000000000000000000e+00,1.907348632812500000e-06,3.637978807091712952e-12,0.000000000000000000e+00
1.000000000000000000e+00,6.018770217895507812e+01,2.482147789001464844e+01,9.633333206176757812e+00,3.000000000000000000e+00,-2.657378455761238989e-01,-7.307790753343407220e-01,0.000000000000000000e+00,0.000000000000000000e+00,2.232494337219166885e-05,0.000000000000000000e+00,4.984030965715646744e-10,0.000000000000000000e+00
1.000000000000000000e+00,6.018767547607421875e+01,2.482148742675781250e+01,9.633333206176757812e+00,3.000000000000000000e+00,-7.348144505334668342e-01,2.624337323333810201e-01,-2.657378455761238989e-01,-7.307790753343407220e-01,2.835477590049458700e-05,2.232494337219166885e-05,3.635888031937996372e-11,0.000000000000000000e+00
1.000000000000000000e+00,6.018769836425781250e+01,2.482141113281250000e+01,9.633333206176757812e+00,3.000000000000000000e+00,2.305367929344346034e-01,-7.684559764481153632e-01,-7.348144505334668342e-01,2.624337323333810201e-01,7.965321738365593472e-05,2.835477590049458700e-05,2.631530098601328513e-09,0.000000000000000000e+00
1.000000000000000000e+00,6.018768692016601562e+01,2.482136917114257812e+01,9.649999618530273438e+00,3.000000000000000000e+00,-2.138852233714607920e-01,-7.842458190286895059e-01,2.305367929344346034e-01,-7.684559764481153632e-01,4.349424076458503410e-05,7.965321738365593472e-05,1.307471590138516030e-09,0.000000000000000000e+00
1.000000000000000000e+00,6.018763732910156250e+01,2.482135772705078125e+01,9.649999618530273438e+00,3.000000000000000000e+00,-8.111709774705122555e-01,-1.871933024931951295e-01,-2.138852233714607920e-01,-7.842458190286895059e-01,5.089440942431005177e-05,4.349424076458503410e-05,5.476249619237636742e-11,0.000000000000000000e+00
1.000000000000000000e+00,6.018763351440429688e+01,2.482136535644531250e+01,9.649999618530273438e+00,3.000000000000000000e+00,-3.304458534068174247e-01,6.608917068136348494e-01,-8.111709774705122555e-01,-1.871933024931951295e-01,8.529922399520072193e-06,5.089440942431005177e-05,1.794749760873598470e-09,0.000000000000000000e+00
1.000000000000000000e+00,6.018687057495117188e+01,2.482192802429199219e+01,9.649999618530273438e+00,3.000000000000000000e+00,-5.754961545715269189e-01,4.244284139965010527e-01,-3.304458534068174247e-01,6.608917068136348494e-01,9.479829717995098869e-04,8.529922399520072193e-06,8.825720320269396780e-07,0.000000000000000000e+00
1.000000000000000000e+00,6.018687057495117188e+01,2.482192993164062500e+01,9.649999618530273438e+00,3.000000000000000000e+00,0.000000000000000000e+00,9.501830432614539745e-01,-5.754961545715269189e-01,4.244284139965010527e-01,1.907348632812500000e-06,9.479829717995098869e-04,8.950590847502548090e-07,0.000000000000000000e+00
1.000000000000000000e+00,6.018763351440429688e+01,2.482128715515136719e+01,9.649999618530273438e+00,3.000000000000000000e+00,5.427022344275327370e-01,-4.572266325051963509e-01,0.000000000000000000e+00,9.501830432614539745e-01,9.976162710567991823e-04,1.907348632812500000e-06,9.914362581947366539e-07,0.000000000000000000e+00
1.000000000000000000e+00,6.018761444091796875e+01,2.482125473022460938e+01,9.666666984558105469e+00,3.000000000000000000e+00,-3.696525762596221676e-01,-6.284093796413576793e-01,5.427022344275327370e-01,-4.572266325051963509e-01,3.761879524863437796e-05,9.976162710567991823e-04,9.215951535580478452e-07,0.000000000000000000e+00
1.000000000000000000e+00,6.018759536743164062e+01,2.482130241394042969e+01,9.666666984558105469e+00,3.000000000000000000e+00,-2.852869356659245015e-01,7.132173391648113370e-01,-3.696525762596221676e-01,-6.284093796413576793e-01,5.135693366178993146e-05,3.761879524863437796e-05,1.887364470590201993e-10,0.000000000000000000e+00
1.000000000000000000e+00,6.018759918212890625e+01,2.482133293151855469e+01,9.666666984558105469e+00,3.000000000000000000e+00,1.107884164595070858e-01,8.863073316760566867e-01,-2.852869356659245015e-01,7.132173391648113370e-01,3.075507258719844487e-05,5.135693366178993146e-05,4.244366797367678966e-10,0.000000000000000000e+00
1.000000000000000000e+00,6.018687057495117188e+01,2.482192802429199219e+01,9.666666984558105469e+00,3.000000000000000000e+00,-5.503906969398101312e-01,4.495337629456041539e-01,1.107884164595070858e-01,8.863073316760566867e-01,9.407464209039473379e-04,3.075507258719844487e-05,8.280842540113345849e-07,0.000000000000000000e+00
1.000000000000000000e+00,6.018687057495117188e+01,2.482192802429199219e+01,9.666666984558105469e+00,3.000000000000000000e+00,0.000000000000000000e+00,0.000000000000000000e+00,-5.503906969398101312e-01,4.495337629456041539e-01,0.000000000000000000e+00,9.407464209039473379e-04,8.850038284435868263e-07,0.000000000000000000e+00
1.000000000000000000e+00,6.018687057495117188e+01,2.482192802429199219e+01,9.666666984558105469e+00,3.000000000000000000e+00,0.000000000000000000e+00,0.000000000000000000e+00,0.000000000000000000e+00,0.000000000000000000e+00,0.000000000000000000e+00,0.000000000000000000e+00,0.000000000000000000e+00,0.000000000000000000e+00
1.000000000000000000e+00,6.018774414062500000e+01,2.482117271423339844e+01,9.683333396911621094e+00,3.000000000000000000e+00,5.362668432938246799e-01,-4.636717684374554449e-01,0.000000000000000000e+00,0.000000000000000000e+00,1.154820449725272192e-03,0.000000000000000000e+00,1.333610271103679922e-06,0.000000000000000000e+00
1.000000000000000000e+00,6.018771362304687500e+01,2.482114028930664062e+01,9.683333396911621094e+00,3.000000000000000000e+00,-4.840794029635728246e-01,-5.143343656487960880e-01,5.362668432938246799e-01,-4.636717684374554449e-01,4.452750217410565275e-05,1.154820449725272192e-03,1.232750429381857426e-06,0.000000000000000000e+00
1.000000000000000000e+00,6.018764877319335938e+01,2.482117462158203125e+01,9.683333396911621094e+00,3.000000000000000000e+00,-6.531875799808980476e-01,3.458051894016518912e-01,-4.840794029635728246e-01,-5.143343656487960880e-01,7.337716698330438005e-05,4.452750217410565275e-05,8.323031596031193878e-10,0.000000000000000000e+00
1.000000000000000000e+00,6.018763351440429688e+01,2.482118988037109375e+01,9.683333396911621094e+00,3.000000000000000000e+00,-4.983669511743917258e-01,4.983669511743917258e-01,-6.531875799808980476e-01,3.458051894016518912e-01,2.157918643757774575e-05,7.337716698330438005e-05,2.683030788615475422e-09,0.000000000000000000e+00
1.000000000000000000e+00,6.018762969970703125e+01,2.482124519348144531e+01,9.683333396911621094e+00,3.000000000000000000e+00,-6.440720025095106327e-02,9.339044036387903480e-01,-4.983669511743917258e-01,4.983669511743917258e-01,5.544449559688046926e-05,2.157918643757774575e-05,1.146859164455152685e-09,0.000000000000000000e+00
1.000000000000000000e+00,6.018687057495117188e+01,2.482192611694335938e+01,9.683333396911621094e+00,3.000000000000000000e+00,-5.271157138485585980e-01,4.728148488541091266e-01,-6.440720025095106327e-02,9.339044036387903480e-01,1.019768187356120308e-03,5.544449559688046926e-05,9.299201824881694695e-07,0.000000000000000000e+00
1.000000000000000000e+00,6.018687057495117188e+01,2.482192611694335938e+01,9.699999809265136719e+00,3.000000000000000000e+00,0.000000000000000000e+00,0.000000000000000000e+00,-5.271157138485585980e-01,4.728148488541091266e-01,0.000000000000000000e+00,1.019768187356120308e-03,1.039927155943587211e-06,0.000000000000000000e+00
1.000000000000000000e+00,6.018687057495117188e+01,2.482192611694335938e+01,9.699999809265136719e+00,3.000000000000000000e+00,0.000000000000000000e+00,0.000000000000000000e+00,0.000000000000000000e+00,0.000000000000000000e+00,0.000000000000000000e+00,0.000000000000000000e+00,0.000000000000000000e+00,0.000000000000000000e+00
1.000000000000000000e+00,6.018772125244140625e+01,2.482140731811523438e+01,9.699999809265136719e+00,3.000000000000000000e+00,6.211245615384234364e-01,-3.788024231803837627e-01,0.000000000000000000e+00,0.000000000000000000e+00,9.963957127844982713e-04,0.000000000000000000e+00,9.928044164553284645e-07,0.000000000000000000e+00
1.000000000000000000e+00,6.018772506713867188e+01,2.482133293151855469e+01,9.699999809265136719e+00,3.000000000000000000e+00,4.871818936082047274e-02,-9.500046925359991734e-01,6.211245615384234364e-01,-3.788024231803837627e-01,7.448434520632413842e-05,9.963957127844982713e-04,8.499205696698593594e-07,0.000000000000000000e+00
1.000000000000000000e+00,6.018770217895507812e+01,2.482139015197753906e+01,9.699999809265136719e+00,3.000000000000000000e+00,-2.853580718743170541e-01,7.133951796857925798e-01,4.871818936082047274e-02,-9.500046925359991734e-01,6.162832039414791233e-05,7.448434520632413842e-05,1.652773739712907772e-10,0.000000000000000000e+00
1.000000000000000000e+00,6.018768310546875000e+01,2.482142448425292969e+01,9.699999809265136719e+00,3.000000000000000000e+00,-3.564753722857679774e-01,6.416556701143824037e-01,-2.853580718743170541e-01,7.133951796857925798e-01,3.927471214670944519e-05,6.162832039414791233e-05,4.996838016799490717e-10,0.000000000000000000e+00
1.000000000000000000e+00,6.018767166137695312e+01,2.482150650024414062e+01,9.716666221618652344e+00,3.000000000000000000e+00,-1.223181022180088173e-01,8.766130658957298483e-01,-3.564753722857679774e-01,6.416556701143824037e-01,8.281056726872410207e-05,3.927471214670944519e-05,1.895370681205049921e-09,0.000000000000000000e+00
1.000000000000000000e+00,6.018765640258789062e+01,2.482151985168457031e+01,9.716666221618652344e+00,3.000000000000000000e+00,-5.314756911522477978e-01,4.650412297582168231e-01,-1.223181022180088173e-01,8.766130658957298483e-01,2.027539408251695629e-05,8.281056726872410207e-05,3.910647885428920364e-09,0.000000000000000000e+00
1.000000000000000000e+00,6.018687057495117188e+01,2.482192230224609375e+01,9.716666221618652344e+00,3.000000000000000000e+00,-6.612605632458774529e-01,3.386552884584469458e-01,-5.314756911522477978e-01,4.650412297582168231e-01,8.828881747432716859e-04,2.027539408251695629e-05,7.441008093592792641e-07,0.000000000000000000e+00
1.000000000000000000e+00,6.018687057495117188e+01,2.482192230224609375e+01,9.716666221618652344e+00,3.000000000000000000e+00,0.000000000000000000e+00,0.000000000000000000e+00,-6.612605632458774529e-01,3.386552884584469458e-01,0.000000000000000000e+00,8.828881747432716859e-04,7.794915291015058756e-07,0.000000000000000000e+00
1.000000000000000000e+00,6.018687057495117188e+01,2.482192230224609375e+01,9.716666221618652344e+00,3.000000000000000000e+00,0.000000000000000000e+00,0.000000000000000000e+00,0.000000000000000000e+00,0.000000000000000000e+00,0.000000000000000000e+00,0.000000000000000000e+00,0.000000000000000000e+00,0.000000000000000000e+00
1.000000000000000000e+00,6.018687057495117188e+01,2.482192230224609375e+01,9.716666221618652344e+00,3.000000000000000000e+00,0.000000000000000000e+00,0.000000000000000000e+00,0.000000000000000000e+00,0.000000000000000000e+00,0.000000000000000000e+00,0.000000000000000000e+00,0.000000000000000000e+00,0.000000000000000000e+00
1.000000000000000000e+00,6.018687057495117188e+01,2.482192230224609375e+01,9.733333587646484375e+00,3.000000000000000000e+00,0.000000000000000000e+00,0.000000000000000000e+00,0.000000000000000000e+00,0.000000000000000000e+00,0.000000000000000000e+00,0.000000000000000000e+00,0.000000000000000000e+00,0.000000000000000000e+00
1.000000000000000000e+00,6.018687057495117188e+01,2.482192230224609375e+01,9.733333587646484375e+00,3.000000000000000000e+00,0.000000000000000000e+00,0.000000000000000000e+00,0.000000000000000000e+00,0.000000000000000000e+00,0.000000000000000000e+00,0.000000000000000000e+00,0.000000000000000000e+00,0.000000000000000000e+00
1.000000000000000000e+00,6.018687057495117188e+01,2.482192230224609375e+01,9.733333587646484375e+00,3.000000000000000000e+00,0.000000000000000000e+00,0.000000000000000000e+00,0.000000000000000000e+00,0.000000000000000000e+00,0.000000000000000000e+00,0.000000000000000000e+00,0.000000000000000000e+00,0.000000000000000000e+00
1.000000000000000000e+00,6.018687057495117188e+01,2.482192039489746094e+01,9.733333587646484375e+00,3.000000000000000000e+00,0.000000000000000000e+00,-9.501830432614539745e-01,0.000000000000000000e+00,0.000000000000000000e+00,1.907348632812500000e-06,0.000000000000000000e+00,3.637978807091712952e-12,0.000000000000000000e+00
1.000000000000000000e+00,6.018687057495117188e+01,2.482192039489746094e+01,9.733333587646484375e+00,3.000000000000000000e+00,0.000000000000000000e+00,0.000000000000000000e+00,0.000000000000000000e+00,-9.501830432614539745e-01,0.000000000000000000e+00,1.907348632812500000e-06,3.637978807091712952e-12,0.000000000000000000e+00
1.000000000000000000e+00,6.018687057495117188e+01,2.482192039489746094e+01,9.733333587646484375e+00,3.000000000000000000e+00,0.000000000000000000e+00,0.000000000000000000e+00,0.000000000000000000e+00,0.000000000000000000e+00,0.000000000000000000e+00,0.000000000000000000e+00,0.000000000000000000e+00,0.000000000000000000e+00
1.000000000000000000e+00,6.018752670288085938e+01,2.482142448425292969e+01,9.916666984558105469e+00,3.000000000000000000e+00,0.000000000000000000e+00,0.000000000000000000e+00,0.000000000000000000e+00,0.000000000000000000e+00,0.000000000000000000e+00,0.000000000000000000e+00,0.000000000000000000e+00,0.000000000000000000e+00
1.000000000000000000e+00,6.018745803833007812e+01,2.482137107849121094e+01,9.916666984558105469e+00,3.000000000000000000e+00,-5.620395771783754935e-01,-4.371418933609587110e-01,0.000000000000000000e+00,0.000000000000000000e+00,8.698848152917006821e-05,0.000000000000000000e+00,7.566995918750762939e-09,0.000000000000000000e+00
1.000000000000000000e+00,6.018747711181640625e+01,2.482126998901367188e+01,9.916666984558105469e+00,3.000000000000000000e+00,1.585981728272456426e-01,-8.405703159844017947e-01,-5.620395771783754935e-01,-4.371418933609587110e-01,1.028731274426406851e-04,8.698848152917006821e-05,2.523219757963387928e-10,0.000000000000000000e+00
1.000000000000000000e+00,6.018739318847656250e+01,2.482125854492187500e+01,9.916666984558105469e+00,3.000000000000000000e+00,-8.790782196767242818e-01,-1.198743026831896735e-01,1.585981728272456426e-01,-8.405703159844017947e-01,8.470002483815963117e-05,1.028731274426406851e-04,3.302616582729960907e-10,0.000000000000000000e+00
1.000000000000000000e+00,6.018740081787109375e+01,2.482127761840820312e+01,9.933333396911621094e+00,3.000000000000000000e+00,2.846483022208943781e-01,7.116207555522359174e-01,-8.790782196767242818e-01,-1.198743026831896735e-01,2.054277346471597191e-05,8.470002483815963117e-05,4.116152903795238025e-09,0.000000000000000000e+00
1.000000000000000000e+00,6.018735122680664062e+01,2.482121849060058594e+01,9.933333396911621094e+00,3.000000000000000000e+00,-4.557211769396222190e-01,-5.433598648126265473e-01,2.846483022208943781e-01,7.116207555522359174e-01,7.717105226190150902e-05,2.054277346471597191e-05,3.206761959531772597e-09,0.000000000000000000e+00
1.000000000000000000e+00,6.018736648559570312e+01,2.482127189636230469e+01,9.933333396911621094e+00,3.000000000000000000e+00,2.218990582959004254e-01,7.766467040356515028e-01,-4.557211769396222190e-01,-5.433598648126265473e-01,5.554283057617582744e-05,7.717105226190150902e-05,4.677799732868946867e-10,0.000000000000000000e+00
1.000000000000000000e+00,6.018740463256835938e+01,2.482127952575683594e+01,9.933333396911621094e+00,3.000000000000000000e+00,8.315168570418967064e-01,1.663033714083793357e-01,2.218990582959004254e-01,7.766467040356515028e-01,3.890243159174182504e-05,5.554283057617582744e-05,2.769028783611521886e-10,0.000000000000000000e+00
1.000000000000000000e+00,6.018741226196289062e+01,2.482142639160156250e+01,9.933333396911621094e+00,3.000000000000000000e+00,4.935077281731006793e-02,9.500023767332188562e-01,8.315168570418967064e-01,1.663033714083793357e-01,1.470638773056124455e-04,3.890243159174182504e-05,1.169889833891458130e-08,0.000000000000000000e+00
1.000000000000000000e+00,6.018687438964843750e+01,2.482193565368652344e+01,9.949999809265136719e+00,3.000000000000000000e+00,-5.136121528800711156e-01,4.862923575141099297e-01,4.935077281731006793e-02,9.500023767332188562e-01,7.407121558567284891e-04,1.470638773056124455e-04,3.524182786267034009e-07,0.000000000000000000e+00
1.000000000000000000e+00,6.018687438964843750e+01,2.482193565368652344e+01,9.966666221618652344e+00,3.000000000000000000e+00,0.000000000000000000e+00,0.000000000000000000e+00,-5.136121528800711156e-01,4.862923575141099297e-01,0.000000000000000000e+00,7.407121558567284891e-04,5.486544978339223995e-07,0.000000000000000000e+00
1.000000000000000000e+00,6.018738174438476562e+01,2.482138633728027344e+01,9.966666221618652344e+00,3.000000000000000000e+00,4.800989692909004014e-01,-5.198064028412756610e-01,0.000000000000000000e+00,0.000000000000000000e+00,7.477682412686408086e-04,0.000000000000000000e+00,5.591573426499961748e-07,0.000000000000000000e+00
1.000000000000000000e+00,6.018743515014648438e+01,2.482133865356445312e+01,9.966666221618652344e+00,3.000000000000000000e+00,5.277797950694389506e-01,-4.712319598834275869e-01,4.800989692909004014e-01,-5.198064028412756610e-01,7.159547568940528687e-05,7.477682412686408086e-04,4.572096089110717185e-07,0.000000000000000000e+00
1.000000000000000000e+00,6.018732833862304688e+01,2.482126426696777344e+01,9.966666221618652344e+00,3.000000000000000000e+00,-5.891485436719319235e-01,-4.102998786286668476e-01,5.277797950694389506e-01,-4.712319598834275869e-01,1.301616967645478624e-04,7.159547568940528687e-05,3.430002251022474479e-09,0.000000000000000000e+00
1.000000000000000000e+00,6.018733596801757812e+01,2.482119941711425781e+01,9.966666221618652344e+00,3.000000000000000000e+00,1.051181258632300497e-01,-8.935040698374553392e-01,-5.891485436719319235e-01,-4.102998786286668476e-01,6.529709918450809516e-05,1.301616967645478624e-04,4.207416019220500546e-09,0.000000000000000000e+00
1.000000000000000000e+00,6.018687438964843750e+01,2.482193756103515625e+01,9.966666221618652344e+00,3.000000000000000000e+00,-3.847056126333487369e-01,6.152110416905205437e-01,1.051181258632300497e-01,-8.935040698374553392e-01,8.705808628828443085e-04,6.529709918450809516e-05,6.484819400761577285e-07,0.000000000000000000e+00
1.000000000000000000e+00,6.018687438964843750e+01,2.482193756103515625e+01,9.983333587646484375e+00,3.000000000000000000e+00,0.000000000000000000e+00,0.000000000000000000e+00,-3.847056126333487369e-01,6.152110416905205437e-01,0.000000000000000000e+00,8.705808628828443085e-04,7.579110388178377285e-07,0.000000000000000000e+00
1.000000000000000000e+00,6.018687438964843750e+01,2.482193756103515625e+01,9.983333587646484375e+00,3.000000000000000000e+00,0.000000000000000000e+00,0.000000000000000000e+00,0.000000000000000000e+00,0.000000000000000000e+00,0.000000000000000000e+00,0.000000000000000000e+00,0.000000000000000000e+00,0.000000000000000000e+00
1.000000000000000000e+00,6.018687438964843750e+01,2.482193756103515625e+01,9.983333587646484375e+00,3.000000000000000000e+00,0.000000000000000000e+00,0.000000000000000000e+00,0.000000000000000000e+00,0.000000000000000000e+00,0.000000000000000000e+00,0.000000000000000000e+00,0.000000000000000000e+00,0.000000000000000000e+00
1.000000000000000000e+00,6.018687820434570312e+01,2.482193756103515625e+01,9.983333587646484375e+00,3.000000000000000000e+00,9.744552405423272390e-01,0.000000000000000000e+00,0.000000000000000000e+00,0.000000000000000000e+00,3.814697265625000000e-06,0.000000000000000000e+00,1.455191522836685181e-11,0.000000000000000000e+00
1.000000000000000000e+00,6.018686676025390625e+01,2.482190132141113281e+01,9.983333587646484375e+00,3.000000000000000000e+00,-2.394977368421859210e-01,-7.584095000002554210e-01,9.744552405423272390e-01,0.000000000000000000e+00,3.800365227731948011e-05,3.814697265625000000e-06,1.168884644791669095e-09,0.000000000000000000e+00
1.000000000000000000e+00,6.018684005737304688e+01,2.482187271118164062e+01,9.983333587646484375e+00,3.000000000000000000e+00,-4.818874214055383631e-01,-5.163079515059340041e-01,-2.394977368421859210e-01,-7.584095000002554210e-01,3.913552194344175863e-05,3.800365227731948011e-05,1.281128941087758186e-12,0.000000000000000000e+00
1.000000000000000000e+00,6.018682479858398438e+01,2.482180213928222656e+01,1.000000000000000000e+01,3.000000000000000000e+00,-1.775708926929151499e-01,-8.212653787047324849e-01,-4.818874214055383631e-01,-5.163079515059340041e-01,7.220265667246894906e-05,3.913552194344175863e-05,1.093435399187636138e-09,0.000000000000000000e+00
1.000000000000000000e+00,6.018674850463867188e+01,2.482151412963867188e+01,1.000000000000000000e+01,3.000000000000000000e+00,-2.093666134015669811e-01,-7.903589655909153411e-01,-1.775708926929151499e-01,-8.212653787047324849e-01,2.979434860369410579e-04,7.220265667246894906e-05,5.095892204215970988e-08,0.000000000000000000e+00
1.000000000000000000e+00,6.018671798706054688e+01,2.482138824462890625e+01,1.000000000000000000e+01,3.000000000000000000e+00,-1.949972747180885313e-01,-8.043637582121152541e-01,-2.093666134015669811e-01,-7.903589655909153411e-01,1.295313022335025516e-04,2.979434860369410579e-04,2.836266365344315592e-08,0.000000000000000000e+00
1.000000000000000000e+00,6.018763351440429688e+01,2.482252120971679688e+01,1.781666755676269531e+01,3.000000000000000000e+00,0.000000000000000000e+00,0.000000000000000000e+00,-1.949972747180885313e-01,-8.043637582121152541e-01,0.000000000000000000e+00,1.295313022335025516e-04,1.677835825830698344e-08,0.000000000000000000e+00
1.000000000000000000e+00,6.018752670288085938e+01,2.482273674011230469e+01,1.781666755676269531e+01,3.000000000000000000e+00,-3.312581806573843268e-01,6.684316859693647528e-01,0.000000000000000000e+00,0.000000000000000000e+00,2.405453240593000868e-04,0.000000000000000000e+00,5.786205292679369450e-08,0.000000000000000000e+00
1.000000000000000000e+00,6.018674850463867188e+01,2.482136726379394531e+01,1.781666755676269531e+01,3.000000000000000000e+00,-3.623277118941906627e-01,-6.376257282843845742e-01,-3.312581806573843268e-01,6.684316859693647528e-01,1.575137419621177974e-03,2.405453240593000868e-04,1.781136061536244732e-06,0.000000000000000000e+00
1.000000000000000000e+00,6.018698501586914062e+01,2.482043266296386719e+01,1.781666755676269531e+01,3.000000000000000000e+00,2.019371541976058559e-01,-7.979774641679586722e-01,-3.623277118941906627e-01,-6.376257282843845742e-01,9.640623806168159646e-04,1.575137419621177974e-03,3.734127032941825543e-07,0.000000000000000000e+00
1.000000000000000000e+00,6.018681335449218750e+01,2.482018089294433594e+01,1.781666755676269531e+01,3.000000000000000000e+00,-4.053096851332436135e-01,-5.944542048620906627e-01,2.019371541976058559e-01,-7.979774641679586722e-01,3.047224492422717472e-04,9.640623806168159646e-04,4.347291451049886729e-07,0.000000000000000000e+00
1.000000000000000000e+00,6.018676376342773438e+01,2.482012557983398438e+01,1.783333396911621094e+01,3.000000000000000000e+00,-4.722770741769707348e-01,-5.267705827358519777e-01,-4.053096851332436135e-01,-5.944542048620906627e-01,7.428871953640154831e-05,3.047224492422717472e-04,5.309970378615805283e-08,0.000000000000000000e+00
1.000000000000000000e+00,6.018676376342773438e+01,2.482012557983398438e+01,1.783333396911621094e+01,3.000000000000000000e+00,0.000000000000000000e+00,0.000000000000000000e+00,-4.722770741769707348e-01,-5.267705827358519777e-01,0.000000000000000000e+00,7.428871953640154831e-05,5.518813850358129375e-09,0.000000000000000000e+00
1.000000000000000000e+00,6.018675994873046875e+01,2.481984519958496094e+01,1.783333396911621094e+01,3.000000000000000000e+00,-1.341809735072227103e-02,-9.862301552780869951e-01,0.000000000000000000e+00,0.000000000000000000e+00,2.804061981441801255e-04,0.000000000000000000e+00,7.862763595767320526e-08,0.000000000000000000e+00
1.000000000000000000e+00,6.018675994873046875e+01,2.481984519958496094e+01,1.783333396911621094e+01,3.000000000000000000e+00,0.000000000000000000e+00,0.000000000000000000e+00,-1.341809735072227103e-02,-9.862301552780869951e-01,0.000000000000000000e+00,2.804061981441801255e-04,7.862763595767320526e-08,0.000000000000000000e+00
1.000000000000000000e+00,6.018669509887695312e+01,2.481237030029296875e+01,1.783333396911621094e+01,3.000000000000000000e+00,-8.600948409460164312e-03,-9.913857887257171431e-01,0.000000000000000000e+00,0.000000000000000000e+00,7.475180595071018175e-03,0.000000000000000000e+00,5.587832492892630398e-05,0.000000000000000000e+00
1.000000000000000000e+00,6.018666458129882812e+01,2.481227874755859375e+01,1.783333396911621094e+01,3.000000000000000000e+00,-2.497953676348335372e-01,-7.493861029045005839e-01,-8.600948409460164312e-03,-9.913857887257171431e-01,9.650505554713072274e-05,7.475180595071018175e-03,5.444485271756813524e-05,0.000000000000000000e+00
1.000000000000000000e+00,6.018666458129882812e+01,2.481227874755859375e+01,1.785000038146972656e+01,3.000000000000000000e+00,0.000000000000000000e+00,0.000000000000000000e+00,-2.497953676348335372e-01,-7.493861029045005839e-01,0.000000000000000000e+00,9.650505554713072274e-05,9.313225746154786811e-09,0.000000000000000000e+00
1.000000000000000000e+00,6.018587875366210938e+01,2.481077766418457031e+01,1.785000038146972656e+01,3.000000000000000000e+00,-3.436046582319386977e-01,-6.563516165741158925e-01,0.000000000000000000e+00,0.000000000000000000e+00,1.694336557594317786e-03,0.000000000000000000e+00,2.870776370400562882e-06,0.000000000000000000e+00
1.000000000000000000e+00,6.018593597412109375e+01,2.481081390380859375e+01,1.785000038146972656e+01,3.000000000000000000e+00,6.115905110900441422e-01,3.873406570236945790e-01,-3.436046582319386977e-01,-6.563516165741158925e-01,6.773102151704674947e-05,1.694336557594317786e-03,2.645845569997226459e-06,0.000000000000000000e+00
1.000000000000000000e+00,6.018590164184570312e+01,2.481065940856933594e+01,1.785000038146972656e+01,3.000000000000000000e+00,-1.817219448131291160e-01,-8.177487516590810079e-01,6.115905110900441422e-01,3.873406570236945790e-01,1.582639696419448473e-04,6.773102151704674947e-05,8.196214696185489712e-09,0.000000000000000000e+00
1.000000000000000000e+00,6.018570327758789062e+01,2.480979919433593750e+01,1.785000038146972656e+01,3.000000000000000000e+00,-1.873696872651176848e-01,-8.125358553516160987e-01,-1.817219448131291160e-01,-8.177487516590810079e-01,8.827892761688745874e-04,1.582639696419448473e-04,5.249369197979414932e-07,0.000000000000000000e+00
1.000000000000000000e+00,6.018564605712890625e+01,2.480954360961914062e+01,1.785000038146972656e+01,3.000000000000000000e+00,-1.828683684809913612e-01,-8.168120458817613727e-01,-1.873696872651176848e-01,-8.125358553516160987e-01,2.619116805079936311e-04,8.827892761688745874e-04,3.854889887936364414e-07,0.000000000000000000e+00
1.000000000000000000e+00,6.018561935424804688e+01,2.480942535400390625e+01,1.786666679382324219e+01,3.000000000000000000e+00,-1.840835358041846004e-01,-8.152270871328175517e-01,-1.828683684809913612e-01,-8.168120458817613727e-01,1.212329756322532977e-04,2.619116805079936311e-04,1.979049800551564739e-08,0.000000000000000000e+00
1.000000000000000000e+00,6.018561935424804688e+01,2.480942535400390625e+01,1.786666679382324219e+01,3.000000000000000000e+00,0.000000000000000000e+00,0.000000000000000000e+00,-1.840835358041846004e-01,-8.152270871328175517e-01,0.000000000000000000e+00,1.212329756322532977e-04,1.469743438065052198e-08,0.000000000000000000e+00
1.000000000000000000e+00,6.018489456176757812e+01,2.480450057983398438e+01,1.786666679382324219e+01,3.000000000000000000e+00,-1.282894240173687028e-01,-8.716928758232788121e-01,0.000000000000000000e+00,0.000000000000000000e+00,4.977823295826574318e-03,0.000000000000000000e+00,2.477872476447373967e-05,0.000000000000000000e+00
1.000000000000000000e+00,6.018473052978515625e+01,2.480506896972656250e+01,1.786666679382324219e+01,3.000000000000000000e+00,-2.239277597298715561e-01,7.759357255756014204e-01,-1.282894240173687028e-01,-8.716928758232788121e-01,5.915856330593423015e-04,4.977823295826574318e-03,1.923908083427775130e-05,0.000000000000000000e+00
1.000000000000000000e+00,6.018500137329101562e+01,2.480439949035644531e+01,1.786666679382324219e+01,3.000000000000000000e+00,2.880018263891371277e-01,-7.118918384689235657e-01,-2.239277597298715561e-01,7.759357255756014204e-01,7.221903015678785747e-04,5.915856330593423015e-04,1.705757943622464567e-08,0.000000000000000000e+00
1.000000000000000000e+00,6.018496322631835938e+01,2.480407333374023438e+01,1.786666679382324219e+01,3.000000000000000000e+00,-1.046833067007834905e-01,-8.950422722916988594e-01,2.880018263891371277e-01,-7.118918384689235657e-01,3.283798559915109168e-04,7.221903015678785747e-04,1.550866670450572301e-07,0.000000000000000000e+00
1.000000000000000000e+00,6.018496322631835938e+01,2.480407333374023438e+01,1.788333320617675781e+01,3.000000000000000000e+00,0.000000000000000000e+00,0.000000000000000000e+00,-1.046833067007834905e-01,-8.950422722916988594e-01,0.000000000000000000e+00,3.283798559915109168e-04,1.078333298210054504e-07,0.000000000000000000e+00
1.000000000000000000e+00,6.018405532836914062e+01,2.479987335205078125e+01,1.788333320617675781e+01,3.000000000000000000e+00,-1.777411057681530515e-01,-8.222393170199012724e-01,0.000000000000000000e+00,0.000000000000000000e+00,4.296990211524472948e-03,0.000000000000000000e+00,1.846412487793713469e-05,0.000000000000000000e+00
1.000000000000000000e+00,6.018400573730468750e+01,2.479981231689453125e+01,1.788333320617675781e+01,3.000000000000000000e+00,-4.478710113847984009e-01,-5.512258601659056900e-01,-1.777411057681530515e-01,-8.222393170199012724e-01,7.864199877963372733e-05,4.296990211524472948e-03,1.779446164396757964e-05,0.000000000000000000e+00
1.000000000000000000e+00,6.018400573730468750e+01,2.479981231689453125e+01,1.788333320617675781e+01,3.000000000000000000e+00,0.000000000000000000e+00,0.000000000000000000e+00,-4.478710113847984009e-01,-5.512258601659056900e-01,0.000000000000000000e+00,7.864199877963372733e-05,6.184563972055912845e-09,0.000000000000000000e+00
1.000000000000000000e+00,6.018273162841796875e+01,2.479451560974121094e+01,1.788333320617675781e+01,3.000000000000000000e+00,-1.939012580521688733e-01,-8.060835233695703428e-01,0.000000000000000000e+00,0.000000000000000000e+00,5.447794060282589411e-03,0.000000000000000000e+00,2.967846012325026095e-05,0.000000000000000000e+00
1.000000000000000000e+00,6.018283462524414062e+01,2.479420661926269531e+01,1.788333320617675781e+01,3.000000000000000000e+00,2.499393332439130699e-01,-7.498179997317392376e-01,-1.939012580521688733e-01,-8.060835233695703428e-01,3.257045624715661876e-04,5.447794060282589411e-03,2.623580082358597796e-05,0.000000000000000000e+00
1.000000000000000000e+00,6.018283462524414062e+01,2.479420661926269531e+01,1.789999961853027344e+01,3.000000000000000000e+00,0.000000000000000000e+00,0.000000000000000000e+00,2.499393332439130699e-01,-7.498179997317392376e-01,0.000000000000000000e+00,3.257045624715661876e-04,1.060834620147943629e-07,0.000000000000000000e+00
1.000000000000000000e+00,6.018295669555664062e+01,2.478902626037597656e+01,1.789999961853027344e+01,3.000000000000000000e+00,2.302114857151286650e-02,-9.769599925035773458e-01,0.000000000000000000e+00,0.000000000000000000e+00,5.181796923500551003e-03,0.000000000000000000e+00,2.685101935639977455e-05,0.000000000000000000e+00
1.000000000000000000e+00,6.018300628662109375e+01,2.478834915161132812e+01,1.789999961853027344e+01,3.000000000000000000e+00,6.823208050891710341e-02,-9.316303300255989184e-01,2.302114857151286650e-02,-9.769599925035773458e-01,6.789223466916722129e-04,5.181796923500551003e-03,2.027587945447173926e-05,0.000000000000000000e+00
1.000000000000000000e+00,6.018300628662109375e+01,2.478834915161132812e+01,1.789999961853027344e+01,3.000000000000000000e+00,0.000000000000000000e+00,0.000000000000000000e+00,6.823208050891710341e-02,-9.316303300255989184e-01,0.000000000000000000e+00,6.789223466916722129e-04,4.609355528373271756e-07,0.000000000000000000e+00
1.000000000000000000e+00,6.018268203735351562e+01,2.478465652465820312e+01,1.789999961853027344e+01,3.000000000000000000e+00,-8.071973787322268834e-02,-9.192553677797595801e-01,0.000000000000000000e+00,0.000000000000000000e+00,3.706835766859677226e-03,0.000000000000000000e+00,1.374063140247017145e-05,0.000000000000000000e+00
1.000000000000000000e+00,6.018268203735351562e+01,2.478465652465820312e+01,1.789999961853027344e+01,3.000000000000000000e+00,0.000000000000000000e+00,0.000000000000000000e+00,-8.071973787322268834e-02,-9.192553677797595801e-01,0.000000000000000000e+00,3.706835766859677226e-03,1.374063140247017145e-05,0.000000000000000000e+00
1.000000000000000000e+00,6.018194580078125000e+01,2.478252220153808594e+01,1.791666603088378906e+01,3.000000000000000000e+00,-2.564694708394732459e-01,-7.434956939621000238e-01,0.000000000000000000e+00,0.000000000000000000e+00,2.257737688795623514e-03,0.000000000000000000e+00,5.097379471408204091e-06,0.000000000000000000e+00
1.000000000000000000e+00,6.018194580078125000e+01,2.478252220153808594e+01,1.791666603088378906e+01,3.000000000000000000e+00,0.000000000000000000e+00,0.000000000000000000e+00,-2.564694708394732459e-01,-7.434956939621000238e-01,0.000000000000000000e+00,2.257737688795623514e-03,5.097379471408204091e-06,0.000000000000000000e+00
1.000000000000000000e+00,6.018194580078125000e+01,2.478252220153808594e+01,1.791666603088378906e+01,3.000000000000000000e+00,0.000000000000000000e+00,0.000000000000000000e+00,0.000000000000000000e+00,0.000000000000000000e+00,0.000000000000000000e+00,0.000000000000000000e+00,0.000000000000000000e+00,0.000000000000000000e+00
1.000000000000000000e+00,6.018194580078125000e+01,2.478252220153808594e+01,1.791666603088378906e+01,3.000000000000000000e+00,0.000000000000000000e+00,0.000000000000000000e+00,0.000000000000000000e+00,0.000000000000000000e+00,0.000000000000000000e+00,0.000000000000000000e+00,0.000000000000000000e+00,0.000000000000000000e+00
1.000000000000000000e+00,6.018194580078125000e+01,2.478252220153808594e+01,1.791666603088378906e+01,3.000000000000000000e+00,0.000000000000000000e+00,0.000000000000000000e+00,0.000000000000000000e+00,0.000000000000000000e+00,0.000000000000000000e+00,0.000000000000000000e+00,0.000000000000000000e+00,0.000000000000000000e+00
1.000000000000000000e+00,6.018194580078125000e+01,2.478252220153808594e+01,1.791666603088378906e+01,3.000000000000000000e+00,0.000000000000000000e+00,0.000000000000000000e+00,0.000000000000000000e+00,0.000000000000000000e+00,0.000000000000000000e+00,0.000000000000000000e+00,0.000000000000000000e+00,0.000000000000000000e+00
1.000000000000000000e+00,6.018194580078125000e+01,2.478252220153808594e+01,1.793333244323730469e+01,3.000000000000000000e+00,0.000000000000000000e+00,0.000000000000000000e+00,0.000000000000000000e+00,0.000000000000000000e+00,0.000000000000000000e+00,0.000000000000000000e+00,0.000000000000000000e+00,0.000000000000000000e+00
1.000000000000000000e+00,6.018194580078125000e+01,2.478252220153808594e+01,1.793333244323730469e+01,3.000000000000000000e+00,0.000000000000000000e+00,0.000000000000000000e+00,0.000000000000000000e+00,0.000000000000000000e+00,0.000000000000000000e+00,0.000000000000000000e+00,0.000000000000000000e+00,0.000000000000000000e+00
1.000000000000000000e+00,6.018194580078125000e+01,2.478252220153808594e+01,1.793333244323730469e+01,3.000000000000000000e+00,0.000000000000000000e+00,0.000000000000000000e+00,0.000000000000000000e+00,0.000000000000000000e+00,0.000000000000000000e+00,0.000000000000000000e+00,0.000000000000000000e+00,0.000000000000000000e+00
1.000000000000000000e+00,6.018239593505859375e+01,2.476993751525878906e+01,1.793333244323730469e+01,3.000000000000000000e+00,3.453295134310808284e-02,-9.654593769568946549e-01,0.000000000000000000e+00,0.000000000000000000e+00,1.259273400084202563e-02,0.000000000000000000e+00,1.585769496159628034e-04,0.000000000000000000e+00
1.000000000000000000e+00,6.018216705322265625e+01,2.477011680603027344e+01,1.793333244323730469e+01,3.000000000000000000e+00,-5.606103171673051389e-01,4.391447484477223329e-01,3.453295134310808284e-02,-9.654593769568946549e-01,2.907440034834476951e-04,1.259273400084202563e-02,1.513389578951105285e-04,0.000000000000000000e+00
1.000000000000000000e+00,6.018196868896484375e+01,2.477026939392089844e+01,1.793333244323730469e+01,3.000000000000000000e+00,-5.650563846294648362e-01,4.346587574072806603e-01,-5.606103171673051389e-01,4.391447484477223329e-01,2.502627482125355045e-04,2.907440034834476951e-04,1.638732028308755962e-09,0.000000000000000000e+00
1.000000000000000000e+00,6.018125915527343750e+01,2.475972938537597656e+01,1.795000076293945312e+01,3.000000000000000000e+00,-6.307166721400034315e-02,-9.369194436144243632e-01,-5.650563846294648362e-01,4.346587574072806603e-01,1.056386379059606750e-02,2.502627482125355045e-04,1.063703664614547008e-04,0.000000000000000000e+00
1.000000000000000000e+00,6.018122863769531250e+01,2.475931167602539062e+01,1.795000076293945312e+01,3.000000000000000000e+00,-6.806991989695194978e-02,-9.317070285895296955e-01,-6.307166721400034315e-02,-9.369194436144243632e-01,4.188226643121657788e-04,1.056386379059606750e-02,1.029218594539917526e-04,0.000000000000000000e+00
1.000000000000000000e+00,6.018122863769531250e+01,2.475931167602539062e+01,1.795000076293945312e+01,3.000000000000000000e+00,0.000000000000000000e+00,0.000000000000000000e+00,-6.806991989695194978e-02,-9.317070285895296955e-01,0.000000000000000000e+00,4.188226643121657788e-04,1.754124241415410969e-07,0.000000000000000000e+00
1.000000000000000000e+00,6.018122863769531250e+01,2.475931167602539062e+01,1.795000076293945312e+01,3.000000000000000000e+00,0.000000000000000000e+00,0.000000000000000000e+00,0.000000000000000000e+00,0.000000000000000000e+00,0.000000000000000000e+00,0.000000000000000000e+00,0.000000000000000000e+00,0.000000000000000000e+00
1.000000000000000000e+00,6.018172073364257812e+01,2.475440788269042969e+01,1.795000076293945312e+01,3.000000000000000000e+00,9.119661317462254835e-02,-9.087848545424594970e-01,0.000000000000000000e+00,0.000000000000000000e+00,4.928422414254136213e-03,0.000000000000000000e+00,2.428934749332256954e-05,0.000000000000000000e+00
1.000000000000000000e+00,6.018172073364257812e+01,2.475440788269042969e+01,1.795000076293945312e+01,3.000000000000000000e+00,0.000000000000000000e+00,0.000000000000000000e+00,9.119661317462254835e-02,-9.087848545424594970e-01,0.000000000000000000e+00,4.928422414254136213e-03,2.428934749332256954e-05,0.000000000000000000e+00
1.000000000000000000e+00,6.018172073364257812e+01,2.475440788269042969e+01,1.796666717529296875e+01,3.000000000000000000e+00,0.000000000000000000e+00,0.000000000000000000e+00,0.000000000000000000e+00,0.000000000000000000e+00,0.000000000000000000e+00,0.000000000000000000e+00,0.000000000000000000e+00,0.000000000000000000e+00
1.000000000000000000e+00,6.018172073364257812e+01,2.475440788269042969e+01,1.796666717529296875e+01,3.000000000000000000e+00,0.000000000000000000e+00,0.000000000000000000e+00,0.000000000000000000e+00,0.000000000000000000e+00,0.000000000000000000e+00,0.000000000000000000e+00,0.000000000000000000e+00,0.000000000000000000e+00
1.000000000000000000e+00,6.018172073364257812e+01,2.475440788269042969e+01,1.796666717529296875e+01,3.000000000000000000e+00,0.000000000000000000e+00,0.000000000000000000e+00,0.000000000000000000e+00,0.000000000000000000e+00,0.000000000000000000e+00,0.000000000000000000e+00,0.000000000000000000e+00,0.000000000000000000e+00
1.000000000000000000e+00,6.018172073364257812e+01,2.475440788269042969e+01,1.796666717529296875e+01,3.000000000000000000e+00,0.000000000000000000e+00,0.000000000000000000e+00,0.000000000000000000e+00,0.000000000000000000e+00,0.000000000000000000e+00,0.000000000000000000e+00,0.000000000000000000e+00,0.000000000000000000e+00
1.000000000000000000e+00,6.018172073364257812e+01,2.475440788269042969e+01,1.796666717529296875e+01,3.000000000000000000e+00,0.000000000000000000e+00,0.000000000000000000e+00,0.000000000000000000e+00,0.000000000000000000e+00,0.000000000000000000e+00,0.000000000000000000e+00,0.000000000000000000e+00,0.000000000000000000e+00
1.000000000000000000e+00,6.018172073364257812e+01,2.475440788269042969e+01,1.796666717529296875e+01,3.000000000000000000e+00,0.000000000000000000e+00,0.000000000000000000e+00,0.000000000000000000e+00,0.000000000000000000e+00,0.000000000000000000e+00,0.000000000000000000e+00,0.000000000000000000e+00,0.000000000000000000e+00
1.000000000000000000e+00,6.018679428100585938e+01,2.474767112731933594e+01,1.798333358764648438e+01,3.000000000000000000e+00,4.295829259500471564e-01,-5.704086069381829605e-01,0.000000000000000000e+00,0.000000000000000000e+00,8.433549417500237760e-03,0.000000000000000000e+00,7.112475577741859988e-05,0.000000000000000000e+00
1.000000000000000000e+00,6.018101119995117188e+01,2.474930000305175781e+01,1.798333358764648438e+01,3.000000000000000000e+00,-7.802262207090889801e-01,2.197602877590903447e-01,4.295829259500471564e-01,-5.704086069381829605e-01,6.008099752563899471e-03,8.433549417500237760e-03,5.882806077139795744e-06,0.000000000000000000e+00
1.000000000000000000e+00,6.018101119995117188e+01,2.474930000305175781e+01,1.798333358764648438e+01,3.000000000000000000e+00,0.000000000000000000e+00,0.000000000000000000e+00,-7.802262207090889801e-01,2.197602877590903447e-01,0.000000000000000000e+00,6.008099752563899471e-03,3.609726263675838709e-05,0.000000000000000000e+00
1.000000000000000000e+00,6.018101119995117188e+01,2.474930000305175781e+01,1.798333358764648438e+01,3.000000000000000000e+00,0.000000000000000000e+00,0.000000000000000000e+00,0.000000000000000000e+00,0.000000000000000000e+00,0.000000000000000000e+00,0.000000000000000000e+00,0.000000000000000000e+00,0.000000000000000000e+00
1.000000000000000000e+00,6.018101119995117188e+01,2.474930000305175781e+01,1.798333358764648438e+01,3.000000000000000000e+00,0.000000000000000000e+00,0.000000000000000000e+00,0.000000000000000000e+00,0.000000000000000000e+00,0.000000000000000000e+00,0.000000000000000000e+00,0.000000000000000000e+00,0.000000000000000000e+00
1.000000000000000000e+00,6.018101119995117188e+01,2.474930000305175781e+01,1.798333358764648438e+01,3.000000000000000000e+00,0.000000000000000000e+00,0.000000000000000000e+00,0.000000000000000000e+00,0.000000000000000000e+00,0.000000000000000000e+00,0.000000000000000000e+00,0.000000000000000000e+00,0.000000000000000000e+00
1.000000000000000000e+00,6.017816543579101562e+01,2.474127388000488281e+01,1.800000000000000000e+01,3.000000000000000000e+00,-2.617519783610310347e-01,-7.382388236884843691e-01,0.000000000000000000e+00,0.000000000000000000e+00,8.515692856063319244e-03,0.000000000000000000e+00,7.251702481880785390e-05,0.000000000000000000e+00
1.000000000000000000e+00,6.017816543579101562e+01,2.474127388000488281e+01,1.800000000000000000e+01,3.000000000000000000e+00,0.000000000000000000e+00,0.000000000000000000e+00,-2.617519783610310347e-01,-7.382388236884843691e-01,0.000000000000000000e+00,8.515692856063319244e-03,7.251702481880785390e-05,0.000000000000000000e+00
1.000000000000000000e+00,6.017636108398437500e+01,2.474290657043457031e+01,1.800000000000000000e+01,3.000000000000000000e+00,-5.249569795424589014e-01,4.750139265204491035e-01,0.000000000000000000e+00,0.000000000000000000e+00,2.433385189673110700e-03,0.000000000000000000e+00,5.921363481320440769e-06,0.000000000000000000e+00
1.000000000000000000e+00,6.017636108398437500e+01,2.474290657043457031e+01,1.800000000000000000e+01,3.000000000000000000e+00,0.000000000000000000e+00,0.000000000000000000e+00,-5.249569795424589014e-01,4.750139265204491035e-01,0.000000000000000000e+00,2.433385189673110700e-03,5.921363481320440769e-06,0.000000000000000000e+00
1.000000000000000000e+00,6.017636108398437500e+01,2.474290657043457031e+01,1.800000000000000000e+01,3.000000000000000000e+00,0.000000000000000000e+00,0.000000000000000000e+00,0.000000000000000000e+00,0.000000000000000000e+00,0.000000000000000000e+00,0.000000000000000000e+00,0.000000000000000000e+00,0.000000000000000000e+00
1.000000000000000000e+00,6.017392730712890625e+01,2.474515151977539062e+01,1.800000000000000000e+01,3.000000000000000000e+00,-5.201682544649899320e-01,4.798103726530510427e-01,0.000000000000000000e+00,0.000000000000000000e+00,3.311052298751095135e-03,0.000000000000000000e+00,1.096306732506491074e-05,0.000000000000000000e+00
1.000000000000000000e+00,6.017392730712890625e+01,2.474515151977539062e+01,1.801666641235351562e+01,3.000000000000000000e+00,0.000000000000000000e+00,0.000000000000000000e+00,-5.201682544649899320e-01,4.798103726530510427e-01,0.000000000000000000e+00,3.311052298751095135e-03,1.096306732506491074e-05,0.000000000000000000e+00
1.000000000000000000e+00,6.017224884033203125e+01,2.474498939514160156e+01,1.801666641235351562e+01,3.000000000000000000e+00,-9.118675563505301840e-01,-8.807811623840347548e-02,0.000000000000000000e+00,0.000000000000000000e+00,1.686278501639945551e-03,0.000000000000000000e+00,2.843535185093059712e-06,0.000000000000000000e+00
1.000000000000000000e+00,6.017220687866210938e+01,2.474511337280273438e+01,1.801666641235351562e+01,3.000000000000000000e+00,-2.527212658310114546e-01,7.466764672279884163e-01,-9.118675563505301840e-01,-8.807811623840347548e-02,1.308863713401623753e-04,1.686278501639945551e-03,2.419244678998497822e-06,0.000000000000000000e+00
1.000000000000000000e+00,6.017220687866210938e+01,2.474511337280273438e+01,1.801666641235351562e+01,3.000000000000000000e+00,0.000000000000000000e+00,0.000000000000000000e+00,-2.527212658310114546e-01,7.466764672279884163e-01,0.000000000000000000e+00,1.308863713401623753e-04,1.713124220259487960e-08,0.000000000000000000e+00
1.000000000000000000e+00,6.016920852661132812e+01,2.474649429321289062e+01,1.801666641235351562e+01,3.000000000000000000e+00,-6.846533555950130578e-01,3.153238100831994295e-01,0.000000000000000000e+00,0.000000000000000000e+00,3.301068948024296103e-03,0.000000000000000000e+00,1.089705619961023331e-05,0.000000000000000000e+00
1.000000000000000000e+00,6.016920852661132812e+01,2.474649429321289062e+01,1.801666641235351562e+01,3.000000000000000000e+00,0.000000000000000000e+00,0.000000000000000000e+00,-6.846533555950130578e-01,3.153238100831994295e-01,0.000000000000000000e+00,3.301068948024296103e-03,1.089705619961023331e-05,0.000000000000000000e+00
1.000000000000000000e+00,6.016967010498046875e+01,2.474539947509765625e+01,1.803333282470703125e+01,3.000000000000000000e+00,2.965495738501256473e-01,-7.033861792974054339e-01,0.000000000000000000e+00,0.000000000000000000e+00,1.188141951243145214e-03,0.000000000000000000e+00,1.411681296303868506e-06,0.000000000000000000e+00
1.000000000000000000e+00,6.016967010498046875e+01,2.474539947509765625e+01,1.803333282470703125e+01,3.000000000000000000e+00,0.000000000000000000e+00,0.000000000000000000e+00,2.965495738501256473e-01,-7.033861792974054339e-01,0.000000000000000000e+00,1.188141951243145214e-03,1.411681296303868506e-06,0.000000000000000000e+00
1.000000000000000000e+00,6.016921234130859375e+01,2.474650001525878906e+01,1.803333282470703125e+01,3.000000000000000000e+00,-2.937388000332935012e-01,7.061970317467098912e-01,0.000000000000000000e+00,0.000000000000000000e+00,1.191946402131706341e-03,0.000000000000000000e+00,1.420736225554719356e-06,0.000000000000000000e+00
1.000000000000000000e+00,6.016921234130859375e+01,2.474650001525878906e+01,1.803333282470703125e+01,3.000000000000000000e+00,0.000000000000000000e+00,0.000000000000000000e+00,-2.937388000332935012e-01,7.061970317467098912e-01,0.000000000000000000e+00,1.191946402131706341e-03,1.420736225554719356e-06,0.000000000000000000e+00
1.000000000000000000e+00,6.016921234130859375e+01,2.474650001525878906e+01,1.803333282470703125e+01,3.000000000000000000e+00,0.000000000000000000e+00,0.000000000000000000e+00,0.000000000000000000e+00,0.000000000000000000e+00,0.000000000000000000e+00,0.000000000000000000e+00,0.000000000000000000e+00,0.000000000000000000e+00
1.000000000000000000e+00,6.016920852661132812e+01,2.474649238586425781e+01,1.803333282470703125e+01,3.000000000000000000e+00,-3.304458534068174247e-01,-6.608917068136348494e-01,0.000000000000000000e+00,0.000000000000000000e+00,8.529922399520072193e-06,0.000000000000000000e+00,7.275957614183427196e-11,0.000000000000000000e+00
1.000000000000000000e+00,6.016930770874023438e+01,2.474625205993652344e+01,1.804999923706054688e+01,3.000000000000000000e+00,2.920488102883997406e-01,-7.076567326218916598e-01,-3.304458534068174247e-01,-6.608917068136348494e-01,2.599877809354970851e-04,8.529922399520072193e-06,6.323105461949943935e-08,0.000000000000000000e+00
1.000000000000000000e+00,6.016938400268554688e+01,2.474609947204589844e+01,1.804999923706054688e+01,3.000000000000000000e+00,3.331877613791350279e-01,-6.663755227582700558e-01,2.920488102883997406e-01,-7.076567326218916598e-01,1.705984479904014439e-04,2.599877809354970851e-04,7.990452844369160224e-09,0.000000000000000000e+00
1.000000000000000000e+00,6.016844558715820312e+01,2.474349021911621094e+01,1.804999923706054688e+01,3.000000000000000000e+00,-2.645086731869221719e-01,-7.354631400807104535e-01,3.331877613791350279e-01,-6.663755227582700558e-01,2.772872978165904188e-03,1.705984479904014439e-04,6.771832730400134175e-06,0.000000000000000000e+00
1.000000000000000000e+00,6.016807174682617188e+01,2.474258804321289062e+01,1.804999923706054688e+01,3.000000000000000000e+00,-2.929516306390845259e-01,-7.069700065933008926e-01,-2.645086731869221719e-01,-7.354631400807104535e-01,9.765643626433728741e-04,2.772872978165904188e-03,3.226724642200473411e-06,0.000000000000000000e+00
1.000000000000000000e+00,6.016807174682617188e+01,2.474258804321289062e+01,1.804999923706054688e+01,3.000000000000000000e+00,0.000000000000000000e+00,0.000000000000000000e+00,-2.929516306390845259e-01,-7.069700065933008926e-01,0.000000000000000000e+00,9.765643626433728741e-04,9.536779543850570917e-07,0.000000000000000000e+00
1.000000000000000000e+00,6.016676712036132812e+01,2.474009132385253906e+01,1.804999923706054688e+01,3.000000000000000000e+00,-3.431921760391575260e-01,-6.567815181802005853e-01,0.000000000000000000e+00,0.000000000000000000e+00,2.817029956731915020e-03,0.000000000000000000e+00,7.935657777125015855e-06,0.000000000000000000e+00
1.000000000000000000e+00,6.016572570800781250e+01,2.473317527770996094e+01,1.806666755676269531e+01,3.000000000000000000e+00,-1.308708385903590010e-01,-8.691165947411020332e-01,-3.431921760391575260e-01,-6.567815181802005853e-01,6.994014150423540598e-03,2.817029956731915020e-03,1.744719695434967740e-05,0.000000000000000000e+00
1.000000000000000000e+00,6.016572570800781250e+01,2.473317527770996094e+01,1.806666755676269531e+01,3.000000000000000000e+00,0.000000000000000000e+00,0.000000000000000000e+00,-1.308708385903590010e-01,-8.691165947411020332e-01,0.000000000000000000e+00,6.994014150423540598e-03,4.891623393632472239e-05,0.000000000000000000e+00
1.000000000000000000e+00,6.016564941406250000e+01,2.473280525207519531e+01,1.806666755676269531e+01,3.000000000000000000e+00,-1.709018795706682137e-01,-8.288741159177408502e-01,0.000000000000000000e+00,0.000000000000000000e+00,3.778091270404282539e-04,0.000000000000000000e+00,1.427397364750504494e-07,0.000000000000000000e+00
1.000000000000000000e+00,6.016564559936523438e+01,2.473276329040527344e+01,1.806666755676269531e+01,3.000000000000000000e+00,-8.315168570418966787e-02,-9.146685427460863327e-01,-1.709018795706682137e-01,-8.288741159177408502e-01,4.213470847010521375e-05,3.778091270404282539e-04,1.126773152825244397e-07,0.000000000000000000e+00
1.000000000000000000e+00,6.016564559936523438e+01,2.473276329040527344e+01,1.806666755676269531e+01,3.000000000000000000e+00,0.000000000000000000e+00,0.000000000000000000e+00,-8.315168570418966787e-02,-9.146685427460863327e-01,0.000000000000000000e+00,4.213470847010521375e-05,1.775333657860756127e-09,0.000000000000000000e+00
1.000000000000000000e+00,6.016564178466796875e+01,2.473257827758789062e+01,1.806666755676269531e+01,3.000000000000000000e+00,-2.019132720145878912e-02,-9.792793692707513209e-01,0.000000000000000000e+00,0.000000000000000000e+00,1.850521399799372581e-04,0.000000000000000000e+00,3.424429451115429401e-08,0.000000000000000000e+00
1.000000000000000000e+00,6.016564178466796875e+01,2.473257827758789062e+01,1.808333396911621094e+01,3.000000000000000000e+00,0.000000000000000000e+00,0.000000000000000000e+00,-2.019132720145878912e-02,-9.792793692707513209e-01,0.000000000000000000e+00,1.850521399799372581e-04,3.424429451115429401e-08,0.000000000000000000e+00
1.000000000000000000e+00,6.016556930541992188e+01,2.473134231567382812e+01,1.808333396911621094e+01,3.000000000000000000e+00,-5.538935277361705517e-02,-9.445342262448381820e-01,0.000000000000000000e+00,0.000000000000000000e+00,1.238085253288512006e-03,0.000000000000000000e+00,1.532855094410478857e-06,0.000000000000000000e+00
1.000000000000000000e+00,6.016551208496093750e+01,2.473128890991210938e+01,1.808333396911621094e+01,3.000000000000000000e+00,-5.167742439055366122e-01,-4.823226276451675343e-01,-5.538935277361705517e-02,-9.445342262448381820e-01,7.827104388688351725e-05,1.238085253288512006e-03,1.345169000329924673e-06,0.000000000000000000e+00
1.000000000000000000e+00,6.016551208496093750e+01,2.473128890991210938e+01,1.808333396911621094e+01,3.000000000000000000e+00,0.000000000000000000e+00,0.000000000000000000e+00,-5.167742439055366122e-01,-4.823226276451675343e-01,0.000000000000000000e+00,7.827104388688351725e-05,6.126356311142445438e-09,0.000000000000000000e+00
1.000000000000000000e+00,6.016523742675781250e+01,2.473103523254394531e+01,1.808333396911621094e+01,3.000000000000000000e+00,-5.197572193238250149e-01,-4.800535428476994659e-01,0.000000000000000000e+00,0.000000000000000000e+00,3.738841206343204043e-04,0.000000000000000000e+00,1.397893356624990437e-07,0.000000000000000000e+00
1.000000000000000000e+00,6.016523742675781250e+01,2.473103523254394531e+01,1.810000038146972656e+01,3.000000000000000000e+00,0.000000000000000000e+00,0.000000000000000000e+00,-5.197572193238250149e-01,-4.800535428476994659e-01,0.000000000000000000e+00,3.738841206343204043e-04,1.397893356624990437e-07,0.000000000000000000e+00
1.000000000000000000e+00,6.016523742675781250e+01,2.473103523254394531e+01,1.810000038146972656e+01,3.000000000000000000e+00,0.000000000000000000e+00,0.000000000000000000e+00,0.000000000000000000e+00,0.000000000000000000e+00,0.000000000000000000e+00,0.000000000000000000e+00,0.000000000000000000e+00,0.000000000000000000e+00
1.000000000000000000e+00,6.016523742675781250e+01,2.473103523254394531e+01,1.810000038146972656e+01,3.000000000000000000e+00,0.000000000000000000e+00,0.000000000000000000e+00,0.000000000000000000e+00,0.000000000000000000e+00,0.000000000000000000e+00,0.000000000000000000e+00,0.000000000000000000e+00,0.000000000000000000e+00
1.000000000000000000e+00,6.016523742675781250e+01,2.473103523254394531e+01,1.810000038146972656e+01,3.000000000000000000e+00,0.000000000000000000e+00,0.000000000000000000e+00,0.000000000000000000e+00,0.000000000000000000e+00,0.000000000000000000e+00,0.000000000000000000e+00,0.000000000000000000e+00,0.000000000000000000e+00
1.000000000000000000e+00,6.016523742675781250e+01,2.473103523254394531e+01,1.810000038146972656e+01,3.000000000000000000e+00,0.000000000000000000e+00,0.000000000000000000e+00,0.000000000000000000e+00,0.000000000000000000e+00,0.000000000000000000e+00,0.000000000000000000e+00,0.000000000000000000e+00,0.000000000000000000e+00
1.000000000000000000e+00,6.016657257080078125e+01,2.473374938964843750e+01,1.810000038146972656e+01,3.000000000000000000e+00,3.297139488899276660e-01,6.702613561005243970e-01,0.000000000000000000e+00,0.000000000000000000e+00,3.024774107820343404e-03,0.000000000000000000e+00,9.149258403340354562e-06,0.000000000000000000e+00
1.000000000000000000e+00,6.016657257080078125e+01,2.473374938964843750e+01,1.811666679382324219e+01,3.000000000000000000e+00,0.000000000000000000e+00,0.000000000000000000e+00,3.297139488899276660e-01,6.702613561005243970e-01,0.000000000000000000e+00,3.024774107820343404e-03,9.149258403340354562e-06,0.000000000000000000e+00
1.000000000000000000e+00,6.016609191894531250e+01,2.473034858703613281e+01,1.811666679382324219e+01,3.000000000000000000e+00,-1.238297335408678895e-01,-8.761445035847914564e-01,0.000000000000000000e+00,0.000000000000000000e+00,3.434601085136953710e-03,0.000000000000000000e+00,1.179648461402394047e-05,0.000000000000000000e+00
1.000000000000000000e+00,6.016656112670898438e+01,2.473374748229980469e+01,1.811666679382324219e+01,3.000000000000000000e+00,1.212986392790438711e-01,8.786755089238056371e-01,-1.238297335408678895e-01,-8.761445035847914564e-01,3.431128814093266626e-03,3.434601085136953710e-03,1.205666620082779250e-11,0.000000000000000000e+00
1.000000000000000000e+00,6.016656875610351562e+01,2.473374176025390625e+01,1.811666679382324219e+01,3.000000000000000000e+00,5.671804868132804822e-01,-4.253853651099603894e-01,1.212986392790438711e-01,8.786755089238056371e-01,9.536743164062500000e-06,3.431128814093266626e-03,1.170729229984559959e-05,0.000000000000000000e+00
1.000000000000000000e+00,6.016627502441406250e+01,2.473354721069335938e+01,1.811666679382324219e+01,3.000000000000000000e+00,-6.014393252261936995e-01,-3.983559167082582064e-01,5.671804868132804822e-01,-4.253853651099603894e-01,3.523178066717168322e-04,9.536743164062500000e-06,1.174988574994385476e-07,0.000000000000000000e+00
1.000000000000000000e+00,6.016651916503906250e+01,2.473370933532714844e+01,1.811666679382324219e+01,3.000000000000000000e+00,6.007910856541242017e-01,3.989628303171918744e-01,-6.014393252261936995e-01,-3.983559167082582064e-01,2.930683225062515290e-04,3.523178066717168322e-04,3.510501373873723544e-09,0.000000000000000000e+00
1.000000000000000000e+00,6.016654968261718750e+01,2.473373031616210938e+01,1.813333320617675781e+01,3.000000000000000000e+00,5.914441220153955348e-01,4.066178338855844232e-01,6.007910856541242017e-01,3.989628303171918744e-01,3.703401153363723649e-05,2.930683225062515290e-04,6.555356839522135176e-08,0.000000000000000000e+00
1.000000000000000000e+00,6.016656494140625000e+01,2.473374938964843750e+01,1.813333320617675781e+01,3.000000000000000000e+00,4.431536658380283433e-01,5.539420822975354985e-01,5.914441220153955348e-01,4.066178338855844232e-01,2.442598051999225056e-05,3.703401153363723649e-05,1.589624460410338093e-10,0.000000000000000000e+00
1.000000000000000000e+00,6.016657638549804688e+01,2.473376846313476562e+01,1.813333320617675781e+01,3.000000000000000000e+00,3.737752133807937804e-01,6.229586889679896711e-01,4.431536658380283433e-01,5.539420822975354985e-01,2.224331624925728127e-05,2.442598051999225056e-05,4.764023318743015239e-12,0.000000000000000000e+00
1.000000000000000000e+00,6.016658782958984375e+01,2.473379516601562500e+01,1.813333320617675781e+01,3.000000000000000000e+00,2.992156241941125727e-01,6.981697897862626512e-01,3.737752133807937804e-01,6.229586889679896711e-01,2.905186884255946600e-05,2.224331624925728127e-05,4.635638841576190519e-11,0.000000000000000000e+00
1.000000000000000000e+00,6.016659545898437500e+01,2.473381614685058594e+01,1.813333320617675781e+01,3.000000000000000000e+00,2.657378455761238989e-01,7.307790753343407220e-01,2.992156241941125727e-01,6.981697897862626512e-01,2.232494337219166885e-05,2.905186884255946600e-05,4.525152628388301042e-11,0.000000000000000000e+00
1.000000000000000000e+00,6.016661834716796875e+01,2.473386955261230469e+01,1.813333320617675781e+01,3.000000000000000000e+00,2.996072987214198347e-01,6.990836970166462994e-01,2.657378455761238989e-01,7.307790753343407220e-01,5.810373768511893199e-05,2.232494337219166885e-05,1.280122122486756234e-09,0.000000000000000000e+00
1.000000000000000000e+00,6.016659545898437500e+01,2.473380661010742188e+01,1.814999961853027344e+01,3.000000000000000000e+00,-2.663563390393727248e-01,-7.324799323582750210e-01,2.996072987214198347e-01,6.990836970166462994e-01,6.697483011657500655e-05,5.810373768511893199e-05,7.869628092743725023e-11,0.000000000000000000e+00
1.000000000000000000e+00,6.016659545898437500e+01,2.473381614685058594e+01,1.814999961853027344e+01,3.000000000000000000e+00,0.000000000000000000e+00,9.896230502050814559e-01,-2.663563390393727248e-01,-7.324799323582750210e-01,9.536743164062500000e-06,6.697483011657500655e-05,3.299133832764387419e-09,0.000000000000000000e+00
1.000000000000000000e+00,6.016658782958984375e+01,2.473378753662109375e+01,1.814999961853027344e+01,3.000000000000000000e+00,-2.099469858667048217e-01,-7.873011970001430049e-01,0.000000000000000000e+00,9.896230502050814559e-01,2.961001338245396465e-05,9.536743164062500000e-06,4.029361772605617023e-10,0.000000000000000000e+00
1.000000000000000000e+00,6.016634368896484375e+01,2.473360252380371094e+01,1.818333244323730469e+01,3.000000000000000000e+00,-5.687563590515669620e-01,-4.310106783437655520e-01,-2.099469858667048217e-01,-7.873011970001430049e-01,3.063239908517067828e-04,2.961001338245396465e-05,7.657062532685416635e-08,0.000000000000000000e+00
1.000000000000000000e+00,6.016629409790039062e+01,2.473357200622558594e+01,1.818333244323730469e+01,3.000000000000000000e+00,-6.182758223943535247e-01,-3.804774291657560537e-01,-5.687563590515669620e-01,-4.310106783437655520e-01,5.822882660855769043e-05,3.063239908517067828e-04,6.155121052083512022e-08,0.000000000000000000e+00
1.000000000000000000e+00,6.016640472412109375e+01,2.473364257812500000e+01,1.818333244323730469e+01,3.000000000000000000e+00,6.101895630887865796e-01,3.892588592118121360e-01,-6.182758223943535247e-01,-3.804774291657560537e-01,1.312194867158269216e-04,5.822882660855769043e-05,5.327636462894905049e-09,0.000000000000000000e+00
1.000000000000000000e+00,6.016638565063476562e+01,2.473362922668457031e+01,1.818333244323730469e+01,3.000000000000000000e+00,-5.864267264965796755e-01,-4.104987085476057840e-01,6.101895630887865796e-01,3.892588592118121360e-01,2.328215716501942076e-05,1.312194867158269216e-04,1.165046711055962071e-08,0.000000000000000000e+00
1.000000000000000000e+00,6.016542816162109375e+01,2.473088836669921875e+01,1.833333396911621094e+01,3.000000000000000000e+00,0.000000000000000000e+00,0.000000000000000000e+00,-5.864267264965796755e-01,-4.104987085476057840e-01,0.000000000000000000e+00,2.328215716501942076e-05,5.420588422566651264e-10,0.000000000000000000e+00
1.000000000000000000e+00,6.016561889648437500e+01,2.473162651062011719e+01,1.833333396911621094e+01,3.000000000000000000e+00,2.053167053213963977e-01,7.945756495938041120e-01,0.000000000000000000e+00,0.000000000000000000e+00,7.623885072784320621e-04,0.000000000000000000e+00,5.812362360302358866e-07,0.000000000000000000e+00
1.000000000000000000e+00,6.016567230224609375e+01,2.473181343078613281e+01,1.833333396911621094e+01,3.000000000000000000e+00,2.221297936624922753e-01,7.774542778187230052e-01,2.053167053213963977e-01,7.945756495938041120e-01,1.943999070166153994e-04,7.623885072784320621e-04,3.226110500273777448e-07,0.000000000000000000e+00
1.000000000000000000e+00,6.016570663452148438e+01,2.473194313049316406e+01,1.833333396911621094e+01,3.000000000000000000e+00,2.091748048371180890e-01,7.902159293846683363e-01,2.221297936624922753e-01,7.774542778187230052e-01,1.341667586904066037e-04,1.943999070166153994e-04,3.628032157287069315e-09,0.000000000000000000e+00
1.000000000000000000e+00,6.016572952270507812e+01,2.473203277587890625e+01,1.833333396911621094e+01,3.000000000000000000e+00,2.032092539435058631e-01,7.959029112787313620e-01,2.091748048371180890e-01,7.902159293846683363e-01,9.252115505702898819e-05,1.341667586904066037e-04,1.734356301988394804e-09,0.000000000000000000e+00
1.000000000000000000e+00,6.016575622558593750e+01,2.473192977905273438e+01,1.835000038146972656e+01,3.000000000000000000e+00,2.057237375192698392e-01,-7.935058447171836615e-01,2.032092539435058631e-01,7.959029112787313620e-01,1.064020208815105663e-04,9.252115505702898819e-05,1.926784360372606374e-10,0.000000000000000000e+00
1.000000000000000000e+00,6.016580963134765625e+01,2.473155021667480469e+01,1.835000038146972656e+01,3.000000000000000000e+00,1.233195352632140557e-01,-8.764495541921285549e-01,2.057237375192698392e-01,-7.935058447171836615e-01,3.833011533042900067e-04,1.064020208815105663e-04,7.667312953648795028e-08,0.000000000000000000e+00
1.000000000000000000e+00,6.016580963134765625e+01,2.473155021667480469e+01,1.835000038146972656e+01,3.000000000000000000e+00,0.000000000000000000e+00,0.000000000000000000e+00,1.233195352632140557e-01,-8.764495541921285549e-01,0.000000000000000000e+00,3.833011533042900067e-04,1.469197741243988276e-07,0.000000000000000000e+00
1.000000000000000000e+00,6.016392898559570312e+01,2.472415924072265625e+01,1.835000038146972656e+01,3.000000000000000000e+00,-2.028367343166887216e-01,-7.971524801999684273e-01,0.000000000000000000e+00,0.000000000000000000e+00,7.626490278599707198e-03,0.000000000000000000e+00,5.816335396957583725e-05,0.000000000000000000e+00
1.000000000000000000e+00,6.016398239135742188e+01,2.472428512573242188e+01,1.835000038146972656e+01,3.000000000000000000e+00,2.977062937900440409e-01,7.017362639336752750e-01,-2.028367343166887216e-01,-7.971524801999684273e-01,1.367450586619180350e-04,7.626490278599707198e-03,5.609628345958096176e-05,0.000000000000000000e+00
1.000000000000000000e+00,6.016394042968750000e+01,2.472419738769531250e+01,1.835000038146972656e+01,3.000000000000000000e+00,-3.232801589588525926e-01,-6.759494232776008804e-01,2.977062937900440409e-01,7.017362639336752750e-01,9.725607897935456938e-05,1.367450586619180350e-04,1.559379516369910208e-09,0.000000000000000000e+00
1.000000000000000000e+00,6.016394042968750000e+01,2.472419738769531250e+01,1.836666679382324219e+01,3.000000000000000000e+00,0.000000000000000000e+00,0.000000000000000000e+00,-3.232801589588525926e-01,-6.759494232776008804e-01,0.000000000000000000e+00,9.725607897935456938e-05,9.458744898438453674e-09,0.000000000000000000e+00
1.000000000000000000e+00,6.016393280029296875e+01,2.472417449951171875e+01,1.836666679382324219e+01,3.000000000000000000e+00,-2.491834755871958629e-01,-7.475504267615875609e-01,0.000000000000000000e+00,0.000000000000000000e+00,2.412626388678268069e-05,0.000000000000000000e+00,5.820766091346741757e-10,0.000000000000000000e+00
1.000000000000000000e+00,6.016393280029296875e+01,2.472417449951171875e+01,1.836666679382324219e+01,3.000000000000000000e+00,0.000000000000000000e+00,0.000000000000000000e+00,-2.491834755871958629e-01,-7.475504267615875609e-01,0.000000000000000000e+00,2.412626388678268069e-05,5.820766091346741757e-10,0.000000000000000000e+00
1.000000000000000000e+00,6.016391372680664062e+01,2.472414207458496094e+01,1.836666679382324219e+01,3.000000000000000000e+00,-3.696525762596221676e-01,-6.284093796413576793e-01,0.000000000000000000e+00,0.000000000000000000e+00,3.761879524863437796e-05,0.000000000000000000e+00,1.415173755958676545e-09,0.000000000000000000e+00
1.000000000000000000e+00,6.016481399536132812e+01,2.471929740905761719e+01,1.836666679382324219e+01,3.000000000000000000e+00,1.567037796178217535e-01,-8.432788140450577785e-01,-3.696525762596221676e-01,-6.284093796413576793e-01,4.927602616119933394e-03,3.761879524863437796e-05,2.391194176838307110e-05,0.000000000000000000e+00
1.000000000000000000e+00,6.016495513916015625e+01,2.471907615661621094e+01,1.836666679382324219e+01,3.000000000000000000e+00,3.893662420798276180e-01,-6.103578929899999839e-01,1.567037796178217535e-01,-8.432788140450577785e-01,2.624389734316538432e-04,4.927602616119933394e-03,2.176375181306057589e-05,0.000000000000000000e+00
1.000000000000000000e+00,6.016498565673828125e+01,2.471897697448730469e+01,1.838333320617675781e+01,3.000000000000000000e+00,2.351128428791655345e-01,-7.641167393572879662e-01,3.893662420798276180e-01,-6.103578929899999839e-01,1.037709847163043514e-04,2.624389734316538432e-04,2.517553064297426870e-08,0.000000000000000000e+00
1.000000000000000000e+00,6.016498565673828125e+01,2.471897697448730469e+01,1.838333320617675781e+01,3.000000000000000000e+00,0.000000000000000000e+00,0.000000000000000000e+00,2.351128428791655345e-01,-7.641167393572879662e-01,0.000000000000000000e+00,1.037709847163043514e-04,1.076841726899147199e-08,0.000000000000000000e+00
1.000000000000000000e+00,6.016600036621093750e+01,2.471533584594726562e+01,1.838333320617675781e+01,3.000000000000000000e+00,2.179387848140265094e-01,-7.820397372367980937e-01,0.000000000000000000e+00,0.000000000000000000e+00,3.779874648580997410e-03,0.000000000000000000e+00,1.428745235898531804e-05,0.000000000000000000e+00
1.000000000000000000e+00,6.016600036621093750e+01,2.471533584594726562e+01,1.838333320617675781e+01,3.000000000000000000e+00,0.000000000000000000e+00,0.000000000000000000e+00,2.179387848140265094e-01,-7.820397372367980937e-01,0.000000000000000000e+00,3.779874648580997410e-03,1.428745235898531804e-05,0.000000000000000000e+00
1.000000000000000000e+00,6.016714477539062500e+01,2.471272087097167969e+01,1.838333320617675781e+01,3.000000000000000000e+00,3.044059058161568410e-01,-6.955674947899184168e-01,0.000000000000000000e+00,0.000000000000000000e+00,2.854429276316666937e-03,0.000000000000000000e+00,8.147766493493691087e-06,0.000000000000000000e+00
1.000000000000000000e+00,6.016716384887695312e+01,2.471220207214355469e+01,1.838333320617675781e+01,3.000000000000000000e+00,3.545440130597450612e-02,-9.643597155225065443e-01,3.044059058161568410e-01,-6.955674947899184168e-01,5.191493252856854311e-04,2.854429276316666937e-03,5.453532449687262880e-06,0.000000000000000000e+00
1.000000000000000000e+00,6.016742324829101562e+01,2.471146583557128906e+01,1.839999961853027344e+01,3.000000000000000000e+00,2.605102332587787561e-01,-7.393893385138867735e-01,3.545440130597450612e-02,-9.643597155225065443e-01,7.805974291255418033e-04,5.191493252856854311e-04,6.835511100145632553e-08,0.000000000000000000e+00
1.000000000000000000e+00,6.016787338256835938e+01,2.470938491821289062e+01,1.839999961853027344e+01,3.000000000000000000e+00,1.778377363834865998e-01,-8.221227559084062220e-01,2.605102332587787561e-01,-7.393893385138867735e-01,2.129046246591114171e-03,7.805974291255418033e-04,1.818314213324300557e-06,0.000000000000000000e+00
1.000000000000000000e+00,6.016787338256835938e+01,2.470938491821289062e+01,1.839999961853027344e+01,3.000000000000000000e+00,0.000000000000000000e+00,0.000000000000000000e+00,1.778377363834865998e-01,-8.221227559084062220e-01,0.000000000000000000e+00,2.129046246591114171e-03,4.532837920123711228e-06,0.000000000000000000e+00
1.000000000000000000e+00,6.016787338256835938e+01,2.470938491821289062e+01,1.839999961853027344e+01,3.000000000000000000e+00,0.000000000000000000e+00,0.000000000000000000e+00,0.000000000000000000e+00,0.000000000000000000e+00,0.000000000000000000e+00,0.000000000000000000e+00,0.000000000000000000e+00,0.000000000000000000e+00
1.000000000000000000e+00,6.016975021362304688e+01,2.470778083801269531e+01,1.839999961853027344e+01,3.000000000000000000e+00,5.391625930697208080e-01,-4.608086796459707757e-01,0.000000000000000000e+00,0.000000000000000000e+00,2.468920431382515528e-03,0.000000000000000000e+00,6.095568096498026597e-06,0.000000000000000000e+00
1.000000000000000000e+00,6.016989135742187500e+01,2.470787620544433594e+01,1.839999961853027344e+01,3.000000000000000000e+00,5.965219763597244818e-01,4.030553894322462249e-01,5.391625930697208080e-01,-4.608086796459707757e-01,1.703423581067360539e-04,2.468920431382515528e-03,5.283461158944194643e-06,0.000000000000000000e+00
1.000000000000000000e+00,6.016989135742187500e+01,2.470787620544433594e+01,1.841666603088378906e+01,3.000000000000000000e+00,0.000000000000000000e+00,0.000000000000000000e+00,5.965219763597244818e-01,4.030553894322462249e-01,0.000000000000000000e+00,1.703423581067360539e-04,2.901651896536350581e-08,0.000000000000000000e+00
1.000000000000000000e+00,6.017066192626953125e+01,2.470616340637207031e+01,1.841666603088378906e+01,3.000000000000000000e+00,3.102793643819206637e-01,-6.896803693439721439e-01,0.000000000000000000e+00,0.000000000000000000e+00,1.878152552625123300e-03,0.000000000000000000e+00,3.527457010932266712e-06,0.000000000000000000e+00
1.000000000000000000e+00,6.017068862915039062e+01,2.470583343505859375e+01,1.841666603088378906e+01,3.000000000000000000e+00,7.484532593249064447e-02,-9.248743847372058458e-01,3.102793643819206637e-01,-6.896803693439721439e-01,3.310500136892276994e-04,1.878152552625123300e-03,2.393526265981894062e-06,0.000000000000000000e+00
1.000000000000000000e+00,6.017068862915039062e+01,2.470583343505859375e+01,1.841666603088378906e+01,3.000000000000000000e+00,0.000000000000000000e+00,0.000000000000000000e+00,7.484532593249064447e-02,-9.248743847372058458e-01,0.000000000000000000e+00,3.310500136892276994e-04,1.095941115636378527e-07,0.000000000000000000e+00
1.000000000000000000e+00,6.017097473144531250e+01,2.470518684387207031e+01,1.841666603088378906e+01,3.000000000000000000e+00,3.067155813295083799e-01,-6.931772138046889964e-01,0.000000000000000000e+00,0.000000000000000000e+00,7.070605954579495733e-04,0.000000000000000000e+00,4.999346856493501797e-07,0.000000000000000000e+00
1.000000000000000000e+00,6.017096328735351562e+01,2.470516777038574219e+01,1.841666603088378906e+01,3.000000000000000000e+00,-3.737752133807937804e-01,-6.229586889679896711e-01,3.067155813295083799e-01,-6.931772138046889964e-01,2.224331624925728127e-05,7.070605954579495733e-04,4.689747059027960024e-07,0.000000000000000000e+00
1.000000000000000000e+00,6.017095947265625000e+01,2.470524597167968750e+01,1.843333244323730469e+01,3.000000000000000000e+00,-4.645498653028374419e-02,9.523272238708168080e-01,-3.737752133807937804e-01,-6.229586889679896711e-01,7.829428005895154032e-05,2.224331624925728127e-05,3.141710543995655652e-09,0.000000000000000000e+00
1.000000000000000000e+00,6.017095947265625000e+01,2.470523643493652344e+01,1.843333244323730469e+01,3.000000000000000000e+00,0.000000000000000000e+00,-9.896230502050814559e-01,-4.645498653028374419e-02,9.523272238708168080e-01,9.536743164062500000e-06,7.829428005895154032e-05,4.727598879852027382e-09,0.000000000000000000e+00
1.000000000000000000e+00,6.017095947265625000e+01,2.470522499084472656e+01,1.843333244323730469e+01,3.000000000000000000e+00,0.000000000000000000e+00,-9.913375602204522741e-01,0.000000000000000000e+00,-9.896230502050814559e-01,1.144409179687500000e-05,9.536743164062500000e-06,3.637978807091712952e-12,0.000000000000000000e+00
1.000000000000000000e+00,6.017094802856445312e+01,2.470521736145019531e+01,1.843333244323730469e+01,3.000000000000000000e+00,-5.968706786562865130e-01,-3.979137857708577308e-01,0.000000000000000000e+00,-9.913375602204522741e-01,1.375408659158321047e-05,1.144409179687500000e-05,5.336075951579027309e-12,0.000000000000000000e+00
1.000000000000000000e+00,6.017096328735351562e+01,2.470523643493652344e+01,1.843333244323730469e+01,3.000000000000000000e+00,4.431536658380283433e-01,5.539420822975354985e-01,-5.968706786562865130e-01,-3.979137857708577308e-01,2.442598051999225056e-05,1.375408659158321047e-05,1.138893200192137404e-10,0.000000000000000000e+00
1.000000000000000000e+00,6.017097091674804688e+01,2.470525169372558594e+01,1.843333244323730469e+01,3.000000000000000000e+00,3.318833130132243792e-01,6.637666260264487583e-01,4.431536658380283433e-01,5.539420822975354985e-01,1.705984479904014439e-05,2.442598051999225056e-05,5.425995545948660523e-11,0.000000000000000000e+00
1.000000000000000000e+00,6.017097473144531250e+01,2.470527648925781250e+01,1.845000076293945312e+01,3.000000000000000000e+00,1.328689227880619494e-01,8.636479981224026714e-01,3.318833130132243792e-01,6.637666260264487583e-01,2.508725440591031141e-05,1.705984479904014439e-05,6.443930499647144657e-11,0.000000000000000000e+00
1.000000000000000000e+00,6.017097091674804688e+01,2.470529556274414062e+01,1.845000076293945312e+01,3.000000000000000000e+00,-1.659416565066121896e-01,8.297082825330609479e-01,1.328689227880619494e-01,8.636479981224026714e-01,1.945121579587091252e-05,2.508725440591031141e-05,3.176493121385484099e-11,0.000000000000000000e+00
1.000000000000000000e+00,6.017092132568359375e+01,2.470520973205566406e+01,1.941666603088378906e+01,3.000000000000000000e+00,0.000000000000000000e+00,0.000000000000000000e+00,-1.659416565066121896e-01,8.297082825330609479e-01,0.000000000000000000e+00,1.945121579587091252e-05,3.783497959375380953e-10,0.000000000000000000e+00
1.000000000000000000e+00,6.017092132568359375e+01,2.470520973205566406e+01,1.943333244323730469e+01,3.000000000000000000e+00,0.000000000000000000e+00,0.000000000000000000e+00,0.000000000000000000e+00,0.000000000000000000e+00,0.000000000000000000e+00,0.000000000000000000e+00,0.000000000000000000e+00,0.000000000000000000e+00
1.000000000000000000e+00,6.017092514038085938e+01,2.470528984069824219e+01,1.943333244323730469e+01,3.000000000000000000e+00,4.540044793171540277e-02,9.534094065660234651e-01,0.000000000000000000e+00,0.000000000000000000e+00,8.019941727305846836e-05,0.000000000000000000e+00,6.431946530938149326e-09,0.000000000000000000e+00
1.000000000000000000e+00,6.017096328735351562e+01,2.470535278320312500e+01,1.943333244323730469e+01,3.000000000000000000e+00,3.769855679067420917e-01,6.220261870461244458e-01,4.540044793171540277e-02,9.534094065660234651e-01,7.359993507985969157e-05,8.019941727305846836e-05,4.355316521834773755e-11,0.000000000000000000e+00
1.000000000000000000e+00,6.017099380493164062e+01,2.470521163940429688e+01,1.943333244323730469e+01,3.000000000000000000e+00,1.776742750107812852e-01,-8.217435219248634404e-01,3.769855679067420917e-01,6.220261870461244458e-01,1.444053133449378981e-04,7.359993507985969157e-05,5.013401591260809293e-09,0.000000000000000000e+00
1.000000000000000000e+00,6.017096328735351562e+01,2.470522308349609375e+01,1.943333244323730469e+01,3.000000000000000000e+00,-7.255436643785920792e-01,2.720788741419720713e-01,1.776742750107812852e-01,-8.217435219248634404e-01,3.259278772475254201e-05,1.444053133449378981e-04,1.250204088556460463e-08,0.000000000000000000e+00
1.000000000000000000e+00,6.017096328735351562e+01,2.470534324645996094e+01,1.943333244323730469e+01,3.000000000000000000e+00,0.000000000000000000e+00,9.991684888116474372e-01,-7.255436643785920792e-01,2.720788741419720713e-01,1.201629638671875000e-04,3.259278772475254201e-05,7.668535749617083992e-09,0.000000000000000000e+00
1.000000000000000000e+00,6.017094421386718750e+01,2.470528793334960938e+01,1.945000076293945312e+01,3.000000000000000000e+00,-2.560660196376825515e-01,-7.425914569492794159e-01,0.000000000000000000e+00,9.991684888116474372e-01,5.850929889746844012e-05,1.201629638671875000e-04,3.801174404198363236e-09,0.000000000000000000e+00
1.000000000000000000e+00,6.017091751098632812e+01,2.470524978637695312e+01,1.945000076293945312e+01,3.000000000000000000e+00,-4.111307326189901357e-01,-5.873296180271287970e-01,-2.560660196376825515e-01,-7.425914569492794159e-01,4.656431433003884151e-05,5.850929889746844012e-05,1.426826563161312664e-10,0.000000000000000000e+00
1.000000000000000000e+00,6.017093658447265625e+01,2.470522689819335938e+01,1.945000076293945312e+01,3.000000000000000000e+00,4.534647902366200634e-01,-5.441577482839441426e-01,-4.111307326189901357e-01,-5.873296180271287970e-01,2.979373808252965537e-05,4.656431433003884151e-05,2.812522276735193133e-10,0.000000000000000000e+00
1.000000000000000000e+00,6.017056274414062500e+01,2.470623207092285156e+01,8.850000381469726562e+00,4.000000000000000000e+00,0.000000000000000000e+00,0.000000000000000000e+00,4.534647902366200634e-01,-5.441577482839441426e-01,0.000000000000000000e+00,2.979373808252965537e-05,8.876668289303778568e-10,0.000000000000000000e+00
1.000000000000000000e+00,6.017071533203125000e+01,2.470697784423828125e+01,8.850000381469726562e+00,4.000000000000000000e+00,1.698324753441967649e-01,8.300562232447616928e-01,0.000000000000000000e+00,0.000000000000000000e+00,7.612232933721714990e-04,0.000000000000000000e+00,5.794609023723750248e-07,0.000000000000000000e+00
1.000000000000000000e+00,6.017050552368164062e+01,2.470748329162597656e+01,8.866666793823242188e+00,4.000000000000000000e+00,-2.932923280938369293e-01,7.065678813169707917e-01,1.698324753441967649e-01,8.300562232447616928e-01,5.472628301774434649e-04,7.612232933721714990e-04,4.577907981050257142e-08,0.000000000000000000e+00
1.000000000000000000e+00,6.017074584960937500e+01,2.470775222778320312e+01,8.866666793823242188e+00,4.000000000000000000e+00,4.718174650804748960e-01,5.279862109233885992e-01,-2.932923280938369293e-01,7.065678813169707917e-01,3.606704981075917952e-04,5.472628301774434649e-04,3.481669838726579584e-08,0.000000000000000000e+00
1.000000000000000000e+00,6.017194747924804688e+01,2.470914459228515625e+01,8.866666793823242188e+00,4.000000000000000000e+00,4.632174368129771125e-01,5.367440140848782626e-01,4.718174650804748960e-01,5.279862109233885992e-01,1.839182615955760542e-03,3.606704981075917952e-04,2.185998082623876973e-06,0.000000000000000000e+00
1.000000000000000000e+00,6.017202377319335938e+01,2.470910072326660156e+01,8.866666793823242188e+00,4.000000000000000000e+00,6.343926913089825703e-01,-3.647757975026649224e-01,4.632174368129771125e-01,5.367440140848782626e-01,8.800714107558690804e-05,1.839182615955760542e-03,3.066615543821801688e-06,0.000000000000000000e+00
1.000000000000000000e+00,6.017233276367187500e+01,2.471016311645507812e+01,8.866666793823242188e+00,4.000000000000000000e+00,2.252965062232747118e-01,7.746305800392839780e-01,6.343926913089825703e-01,-3.647757975026649224e-01,1.106415113207837551e-03,8.800714107558690804e-05,1.037154797702523015e-06,0.000000000000000000e+00
1.000000000000000000e+00,6.017255401611328125e+01,2.471035194396972656e+01,8.866666793823242188e+00,4.000000000000000000e+00,5.394033475803273747e-01,4.603528569866586762e-01,2.252965062232747118e-01,7.746305800392839780e-01,2.908753566676489295e-04,1.106415113207837551e-03,6.651050944976302112e-07,0.000000000000000000e+00
1.000000000000000000e+00,6.017370223999023438e+01,2.471150016784667969e+01,8.883333206176757812e+00,4.000000000000000000e+00,4.999782281905896242e-01,4.999782281905896242e-01,5.394033475803273747e-01,4.603528569866586762e-01,1.623833779427725360e-03,2.908753566676489295e-04,1.776778156807030798e-06,0.000000000000000000e+00
1.000000000000000000e+00,6.017510986328125000e+01,2.471042251586914062e+01,8.883333206176757812e+00,4.000000000000000000e+00,5.663624760514317513e-01,-4.335972885759606377e-01,4.999782281905896242e-01,4.999782281905896242e-01,1.772776667858506992e-03,1.623833779427725360e-03,2.218398401410426343e-08,0.000000000000000000e+00
1.000000000000000000e+00,6.017572784423828125e+01,2.471126556396484375e+01,8.883333206176757812e+00,4.000000000000000000e+00,4.229475526988891176e-01,5.769840070768795792e-01,5.663624760514317513e-01,-4.335972885759606377e-01,1.045289699041335261e-03,1.772776667858506992e-03,5.292372897987965441e-07,0.000000000000000000e+00
1.000000000000000000e+00,6.017636871337890625e+01,2.471372413635253906e+01,8.883333206176757812e+00,4.000000000000000000e+00,2.067625598074488424e-01,7.932051773565522712e-01,4.229475526988891176e-01,5.769840070768795792e-01,2.540726557688421580e-03,1.045289699041335261e-03,2.236331398200265539e-06,0.000000000000000000e+00
1.000000000000000000e+00,6.017670822143554688e+01,2.471653938293457031e+01,8.883333206176757812e+00,4.000000000000000000e+00,1.076144848256940650e-01,8.923538179928338643e-01,2.067625598074488424e-01,7.932051773565522712e-01,2.835644377943491185e-03,2.540726557688421580e-03,8.697652070400153879e-08,0.000000000000000000e+00
1.000000000000000000e+00,6.017594909667968750e+01,2.471884155273437500e+01,8.883333206176757812e+00,4.000000000000000000e+00,-2.479669778124072854e-01,7.520003573356170978e-01,1.076144848256940650e-01,8.923538179928338643e-01,2.424099045437564173e-03,2.835644377943491185e-03,1.693695607074140243e-07,0.000000000000000000e+00
1.000000000000000000e+00,6.017491912841796875e+01,2.472041893005371094e+01,8.899999618530273438e+00,4.000000000000000000e+00,-3.950104536034602654e-01,6.049511946852993427e-01,-2.479669778124072854e-01,7.520003573356170978e-01,1.883866722383346166e-03,2.424099045437564173e-03,2.918509628725569667e-07,0.000000000000000000e+00
1.000000000000000000e+00,6.017390823364257812e+01,2.472210121154785156e+01,8.899999618530273438e+00,4.000000000000000000e+00,-3.753401709385594254e-01,6.246226995619045264e-01,-3.950104536034602654e-01,6.049511946852993427e-01,1.962645987548461684e-03,1.883866722383346166e-03,6.206172619955583267e-09,0.000000000000000000e+00
1.000000000000000000e+00,6.017288208007812500e+01,2.472247886657714844e+01,8.899999618530273438e+00,4.000000000000000000e+00,-7.309261935010681333e-01,2.690025767903559406e-01,-3.753401709385594254e-01,6.246226995619045264e-01,1.093441566336801141e-03,1.962645987548461684e-03,7.555163258538977669e-07,0.000000000000000000e+00
1.000000000000000000e+00,6.017238616943359375e+01,2.472306442260742188e+01,8.899999618530273438e+00,4.000000000000000000e+00,-4.585113947050957206e-01,5.413961468248630338e-01,-7.309261935010681333e-01,2.690025767903559406e-01,7.673351496894864577e-04,1.093441566336801141e-03,1.063453949785519947e-07,0.000000000000000000e+00
1.000000000000000000e+00,6.017251586914062500e+01,2.472443008422851562e+01,8.899999618530273438e+00,4.000000000000000000e+00,8.672889401551203692e-02,9.132042369868620391e-01,-4.585113947050957206e-01,5.413961468248630338e-01,1.371806720107611064e-03,7.673351496894864577e-04,3.653858794437537829e-07,0.000000000000000000e+00
1.000000000000000000e+00,6.017256927490234375e+01,2.472541809082031250e+01,8.899999618530273438e+00,4.000000000000000000e+00,5.127712747571245427e-02,9.486268583006803867e-01,8.672889401551203692e-02,9.132042369868620391e-01,9.894489379542719537e-04,1.371806720107611064e-03,1.461974735732203263e-07,0.000000000000000000e+00
1.000000000000000000e+00,6.017272567749023438e+01,2.472734069824218750e+01,8.916666984558105469e+00,4.000000000000000000e+00,7.522573945390029215e-02,9.247261630430670953e-01,5.127712747571245427e-02,9.486268583006803867e-01,1.928958544953135717e-03,9.894489379542719537e-04,8.826783016431594137e-07,0.000000000000000000e+00
1.000000000000000000e+00,6.017267608642578125e+01,2.472763252258300781e+01,8.916666984558105469e+00,4.000000000000000000e+00,-1.452088652147900949e-01,8.544983222254955990e-01,7.522573945390029215e-02,9.247261630430670953e-01,2.960079721372448221e-04,1.928958544953135717e-03,2.666527573259745803e-06,0.000000000000000000e+00
1.000000000000000000e+00,6.017322921752929688e+01,2.472985458374023438e+01,8.916666984558105469e+00,4.000000000000000000e+00,1.993055330928292790e-01,8.006584346660210461e-01,-1.452088652147900949e-01,8.544983222254955990e-01,2.289871132647307381e-03,2.960079721372448221e-04,3.975490302839175091e-06,0.000000000000000000e+00
1.000000000000000000e+00,6.017216873168945312e+01,2.473103713989257812e+01,8.916666984558105469e+00,4.000000000000000000e+00,-4.727680385536227048e-01,5.271873811209462080e-01,1.993055330928292790e-01,8.006584346660210461e-01,1.588417221625086292e-03,2.289871132647307381e-03,4.920375892883700307e-07,0.000000000000000000e+00
1.000000000000000000e+00,6.017206954956054688e+01,2.473101997375488281e+01,8.916666984558105469e+00,4.000000000000000000e+00,-8.517269668393602222e-01,-1.474142827221969487e-01,-4.727680385536227048e-01,5.271873811209462080e-01,1.006566986233426006e-04,1.588417221625086292e-03,2.213431373802422308e-06,0.000000000000000000e+00
1.000000000000000000e+00,6.017202758789062500e+01,2.473126029968261719e+01,8.916666984558105469e+00,4.000000000000000000e+00,-1.485960087133673668e-01,8.510498680856494191e-01,-8.517269668393602222e-01,-1.474142827221969487e-01,2.439617455340497014e-04,1.006566986233426006e-04,2.053633647007996316e-08,0.000000000000000000e+00
1.000000000000000000e+00,6.017206954956054688e+01,2.473163032531738281e+01,8.933333396911621094e+00,4.000000000000000000e+00,1.018271357660386484e-01,8.979301972096136453e-01,-1.485960087133673668e-01,8.510498680856494191e-01,3.723973041340875490e-04,2.439617455340497014e-04,1.649569271290375675e-08,0.000000000000000000e+00
1.000000000000000000e+00,6.017206954956054688e+01,2.473404884338378906e+01,8.933333396911621094e+00,4.000000000000000000e+00,0.000000000000000000e+00,9.999586540754867858e-01,1.018271357660386484e-01,8.979301972096136453e-01,2.418518066406250000e-03,3.723973041340875490e-04,4.186610173801214630e-06,0.000000000000000000e+00
1.000000000000000000e+00,6.017220306396484375e+01,2.473501586914062500e+01,8.933333396911621094e+00,4.000000000000000000e+00,1.213061352944434512e-01,8.786030084897546999e-01,0.000000000000000000e+00,9.999586540754867858e-01,9.761992166247968452e-04,2.418518066406250000e-03,2.080283664434894502e-06,0.000000000000000000e+00
1.000000000000000000e+00,6.017262649536132812e+01,2.473559951782226562e+01,8.933333396911621094e+00,4.000000000000000000e+00,4.204127997375096681e-01,5.794879131517025606e-01,1.213061352944434512e-01,8.786030084897546999e-01,7.210686036082472085e-04,9.761992166247968452e-04,6.509162969820040659e-08,0.000000000000000000e+00
1.000000000000000000e+00,6.017281341552734375e+01,2.473628616333007812e+01,8.933333396911621094e+00,4.000000000000000000e+00,2.139493076300002794e-01,7.859362321102051352e-01,4.204127997375096681e-01,5.794879131517025606e-01,7.116327717737533235e-04,7.210686036082472085e-04,8.903492240884823450e-11,0.000000000000000000e+00
1.000000000000000000e+00,6.017283248901367188e+01,2.473684883117675781e+01,8.933333396911621094e+00,4.000000000000000000e+00,3.278125022422375551e-02,9.670468816146007285e-01,2.139493076300002794e-01,7.859362321102051352e-01,5.629910332925965348e-04,7.116327717737533235e-04,2.209436641870060830e-08,0.000000000000000000e+00
1.000000000000000000e+00,6.017282485961914062e+01,2.473691177368164062e+01,8.949999809265136719e+00,4.000000000000000000e+00,-1.079551362635639139e-01,8.906298741744023140e-01,3.278125022422375551e-02,9.670468816146007285e-01,6.340320640027870692e-05,5.629910332925965348e-04,2.495879967789885506e-07,0.000000000000000000e+00
1.000000000000000000e+00,6.017286300659179688e+01,2.473698043823242188e+01,8.949999809265136719e+00,4.000000000000000000e+00,3.568088025473750702e-01,6.422558445852750708e-01,-1.079551362635639139e-01,8.906298741744023140e-01,7.854942429341889038e-05,6.340320640027870692e-05,2.294079164664798452e-10,0.000000000000000000e+00
1.000000000000000000e+00,6.017283630371093750e+01,2.473686981201171875e+01,8.949999809265136719e+00,4.000000000000000000e+00,-1.943029573487465855e-01,-8.049693947305215369e-01,3.568088025473750702e-01,6.422558445852750708e-01,1.138033591474632149e-04,7.854942429341889038e-05,1.242839922693201306e-09,0.000000000000000000e+00
1.000000000000000000e+00,6.017287063598632812e+01,2.473665428161621094e+01,8.949999809265136719e+00,4.000000000000000000e+00,1.373496101126818747e-01,-8.622503301518361640e-01,-1.943029573487465855e-01,-8.049693947305215369e-01,2.182476953400695123e-04,1.138033591474632149e-04,1.090861936271417021e-08,0.000000000000000000e+00
1.000000000000000000e+00,6.017276000976562500e+01,2.473602294921875000e+01,8.949999809265136719e+00,4.000000000000000000e+00,-1.490801642824752526e-01,-8.507850754741259625e-01,1.373496101126818747e-01,-8.622503301518361640e-01,6.409514465159054774e-04,2.182476953400695123e-04,1.786784612581230320e-07,0.000000000000000000e+00
1.000000000000000000e+00,6.017250061035156250e+01,2.473524665832519531e+01,8.949999809265136719e+00,4.000000000000000000e+00,-2.504362245474593962e-01,-7.494672308148232487e-01,-1.490801642824752526e-01,-8.507850754741259625e-01,8.184837245980542504e-04,6.409514465159054774e-04,3.151770976103739915e-08,0.000000000000000000e+00
1.000000000000000000e+00,6.017210388183593750e+01,2.473436737060546875e+01,8.966666221618652344e+00,4.000000000000000000e+00,-3.108874447598448110e-01,-6.890341924725406075e-01,-2.504362245474593962e-01,-7.494672308148232487e-01,9.646452245110395110e-04,8.184837245980542504e-04,2.136318405681358999e-08,0.000000000000000000e+00
1.000000000000000000e+00,6.017201995849609375e+01,2.473258781433105469e+01,8.966666221618652344e+00,4.000000000000000000e+00,-4.503340732087436626e-02,-9.549129325085404796e-01,-3.108874447598448110e-01,-6.890341924725406075e-01,1.781534075109703812e-03,9.646452245110395110e-04,6.673073942324068695e-07,0.000000000000000000e+00
1.000000000000000000e+00,6.017193222045898438e+01,2.473151779174804688e+01,8.966666221618652344e+00,4.000000000000000000e+00,-7.577599201922508021e-02,-9.241376417996797210e-01,-4.503340732087436626e-02,-9.549129325085404796e-01,1.073613660169484355e-03,1.781534075109703812e-03,5.011513138891324527e-07,0.000000000000000000e+00
1.000000000000000000e+00,6.017196655273437500e+01,2.473168563842773438e+01,8.966666221618652344e+00,4.000000000000000000e+00,1.697273716752444594e-01,8.297782615234173820e-01,-7.577599201922508021e-02,-9.241376417996797210e-01,1.713219571905946303e-04,1.073613660169484355e-03,8.141303172645448372e-07,0.000000000000000000e+00
1.000000000000000000e+00,6.017198562622070312e+01,2.473159599304199219e+01,8.966666221618652344e+00,4.000000000000000000e+00,1.752773757460085458e-01,-8.238036660062402206e-01,1.697273716752444594e-01,8.297782615234173820e-01,9.165202161204500817e-05,1.713219571905946303e-04,6.347298635090247070e-09,0.000000000000000000e+00
1.000000000000000000e+00,6.017203521728515625e+01,2.473131942749023438e+01,8.966666221618652344e+00,4.000000000000000000e+00,1.520001801927059193e-01,-8.476933126131676044e-01,1.752773757460085458e-01,-8.238036660062402206e-01,2.809764724895969824e-04,9.165202161204500817e-05,3.584374770008658979e-08,0.000000000000000000e+00
1.000000000000000000e+00,6.017287063598632812e+01,2.473034667968750000e+01,8.983333587646484375e+00,4.000000000000000000e+00,4.619997657243489209e-01,-5.379449326927350228e-01,1.520001801927059193e-01,-8.476933126131676044e-01,1.282249076424801662e-03,2.809764724895969824e-04,1.002546827391185297e-06,0.000000000000000000e+00
1.000000000000000000e+00,6.017316436767578125e+01,2.473005867004394531e+01,8.983333587646484375e+00,4.000000000000000000e+00,5.048312534530458029e-01,-4.949968783857787158e-01,4.619997657243489209e-01,-5.379449326927350228e-01,4.113731398250075632e-04,1.282249076424801662e-03,7.584248969485687025e-07,0.000000000000000000e+00
1.000000000000000000e+00,6.017284011840820312e+01,2.472775650024414062e+01,8.983333587646484375e+00,4.000000000000000000e+00,-1.234520897277255613e-01,-8.765098370668514827e-01,5.048312534530458029e-01,-4.949968783857787158e-01,2.324892121079536432e-03,4.113731398250075632e-04,3.661554891621370422e-06,0.000000000000000000e+00
1.000000000000000000e+00,6.017276763916015625e+01,2.472679710388183594e+01,8.983333587646484375e+00,4.000000000000000000e+00,-7.023348935754744615e-02,-9.296696091275359342e-01,-1.234520897277255613e-01,-8.765098370668514827e-01,9.621302517855405021e-04,2.324892121079536432e-03,1.857119912401665771e-06,0.000000000000000000e+00
1.000000000000000000e+00,6.017264938354492188e+01,2.472515869140625000e+01,8.983333587646484375e+00,4.000000000000000000e+00,-6.731430053420212056e-02,-9.326287767561228792e-01,-7.023348935754744615e-02,-9.296696091275359342e-01,1.642674596714182190e-03,9.621302517855405021e-04,4.631406054143540398e-07,0.000000000000000000e+00
1.000000000000000000e+00,6.017260360717773438e+01,2.472373962402343750e+01,8.983333587646484375e+00,4.000000000000000000e+00,-3.124786681229228119e-02,-9.686838711810606961e-01,-6.731430053420212056e-02,-9.326287767561228792e-01,1.419805519342421610e-03,1.642674596714182190e-03,4.967062564853980040e-08,0.000000000000000000e+00
1.000000000000000000e+00,6.017256164550781250e+01,2.472269821166992188e+01,9.000000000000000000e+00,4.000000000000000000e+00,-3.872881953251142845e-02,-9.611788847614201048e-01,-3.124786681229228119e-02,-9.686838711810606961e-01,1.042257392296924755e-03,1.419805519342421610e-03,1.425425882355626376e-07,0.000000000000000000e+00
1.000000000000000000e+00,6.017349243164062500e+01,2.472231292724609375e+01,9.000000000000000000e+00,4.000000000000000000e+00,7.071926416498977019e-01,-2.927313803550806171e-01,-3.872881953251142845e-02,-9.611788847614201048e-01,1.007376251596502027e-03,1.042257392296924755e-03,1.216693976562686958e-09,0.000000000000000000e+00
1.000000000000000000e+00,6.017457199096679688e+01,2.472142219543457031e+01,9.000000000000000000e+00,4.000000000000000000e+00,5.478908758362526221e-01,-4.520583728189576100e-01,7.071926416498977019e-01,-2.927313803550806171e-01,1.399589760888703301e-03,1.007376251596502027e-03,1.538314368713036601e-07,0.000000000000000000e+00
1.000000000000000000e+00,6.017466354370117188e+01,2.472105216979980469e+01,9.000000000000000000e+00,4.000000000000000000e+00,1.983041452546664141e-01,-8.014792537376100867e-01,5.478908758362526221e-01,-4.520583728189576100e-01,3.811835168986757168e-04,1.399589760888703301e-03,1.037151277797875568e-06,0.000000000000000000e+00
1.000000000000000000e+00,6.017550277709960938e+01,2.471922111511230469e+01,9.000000000000000000e+00,4.000000000000000000e+00,3.142739449958518727e-01,-6.856886072636768636e-01,1.983041452546664141e-01,-8.014792537376100867e-01,2.014217953864148695e-03,3.811835168986757168e-04,2.666801472315139320e-06,0.000000000000000000e+00
1.000000000000000000e+00,6.017657089233398438e+01,2.471514511108398438e+01,9.000000000000000000e+00,4.000000000000000000e+00,2.076340800868898551e-01,-7.923464806172921815e-01,3.142739449958518727e-01,-6.856886072636768636e-01,4.213630144280271217e-03,2.014217953864148695e-03,4.837413983351046087e-06,0.000000000000000000e+00
1.000000000000000000e+00,6.017657089233398438e+01,2.471514511108398438e+01,9.016666412353515625e+00,4.000000000000000000e+00,0.000000000000000000e+00,0.000000000000000000e+00,2.076340800868898551e-01,-7.923464806172921815e-01,0.000000000000000000e+00,4.213630144280271217e-03,1.775467899278737943e-05,0.000000000000000000e+00
1.000000000000000000e+00,6.017553710937500000e+01,2.471102333068847656e+01,9.016666412353515625e+00,4.000000000000000000e+00,-2.005140537509355059e-01,-7.994665501028996868e-01,0.000000000000000000e+00,0.000000000000000000e+00,4.249444767858387775e-03,0.000000000000000000e+00,1.805778083507902581e-05,0.000000000000000000e+00
1.000000000000000000e+00,6.017501068115234375e+01,2.471024894714355469e+01,9.016666412353515625e+00,4.000000000000000000e+00,-4.046609737694111808e-01,-5.952621570665975748e-01,-2.005140537509355059e-01,-7.994665501028996868e-01,9.363741497151594493e-04,4.249444767858387775e-03,1.097643692080395428e-05,0.000000000000000000e+00
1.000000000000000000e+00,6.017407989501953125e+01,2.471080589294433594e+01,9.016666412353515625e+00,4.000000000000000000e+00,-6.255989751236576968e-01,3.743338129838279515e-01,-4.046609737694111808e-01,-5.952621570665975748e-01,1.084689563904768375e-03,9.363741497151594493e-04,2.199746208623524983e-08,0.000000000000000000e+00
1.000000000000000000e+00,6.017342758178710938e+01,2.471104812622070312e+01,9.016666412353515625e+00,4.000000000000000000e+00,-7.291295791281915406e-01,2.707586448809365942e-01,-6.255989751236576968e-01,3.743338129838279515e-01,6.958372750667050216e-04,1.084689563904768375e-03,1.512061025346006462e-07,0.000000000000000000e+00
1.000000000000000000e+00,6.017270278930664062e+01,2.471100616455078125e+01,9.016666412353515625e+00,4.000000000000000000e+00,-9.451503654241822927e-01,-5.471923168245265701e-02,-7.291295791281915406e-01,2.707586448809365942e-01,7.260061442485701887e-04,6.958372750667050216e-04,9.101606677124938217e-10,0.000000000000000000e+00
1.000000000000000000e+00,6.017203903198242188e+01,2.471015167236328125e+01,9.033333778381347656e+00,4.000000000000000000e+00,-4.371571361506785824e-01,-5.627770028606436936e-01,-9.451503654241822927e-01,-5.471923168245265701e-02,1.082003088698257724e-03,7.260061442485701887e-04,1.267338244575139131e-07,0.000000000000000000e+00
1.000000000000000000e+00,6.017184829711914062e+01,2.470948028564453125e+01,9.033333778381347656e+00,4.000000000000000000e+00,-2.212132788788591098e-01,-7.786707416535840753e-01,-4.371571361506785824e-01,-5.627770028606436936e-01,6.979540917458745483e-04,1.082003088698257724e-03,1.474936320601316090e-07,0.000000000000000000e+00
1.000000000000000000e+00,6.017150497436523438e+01,2.470865058898925781e+01,9.033333778381347656e+00,4.000000000000000000e+00,-2.926579777128749393e-01,-7.072567794727810941e-01,-2.212132788788591098e-01,-7.786707416535840753e-01,8.979237457165842014e-04,6.979540917458745483e-04,3.998786250916535770e-08,0.000000000000000000e+00
1.000000000000000000e+00,6.017149353027343750e+01,2.470862197875976562e+01,9.033333778381347656e+00,4.000000000000000000e+00,-2.850027451464412498e-01,-7.125068628661030967e-01,-2.926579777128749393e-01,-7.072567794727810941e-01,3.081416019707395617e-05,8.979237457165842014e-04,7.518790332998169661e-07,0.000000000000000000e+00
1.000000000000000000e+00,6.017046356201171875e+01,2.470767593383789062e+01,9.033333778381347656e+00,4.000000000000000000e+00,-5.212091444305101406e-01,-4.787402511806167493e-01,-2.850027451464412498e-01,-7.125068628661030967e-01,1.398511928570299497e-03,3.081416019707395617e-05,1.870597185613101070e-06,0.000000000000000000e+00
1.000000000000000000e+00,6.017049407958984375e+01,2.470705795288085938e+01,9.033333778381347656e+00,4.000000000000000000e+00,4.705156806690628107e-02,-9.527942533548521276e-01,-5.212091444305101406e-01,-4.787402511806167493e-01,6.187340186444213090e-04,1.398511928570299497e-03,6.080535888083710160e-07,0.000000000000000000e+00
1.000000000000000000e+00,6.017065048217773438e+01,2.470651054382324219e+01,9.050000190734863281e+00,4.000000000000000000e+00,2.221906526035576923e-01,-7.776672841124518953e-01,4.705156806690628107e-02,-9.527942533548521276e-01,5.693140134058022024e-04,6.187340186444213090e-04,2.442336917785139947e-09,0.000000000000000000e+00
1.000000000000000000e+00,6.017056274414062500e+01,2.470618057250976562e+01,9.050000190734863281e+00,4.000000000000000000e+00,-2.099953890125504097e-01,-7.897652673732873385e-01,2.221906526035576923e-01,-7.776672841124518953e-01,3.414367157662660563e-04,5.693140134058022024e-04,5.192806277949774653e-08,0.000000000000000000e+00
1.000000000000000000e+00,6.017061996459960938e+01,2.470582771301269531e+01,9.050000190734863281e+00,4.000000000000000000e+00,1.395008657535329322e-01,-8.602553388134530632e-01,-2.099953890125504097e-01,-7.897652673732873385e-01,3.574688875959646634e-04,3.414367157662660563e-04,2.570305335769815938e-10,0.000000000000000000e+00
1.000000000000000000e+00,6.017081451416015625e+01,2.470529937744140625e+01,9.050000190734863281e+00,4.000000000000000000e+00,2.690920628655790181e-01,-7.307696217035821729e-01,1.395008657535329322e-01,-8.602553388134530632e-01,5.630168802072654235e-04,3.574688875959646634e-04,4.224997726653535500e-08,0.000000000000000000e+00
1.000000000000000000e+00,6.017090606689453125e+01,2.470515441894531250e+01,9.050000190734863281e+00,4.000000000000000000e+00,3.869331738549564026e-01,-6.126441919370142486e-01,2.690920628655790181e-01,-7.307696217035821729e-01,1.714493183459795463e-04,5.630168802072654235e-04,1.533251555019919698e-07,0.000000000000000000e+00
1.000000000000000000e+00,6.017085266113281250e+01,2.470503234863281250e+01,9.050000190734863281e+00,4.000000000000000000e+00,-3.041744836612067515e-01,-6.952559626541868765e-01,3.869331738549564026e-01,-6.126441919370142486e-01,1.332416473127210916e-04,1.714493183459795463e-04,1.459826125785697214e-09,0.000000000000000000e+00
1.000000000000000000e+00,6.017085647583007812e+01,2.470510101318359375e+01,9.066666603088378906e+00,4.000000000000000000e+00,5.255906293161502485e-02,9.460631327690703918e-01,-3.041744836612067515e-01,-6.952559626541868765e-01,6.877043295791605403e-05,1.332416473127210916e-04,4.156537480383219277e-09,0.000000000000000000e+00
1.000000000000000000e+00,6.017090988159179688e+01,2.470520591735839844e+01,9.066666603088378906e+00,4.000000000000000000e+00,3.371364378449098198e-01,6.622322886239300210e-01,5.255906293161502485e-02,9.460631327690703918e-01,1.177160196244008821e-04,6.877043295791605403e-05,2.395670454126377250e-09,0.000000000000000000e+00
1.000000000000000000e+00,6.017093276977539062e+01,2.470523262023925781e+01,9.066666603088378906e+00,4.000000000000000000e+00,4.606096457309961090e-01,5.373779200194954697e-01,3.371364378449098198e-01,6.622322886239300210e-01,3.516977103154330091e-05,1.177160196244008821e-04,6.813883156753841833e-09,0.000000000000000000e+00
1.000000000000000000e+00,6.017098236083984375e+01,2.470530700683593750e+01,9.066666603088378906e+00,4.000000000000000000e+00,3.996776212604685741e-01,5.995164318907029166e-01,4.606096457309961090e-01,5.373779200194954697e-01,8.940156284529087566e-05,3.516977103154330091e-05,2.941087243329658323e-09,0.000000000000000000e+00
1.000000000000000000e+00,6.017102432250976562e+01,2.470523643493652344e+01,9.066666603088378906e+00,4.000000000000000000e+00,3.725502988964274342e-01,-6.265618663258097909e-01,3.996776212604685741e-01,5.995164318907029166e-01,8.210465717327455101e-05,8.940156284529087566e-05,5.324483238630400830e-11,0.000000000000000000e+00
1.000000000000000000e+00,6.017098617553710938e+01,2.470530128479003906e+01,9.066666603088378906e+00,4.000000000000000000e+00,-3.700111251985035432e-01,6.290189128374560346e-01,3.725502988964274342e-01,-6.265618663258097909e-01,7.523759049726875593e-05,8.210465717327455101e-05,4.715660473270927719e-11,0.000000000000000000e+00
1.000000000000000000e+00,6.017098236083984375e+01,2.470530700683593750e+01,9.083333015441894531e+00,4.000000000000000000e+00,-3.958492200820326046e-01,5.937738301230488513e-01,-3.700111251985035432e-01,6.290189128374560346e-01,6.877043295791605234e-06,7.523759049726875593e-05,4.673164413685385781e-09,0.000000000000000000e+00
1.000000000000000000e+00,6.017066955566406250e+01,2.470672607421875000e+01,9.883333206176757812e+00,4.000000000000000000e+00,0.000000000000000000e+00,0.000000000000000000e+00,-3.958492200820326046e-01,5.937738301230488513e-01,0.000000000000000000e+00,6.877043295791605234e-06,4.729372449219226191e-11,0.000000000000000000e+00
1.000000000000000000e+00,6.017053222656250000e+01,2.470731353759765625e+01,9.883333206176757812e+00,4.000000000000000000e+00,-1.894475460328909344e-01,8.104145024740334602e-01,0.000000000000000000e+00,0.000000000000000000e+00,6.033013373861454863e-04,0.000000000000000000e+00,3.639725036919117503e-07,0.000000000000000000e+00
1.000000000000000000e+00,6.017069244384765625e+01,2.470774459838867188e+01,9.883333206176757812e+00,4.000000000000000000e+00,2.709219222216910916e-01,7.289089812155021830e-01,-1.894475460328909344e-01,8.104145024740334602e-01,4.598727911214746497e-04,6.033013373861454863e-04,2.057174788359682107e-08,0.000000000000000000e+00
1.000000000000000000e+00,6.017187500000000000e+01,2.470949935913085938e+01,9.883333206176757812e+00,4.000000000000000000e+00,4.025836967661551857e-01,5.973822597175206806e-01,2.709219222216910916e-01,7.289089812155021830e-01,2.116039771783243331e-03,4.598727911214746497e-04,2.742889067834319270e-06,0.000000000000000000e+00
1.000000000000000000e+00,6.017253112792968750e+01,2.471041297912597656e+01,9.883333206176757812e+00,4.000000000000000000e+00,4.179563633650260068e-01,5.819799361972309848e-01,4.025836967661551857e-01,5.973822597175206806e-01,1.124813475912310760e-03,2.116039771783243331e-03,9.825295696260095687e-07,0.000000000000000000e+00
1.000000000000000000e+00,6.017247009277343750e+01,2.471082115173339844e+01,9.899999618530273438e+00,4.000000000000000000e+00,-1.300535831166727274e-01,8.697333370927489149e-01,4.179563633650260068e-01,5.819799361972309848e-01,4.127107555516744452e-04,1.124813475912310760e-03,5.070902843450186426e-07,0.000000000000000000e+00
1.000000000000000000e+00,6.017247009277343750e+01,2.471082115173339844e+01,9.899999618530273438e+00,4.000000000000000000e+00,0.000000000000000000e+00,0.000000000000000000e+00,-1.300535831166727274e-01,8.697333370927489149e-01,0.000000000000000000e+00,4.127107555516744452e-04,1.703301677480339739e-07,0.000000000000000000e+00
1.000000000000000000e+00,6.017431640625000000e+01,2.471060180664062500e+01,9.899999618530273438e+00,4.000000000000000000e+00,8.937702130196266692e-01,-1.061813786128688736e-01,0.000000000000000000e+00,0.000000000000000000e+00,1.859297104676951124e-03,0.000000000000000000e+00,3.456985723460093141e-06,0.000000000000000000e+00
1.000000000000000000e+00,6.017538833618164062e+01,2.471046829223632812e+01,9.899999618530273438e+00,4.000000000000000000e+00,8.891667437573178567e-01,-1.107503061619435070e-01,8.937702130196266692e-01,-1.061813786128688736e-01,1.080212883880684238e-03,1.859297104676951124e-03,6.069722230937263186e-07,0.000000000000000000e+00
1.000000000000000000e+00,6.017551040649414062e+01,2.471082687377929688e+01,9.899999618530273438e+00,4.000000000000000000e+00,2.539154266622167255e-01,7.458765658202616278e-01,8.891667437573178567e-01,-1.107503061619435070e-01,3.787900264680911164e-04,1.080212883880684238e-03,4.919940249008468952e-07,0.000000000000000000e+00
1.000000000000000000e+00,6.017660140991210938e+01,2.471519088745117188e+01,9.899999618530273438e+00,4.000000000000000000e+00,1.999963337175590106e-01,7.999853348702360423e-01,2.539154266622167255e-01,7.458765658202616278e-01,4.498322330195049165e-03,3.787900264680911164e-04,1.697054640144993930e-05,0.000000000000000000e+00
1.000000000000000000e+00,6.017664337158203125e+01,2.471538352966308594e+01,9.916666984558105469e+00,4.000000000000000000e+00,1.787855811912263393e-01,8.207883500142664213e-01,1.999963337175590106e-01,7.999853348702360423e-01,1.971593354466761065e-04,4.498322330195049165e-03,1.850000310739279062e-05,0.000000000000000000e+00
1.000000000000000000e+00,6.017609786987304688e+01,2.471800994873046875e+01,9.916666984558105469e+00,4.000000000000000000e+00,-1.719729306467911722e-01,8.279955437085015912e-01,1.787855811912263393e-01,8.207883500142664213e-01,2.682470732741902043e-03,1.971593354466761065e-04,6.176772741525547519e-06,0.000000000000000000e+00
1.000000000000000000e+00,6.017433547973632812e+01,2.472090911865234375e+01,9.916666984558105469e+00,4.000000000000000000e+00,-3.780606295969161090e-01,6.219179188174377426e-01,-1.719729306467911722e-01,8.279955437085015912e-01,3.392816710332025726e-03,2.682470732741902043e-03,5.045914078784685261e-07,0.000000000000000000e+00
1.000000000000000000e+00,6.017306518554687500e+01,2.472242164611816406e+01,9.916666984558105469e+00,4.000000000000000000e+00,-4.564606362690837860e-01,5.435034302723474875e-01,-3.780606295969161090e-01,6.219179188174377426e-01,1.975192816567331727e-03,3.392816710332025726e-03,2.009657504172572384e-06,0.000000000000000000e+00
1.000000000000000000e+00,6.017234039306640625e+01,2.472315788269042969e+01,9.916666984558105469e+00,4.000000000000000000e+00,-4.960495988443761051e-01,5.038819609313925918e-01,-4.564606362690837860e-01,5.435034302723474875e-01,1.033135242882305327e-03,1.975192816567331727e-03,8.874724721373189291e-07,0.000000000000000000e+00
1.000000000000000000e+00,6.017251586914062500e+01,2.472479820251464844e+01,9.916666984558105469e+00,4.000000000000000000e+00,9.663333364524892555e-02,9.033115971186312931e-01,-4.960495988443761051e-01,5.038819609313925918e-01,1.649679053133746784e-03,1.033135242882305327e-03,3.801262699593654724e-07,0.000000000000000000e+00
1.000000000000000000e+00,6.017252731323242188e+01,2.472580528259277344e+01,9.933333396911621094e+00,4.000000000000000000e+00,1.123485200410345893e-02,9.886669763611043438e-01,9.663333364524892555e-02,9.033115971186312931e-01,1.007145099274832150e-03,1.649679053133746784e-03,4.128498818615698188e-07,0.000000000000000000e+00
1.000000000000000000e+00,6.017267990112304688e+01,2.472761344909667969e+01,9.933333396911621094e+00,4.000000000000000000e+00,7.781704294340363592e-02,9.221319588793330801e-01,1.123485200410345893e-02,9.886669763611043438e-01,1.814593389774672803e-03,1.007145099274832150e-03,6.519727418311150519e-07,0.000000000000000000e+00
1.000000000000000000e+00,6.017309951782226562e+01,2.472897720336914062e+01,9.933333396911621094e+00,4.000000000000000000e+00,2.352809246026312251e-01,7.646630049585514399e-01,7.781704294340363592e-02,9.221319588793330801e-01,1.426851039849184747e-03,1.814593389774672803e-03,1.503441299257396235e-07,0.000000000000000000e+00
1.000000000000000000e+00,6.017298889160156250e+01,2.473013114929199219e+01,9.933333396911621094e+00,4.000000000000000000e+00,-8.747422900624778064e-02,9.124466991168949104e-01,2.352809246026312251e-01,7.646630049585514399e-01,1.159236539094934178e-03,1.426851039849184747e-03,7.161752101394677730e-08,0.000000000000000000e+00
1.000000000000000000e+00,6.017192459106445312e+01,2.473092269897460938e+01,9.933333396911621094e+00,4.000000000000000000e+00,-5.734531701319977026e-01,4.264929491125072358e-01,-8.747422900624778064e-02,9.124466991168949104e-01,1.326380991021310638e-03,1.159236539094934178e-03,2.793726780976877138e-08,0.000000000000000000e+00
1.000000000000000000e+00,6.017208099365234375e+01,2.473263740539550781e+01,9.933333396911621094e+00,4.000000000000000000e+00,8.358370826348235361e-02,9.163628503520809820e-01,-5.734531701319977026e-01,4.264929491125072358e-01,1.721824578570422745e-03,1.326380991021310638e-03,1.563756309337122951e-07,0.000000000000000000e+00
1.000000000000000000e+00,6.017215347290039062e+01,2.473429489135742188e+01,9.949999809265136719e+00,4.000000000000000000e+00,4.189393996802668468e-02,9.580482587425049879e-01,8.358370826348235361e-02,9.163628503520809820e-01,1.659069906706653981e-03,1.721824578570422745e-03,3.938148840729291123e-09,0.000000000000000000e+00
1.000000000000000000e+00,6.017240524291992188e+01,2.473480415344238281e+01,9.949999809265136719e+00,4.000000000000000000e+00,3.307836025379931599e-01,6.690850142245770016e-01,4.189393996802668468e-02,9.580482587425049879e-01,5.680985952398818605e-04,1.659069906706653981e-03,1.190218402443528792e-06,0.000000000000000000e+00
1.000000000000000000e+00,6.017248535156250000e+01,2.473533821105957031e+01,9.949999809265136719e+00,4.000000000000000000e+00,1.304135483669421891e-01,8.694236557796145570e-01,3.307836025379931599e-01,6.690850142245770016e-01,5.400323444866057679e-04,5.680985952398818605e-04,7.877144313457707939e-10,0.000000000000000000e+00
1.000000000000000000e+00,6.017280960083007812e+01,2.473643493652343750e+01,9.949999809265136719e+00,4.000000000000000000e+00,2.281718620444016521e-01,7.717577686795938918e-01,1.304135483669421891e-01,8.694236557796145570e-01,1.143653938313355300e-03,5.400323444866057679e-04,3.643590285339454124e-07,0.000000000000000000e+00
1.000000000000000000e+00,6.017284011840820312e+01,2.473663139343261719e+01,9.949999809265136719e+00,4.000000000000000000e+00,1.343945702013262800e-01,8.651650456710380244e-01,2.281718620444016521e-01,7.717577686795938918e-01,1.988130773843900425e-04,1.143653938313355300e-03,8.927242524809882230e-07,0.000000000000000000e+00
1.000000000000000000e+00,6.017285919189453125e+01,2.473684692382812500e+01,9.949999809265136719e+00,4.000000000000000000e+00,8.126617326873925018e-02,9.183077579367535659e-01,1.343945702013262800e-01,8.651650456710380244e-01,2.163727091582098242e-04,1.988130773843900425e-04,3.083406680321412299e-10,0.000000000000000000e+00
1.000000000000000000e+00,6.017287826538085938e+01,2.473684692382812500e+01,9.966666221618652344e+00,4.000000000000000000e+00,9.947844644271442993e-01,0.000000000000000000e+00,8.126617326873925018e-02,9.183077579367535659e-01,1.907348632812500000e-05,2.163727091582098242e-04,3.892698332935546673e-08,0.000000000000000000e+00
1.000000000000000000e+00,6.017305755615234375e+01,2.473662948608398438e+01,9.966666221618652344e+00,4.000000000000000000e+00,4.518091932027471502e-01,-5.479388087777997685e-01,9.947844644271442993e-01,0.000000000000000000e+00,2.818232661020489264e-04,1.907348632812500000e-05,6.903744677124552261e-08,0.000000000000000000e+00
1.000000000000000000e+00,6.017401885986328125e+01,2.473686408996582031e+01,9.966666221618652344e+00,4.000000000000000000e+00,8.037605419446546273e-01,1.961558465460169209e-01,4.518091932027471502e-01,-5.479388087777997685e-01,9.895169559106600527e-04,2.818232661020489264e-04,5.008303585949267662e-07,0.000000000000000000e+00
1.000000000000000000e+00,6.017465972900390625e+01,2.473710441589355469e+01,9.966666221618652344e+00,4.000000000000000000e+00,7.271902040914021148e-01,2.726963265342757792e-01,8.037605419446546273e-01,1.961558465460169209e-01,6.844485422198034975e-04,9.895169559106600527e-04,9.306673703185559330e-08,0.000000000000000000e+00
1.000000000000000000e+00,6.017462158203125000e+01,2.473838424682617188e+01,9.966666221618652344e+00,4.000000000000000000e+00,-2.894136416643471738e-02,9.709827677838848148e-01,7.271902040914021148e-01,2.726963265342757792e-01,1.280399315685000049e-03,6.844485422198034975e-04,3.551573243937660221e-07,0.000000000000000000e+00
1.000000000000000000e+00,6.017472457885742188e+01,2.473860931396484375e+01,9.966666221618652344e+00,4.000000000000000000e+00,3.138578186697472683e-01,6.858374556116698662e-01,-2.894136416643471738e-02,9.709827677838848148e-01,2.475147735215505254e-04,1.280399315685000049e-03,1.066850477440198719e-06,0.000000000000000000e+00
1.000000000000000000e+00,6.017485046386718750e+01,2.474099349975585938e+01,9.983333587646484375e+00,4.000000000000000000e+00,5.014997773316674096e-02,9.498101843402790845e-01,3.138578186697472683e-01,6.858374556116698662e-01,2.387506842244539480e-03,2.475147735215505254e-04,4.579566054197297748e-06,0.000000000000000000e+00
1.000000000000000000e+00,6.017522811889648438e+01,2.474304962158203125e+01,9.983333587646484375e+00,4.000000000000000000e+00,1.551660382686620987e-01,8.447928750182713831e-01,5.014997773316674096e-02,9.498101843402790845e-01,2.090516750761301380e-03,2.387506842244539480e-03,8.820311443922213441e-08,0.000000000000000000e+00
1.000000000000000000e+00,6.017569732666015625e+01,2.474259757995605469e+01,9.983333587646484375e+00,4.000000000000000000e+00,5.092614907477306385e-01,-4.906299727935453658e-01,1.551660382686620987e-01,8.447928750182713831e-01,6.515347704501245427e-04,2.090516750761301380e-03,2.070669139660276052e-06,0.000000000000000000e+00
1.000000000000000000e+00,6.017596817016601562e+01,2.474240493774414062e+01,9.983333587646484375e+00,4.000000000000000000e+00,5.842360872552613271e-01,-4.155482029069112460e-01,5.092614907477306385e-01,-4.906299727935453658e-01,3.323661030811353250e-04,6.515347704501245427e-04,1.018686382300964812e-07,0.000000000000000000e+00
1.000000000000000000e+00,6.017789459228515625e+01,2.474166870117187500e+01,9.983333587646484375e+00,4.000000000000000000e+00,7.234685310981925355e-01,-2.764939138652498518e-01,5.842360872552613271e-01,-4.155482029069112460e-01,2.062315803036890351e-03,3.323661030811353250e-04,2.992725964377006644e-06,0.000000000000000000e+00
1.000000000000000000e+00,6.017871093750000000e+01,2.474193000793457031e+01,9.983333587646484375e+00,4.000000000000000000e+00,7.574518366533565805e-01,2.424553776203501043e-01,7.234685310981925355e-01,-2.764939138652498518e-01,8.571468567454428554e-04,2.062315803036890351e-03,1.452432189105237957e-06,0.000000000000000000e+00
1.000000000000000000e+00,6.017893981933593750e+01,2.474204254150390625e+01,1.000000000000000000e+01,4.000000000000000000e+00,6.701947625298004807e-01,3.295124249104852132e-01,7.574518366533565805e-01,2.424553776203501043e-01,2.550503853155429196e-04,8.571468567454428554e-04,3.625201609083363656e-07,0.000000000000000000e+00
1.000000000000000000e+00,6.018121719360351562e+01,2.474481964111328125e+01,1.000000000000000000e+01,4.000000000000000000e+00,4.505571237096877013e-01,5.494230922288988461e-01,6.701947625298004807e-01,3.295124249104852132e-01,3.591478218647271674e-03,2.550503853155429196e-04,1.113175068703065352e-05,0.000000000000000000e+00
1.000000000000000000e+00,6.018127441406250000e+01,2.474498558044433594e+01,1.000000000000000000e+01,4.000000000000000000e+00,2.562954080283039726e-01,7.432566832820814984e-01,4.505571237096877013e-01,5.494230922288988461e-01,1.755278966924053339e-04,3.591478218647271674e-03,1.166871660206355591e-05,0.000000000000000000e+00
1.000000000000000000e+00,6.018176269531250000e+01,2.474670028686523438e+01,1.000000000000000000e+01,4.000000000000000000e+00,2.216349609913049468e-01,7.783196481686841528e-01,2.562954080283039726e-01,7.432566832820814984e-01,1.782873155603587013e-03,1.755278966924053339e-04,2.583558781344253254e-06,0.000000000000000000e+00
1.000000000000000000e+00,6.018167114257812500e+01,2.475052070617675781e+01,1.000000000000000000e+01,4.000000000000000000e+00,-2.340261971171704244e-02,9.765718183868591362e-01,2.216349609913049468e-01,7.783196481686841528e-01,3.821516141406805164e-03,1.782873155603587013e-03,4.156065223564659752e-06,0.000000000000000000e+00
1.000000000000000000e+00,6.018136596679687500e+01,2.475232887268066406e+01,1.000000000000000000e+01,4.000000000000000000e+00,-1.443974994696568814e-01,8.555551843577169358e-01,-2.340261971171704244e-02,9.765718183868591362e-01,1.833738902709461122e-03,3.821516141406805164e-03,3.951258350683237610e-06,0.000000000000000000e+00
1.000000000000000000e+00,6.018118286132812500e+01,2.475372123718261719e+01,1.001666641235351562e+01,4.000000000000000000e+00,-1.162153837371538989e-01,8.837211471679410346e-01,-1.443974994696568814e-01,8.555551843577169358e-01,1.404352704624209011e-03,1.833738902709461122e-03,1.843725071061073584e-07,0.000000000000000000e+00
1.000000000000000000e+00,6.018118286132812500e+01,2.475378608703613281e+01,1.001666641235351562e+01,4.000000000000000000e+00,0.000000000000000000e+00,9.984603506461189326e-01,-1.162153837371538989e-01,8.837211471679410346e-01,6.484985351562500000e-05,1.404352704624209011e-03,1.794267888128025325e-06,0.000000000000000000e+00
1.000000000000000000e+00,6.018120193481445312e+01,2.475371170043945312e+01,1.001666641235351562e+01,4.000000000000000000e+00,2.038635036966813807e-01,-7.950676644170573404e-01,0.000000000000000000e+00,9.984603506461189326e-01,7.679299216917951645e-05,6.484985351562500000e-05,1.426385608980279927e-10,0.000000000000000000e+00
1.000000000000000000e+00,6.018125534057617188e+01,2.475362968444824219e+01,1.001666641235351562e+01,4.000000000000000000e+00,3.940751987355005093e-01,-6.051869123438043951e-01,2.038635036966813807e-01,-7.950676644170573404e-01,9.787133492025374706e-05,7.679299216917951645e-05,4.442965331317635532e-10,0.000000000000000000e+00
1.000000000000000000e+00,6.018125534057617188e+01,2.475438499450683594e+01,1.001666641235351562e+01,4.000000000000000000e+00,0.000000000000000000e+00,9.998676215667737788e-01,3.940751987355005093e-01,-6.051869123438043951e-01,7.553100585937500000e-04,9.787133492025374706e-05,4.322256753854357063e-07,0.000000000000000000e+00
1.000000000000000000e+00,6.018086624145507812e+01,2.475768661499023438e+01,1.001666641235351562e+01,4.000000000000000000e+00,-1.054235001407730354e-01,8.945494056062653909e-01,0.000000000000000000e+00,9.998676215667737788e-01,3.324469272294761427e-03,7.553100585937500000e-04,6.600579065344798881e-06,0.000000000000000000e+00
1.000000000000000000e+00,6.018091964721679688e+01,2.475786209106445312e+01,1.003333377838134766e+01,4.000000000000000000e+00,2.332314329653945306e-01,7.663318511720106363e-01,-1.054235001407730354e-01,8.945494056062653909e-01,1.834230847194108169e-04,3.324469272294761427e-03,9.866171152481644155e-06,0.000000000000000000e+00
1.000000000000000000e+00,6.018099212646484375e+01,2.476000595092773438e+01,1.003333377838134766e+01,4.000000000000000000e+00,3.270076208114027633e-02,9.672541205053071245e-01,2.332314329653945306e-01,7.663318511720106363e-01,2.145084696413113601e-03,1.834230847194108169e-04,3.848116278792735192e-06,0.000000000000000000e+00
1.000000000000000000e+00,6.018154144287109375e+01,2.476410102844238281e+01,1.003333377838134766e+01,4.000000000000000000e+00,1.182726074370099301e-01,8.817058616918761471e-01,3.270076208114027633e-02,9.672541205053071245e-01,4.131756087325901168e-03,2.145084696413113601e-03,3.946863215471349624e-06,0.000000000000000000e+00
1.000000000000000000e+00,6.018154144287109375e+01,2.476410102844238281e+01,1.003333377838134766e+01,4.000000000000000000e+00,0.000000000000000000e+00,0.000000000000000000e+00,1.182726074370099301e-01,8.817058616918761471e-01,0.000000000000000000e+00,4.131756087325901168e-03,1.707140836515463889e-05,0.000000000000000000e+00
1.000000000000000000e+00,6.018251037597656250e+01,2.476742172241210938e+01,1.003333377838134766e+01,4.000000000000000000e+00,2.258729025143479952e-01,7.741037859792910814e-01,0.000000000000000000e+00,0.000000000000000000e+00,3.459167501502590295e-03,0.000000000000000000e+00,1.196583980345167220e-05,0.000000000000000000e+00
1.000000000000000000e+00,6.018342971801757812e+01,2.476971435546875000e+01,1.003333377838134766e+01,4.000000000000000000e+00,2.862143670571213883e-01,7.137545004204562948e-01,2.258729025143479952e-01,7.741037859792910814e-01,2.470092330416033197e-03,3.459167501502590295e-03,9.782696940599021562e-07,0.000000000000000000e+00
1.000000000000000000e+00,6.018486785888671875e+01,2.477397346496582031e+01,1.005000019073486328e+01,4.000000000000000000e+00,2.524227538593647457e-01,7.475596941219647684e-01,2.862143670571213883e-01,7.137545004204562948e-01,4.495360148812003846e-03,2.470092330416033197e-03,4.101709736230374117e-06,0.000000000000000000e+00
1.000000000000000000e+00,6.018480300903320312e+01,2.477568626403808594e+01,1.005000019073486328e+01,4.000000000000000000e+00,-3.647863462334877821e-02,9.634651144637411679e-01,2.524227538593647457e-01,7.475596941219647684e-01,1.714026302439663162e-03,4.495360148812003846e-03,7.735817964976358845e-06,0.000000000000000000e+00
1.000000000000000000e+00,6.018394470214843750e+01,2.477694511413574219e+01,1.005000019073486328e+01,4.000000000000000000e+00,-4.053862577342076667e-01,5.945665113435045779e-01,-3.647863462334877821e-02,9.634651144637411679e-01,1.523612246211358736e-03,1.714026302439663162e-03,3.625751280931587650e-08,0.000000000000000000e+00
1.000000000000000000e+00,6.018258666992187500e+01,2.477837562561035156e+01,1.005000019073486328e+01,4.000000000000000000e+00,-4.869866401332707539e-01,5.129775001403834578e-01,-4.053862577342076667e-01,5.945665113435045779e-01,1.972464095331367528e-03,1.523612246211358736e-03,2.014679824584511320e-07,0.000000000000000000e+00
1.000000000000000000e+00,6.018186569213867188e+01,2.477925872802734375e+01,1.005000019073486328e+01,4.000000000000000000e+00,-4.494369043548501197e-01,5.505007585087184907e-01,-4.869866401332707539e-01,5.129775001403834578e-01,1.140034579637800270e-03,1.972464095331367528e-03,6.929388985978268900e-07,0.000000000000000000e+00
1.000000000000000000e+00,6.018185424804687500e+01,2.477928543090820312e+01,1.005000019073486328e+01,4.000000000000000000e+00,-2.992156241941125727e-01,6.981697897862626512e-01,-4.494369043548501197e-01,5.505007585087184907e-01,2.905186884255946600e-05,1.140034579637800270e-03,1.234282583685941480e-06,0.000000000000000000e+00
1.000000000000000000e+00,6.018181228637695312e+01,2.477922439575195312e+01,1.006666660308837891e+01,4.000000000000000000e+00,-4.070122377183539308e-01,-5.920178003176056469e-01,-2.992156241941125727e-01,6.981697897862626512e-01,7.406802306727447297e-05,2.905186884255946600e-05,2.026454141183326951e-09,0.000000000000000000e+00
1.000000000000000000e+00,6.018177795410156250e+01,2.477953147888183594e+01,1.006666660308837891e+01,4.000000000000000000e+00,-1.005292143794700582e-01,8.991779730608155941e-01,-4.070122377183539308e-01,-5.920178003176056469e-01,3.089963653380440722e-04,7.406802306727447297e-05,5.519132600209186603e-08,0.000000000000000000e+00
1.000000000000000000e+00,6.018172073364257812e+01,2.477992248535156250e+01,1.006666660308837891e+01,4.000000000000000000e+00,-1.276310998067848868e-01,8.721458486796968002e-01,-1.005292143794700582e-01,8.991779730608155941e-01,3.951711531658298878e-04,3.089963653380440722e-04,7.426094057163902741e-09,0.000000000000000000e+00
1.000000000000000000e+00,6.018244171142578125e+01,2.478381538391113281e+01,1.006666660308837891e+01,4.000000000000000000e+00,1.562595318314417003e-01,8.437187948888161815e-01,-1.276310998067848868e-01,8.721458486796968002e-01,3.959099412616094715e-03,3.951711531658298878e-04,1.270158463850819271e-05,0.000000000000000000e+00
1.000000000000000000e+00,6.018305969238281250e+01,2.478675270080566406e+01,1.006666660308837891e+01,4.000000000000000000e+00,1.738148535921695270e-01,8.261570201603120056e-01,1.562595318314417003e-01,8.437187948888161815e-01,3.001621395538079176e-03,3.959099412616094715e-03,9.167641531876486502e-07,0.000000000000000000e+00
1.000000000000000000e+00,6.018301010131835938e+01,2.478904533386230469e+01,1.006666660308837891e+01,4.000000000000000000e+00,-2.117173452065567243e-02,9.787855728395430388e-01,1.738148535921695270e-01,8.261570201603120056e-01,2.293169336546023538e-03,3.001621395538079176e-03,5.019043198900830904e-07,0.000000000000000000e+00
1.000000000000000000e+00,6.018294143676757812e+01,2.479084396362304688e+01,1.008333301544189453e+01,4.000000000000000000e+00,-3.677024737492791406e-02,9.631762020710283867e-01,-2.117173452065567243e-02,9.787855728395430388e-01,1.799939953654423842e-03,2.293169336546023538e-03,2.432752241476282390e-07,0.000000000000000000e+00
1.000000000000000000e+00,6.018274688720703125e+01,2.479341888427734375e+01,1.008333301544189453e+01,4.000000000000000000e+00,-7.024539746425993714e-02,9.297184958504991492e-01,-3.677024737492791406e-02,9.631762020710283867e-01,2.582259845064711727e-03,1.799939953654423842e-03,6.120244124962046728e-07,0.000000000000000000e+00
1.000000000000000000e+00,6.018274688720703125e+01,2.479341888427734375e+01,1.008333301544189453e+01,4.000000000000000000e+00,0.000000000000000000e+00,0.000000000000000000e+00,-7.024539746425993714e-02,9.297184958504991492e-01,0.000000000000000000e+00,2.582259845064711727e-03,6.668065907433629036e-06,0.000000000000000000e+00
1.000000000000000000e+00,6.018092346191406250e+01,2.479649353027343750e+01,1.008333301544189453e+01,4.000000000000000000e+00,-3.722665430342166903e-01,6.277130411832190227e-01,0.000000000000000000e+00,0.000000000000000000e+00,3.574678698894979186e-03,0.000000000000000000e+00,1.277832780033350160e-05,0.000000000000000000e+00
1.000000000000000000e+00,6.017988586425781250e+01,2.479735565185546875e+01,1.008333301544189453e+01,4.000000000000000000e+00,-5.461559896554714078e-01,4.537913737578549433e-01,-3.722665430342166903e-01,6.277130411832190227e-01,1.349022801311956527e-03,3.574678698894979186e-03,4.953544174446090357e-06,0.000000000000000000e+00
1.000000000000000000e+00,6.017884063720703125e+01,2.479841995239257812e+01,1.008333301544189453e+01,4.000000000000000000e+00,-4.954557177678701185e-01,5.044968805008603896e-01,-5.461559896554714078e-01,4.537913737578549433e-01,1.491722233184239292e-03,1.349022801311956527e-03,2.036312785667227075e-08,0.000000000000000000e+00
1.000000000000000000e+00,6.017881774902343750e+01,2.479928016662597656e+01,1.010000038146972656e+01,4.000000000000000000e+00,-2.591499202606061675e-02,9.739717836461114775e-01,-4.954557177678701185e-01,5.044968805008603896e-01,8.605186786406688378e-04,1.491722233184239292e-03,3.984179272684381226e-07,0.000000000000000000e+00
1.000000000000000000e+00,6.017935180664062500e+01,2.479986190795898438e+01,1.010000038146972656e+01,4.000000000000000000e+00,4.785895865338213873e-01,5.213207996171983494e-01,-2.591499202606061675e-02,9.739717836461114775e-01,7.897091344322268360e-04,8.605186786406688378e-04,5.013991551007302551e-09,0.000000000000000000e+00
1.000000000000000000e+00,6.017923736572265625e+01,2.480126190185546875e+01,1.010000038146972656e+01,4.000000000000000000e+00,-7.556176119336868724e-02,9.243722119322103081e-01,4.785895865338213873e-01,5.213207996171983494e-01,1.404663530493702574e-03,7.897091344322268360e-04,3.781689092353343571e-07,0.000000000000000000e+00
1.000000000000000000e+00,6.017861557006835938e+01,2.480216217041015625e+01,1.010000038146972656e+01,4.000000000000000000e+00,-4.084944650694107282e-01,5.914398389962020053e-01,-7.556176119336868724e-02,9.243722119322103081e-01,1.094126732267153334e-03,1.404663530493702574e-03,9.643310305279655993e-08,0.000000000000000000e+00
1.000000000000000000e+00,6.017808151245117188e+01,2.480224609375000000e+01,1.010000038146972656e+01,4.000000000000000000e+00,-8.640577113921635855e-01,1.357804975044828444e-01,-4.084944650694107282e-01,5.914398389962020053e-01,5.406113811662864458e-04,1.094126732267153334e-03,3.063792439043159605e-07,0.000000000000000000e+00
1.000000000000000000e+00,6.017808151245117188e+01,2.480224609375000000e+01,1.010000038146972656e+01,4.000000000000000000e+00,0.000000000000000000e+00,0.000000000000000000e+00,-8.640577113921635855e-01,1.357804975044828444e-01,0.000000000000000000e+00,5.406113811662864458e-04,2.922606654465198517e-07,0.000000000000000000e+00
1.000000000000000000e+00,6.017757034301757812e+01,2.480340576171875000e+01,1.011666679382324219e+01,4.000000000000000000e+00,-3.059177638113523834e-01,6.940223895421725464e-01,0.000000000000000000e+00,0.000000000000000000e+00,1.267329470810690979e-03,0.000000000000000000e+00,1.606123987585305956e-06,0.000000000000000000e+00
1.000000000000000000e+00,6.017768859863281250e+01,2.480380630493164062e+01,1.011666679382324219e+01,4.000000000000000000e+00,2.278972486056334845e-01,7.719100355997263740e-01,-3.059177638113523834e-01,6.940223895421725464e-01,4.176353145116024393e-04,1.267329470810690979e-03,7.219801592488197976e-07,0.000000000000000000e+00
1.000000000000000000e+00,6.017779159545898438e+01,2.480360031127929688e+01,1.011666679382324219e+01,4.000000000000000000e+00,3.332254900458486713e-01,-6.664509800916973425e-01,2.278972486056334845e-01,7.719100355997263740e-01,2.303079047870419357e-04,4.176353145116024393e-04,3.509155843411336424e-08,0.000000000000000000e+00
1.000000000000000000e+00,6.017779922485351562e+01,2.480368041992187500e+01,1.011666679382324219e+01,4.000000000000000000e+00,8.685752530819829120e-02,9.120040157360820299e-01,3.332254900458486713e-01,-6.664509800916973425e-01,8.047112697497935477e-05,2.303079047870419357e-04,2.245105998510140475e-08,0.000000000000000000e+00
1.000000000000000000e+00,6.017782592773437500e+01,2.480369377136230469e+01,1.011666679382324219e+01,4.000000000000000000e+00,6.650064053416961940e-01,3.325032026708480970e-01,8.685752530819829120e-02,9.120040157360820299e-01,2.985472839832025268e-05,8.047112697497935477e-05,2.562019804871217563e-09,0.000000000000000000e+00
1.000000000000000000e+00,6.017782974243164062e+01,2.480365562438964844e+01,1.011666679382324219e+01,4.000000000000000000e+00,9.069295804732400990e-02,-9.069295804732401267e-01,6.650064053416961940e-01,3.325032026708480970e-01,3.833723305176120737e-05,2.985472839832025268e-05,7.195288519564744593e-11,0.000000000000000000e+00
1.000000000000000000e+00,6.017780685424804688e+01,2.480369949340820312e+01,1.013333320617675781e+01,4.000000000000000000e+00,-3.423443227991094240e-01,6.561599520316263590e-01,9.069295804732400990e-02,-9.069295804732401267e-01,4.948090275220049509e-05,3.833723305176120737e-05,1.241813743924886537e-10,0.000000000000000000e+00
1.000000000000000000e+00,6.017785263061523438e+01,2.480366325378417969e+01,1.013333320617675781e+01,4.000000000000000000e+00,5.574598383634049581e-01,-4.413223720376955872e-01,-3.423443227991094240e-01,6.561599520316263590e-01,5.838481088643633496e-05,4.948090275220049509e-05,7.927958006291115659e-11,0.000000000000000000e+00
1.000000000000000000e+00,6.017788696289062500e+01,2.480374526977539062e+01,1.013333320617675781e+01,4.000000000000000000e+00,2.948285654443938975e-01,7.043126841171631902e-01,5.574598383634049581e-01,-4.413223720376955872e-01,8.891191116948444367e-05,5.838481088643633496e-05,9.319038516912758604e-10,0.000000000000000000e+00
1.000000000000000000e+00,6.017776870727539062e+01,2.480360794067382812e+01,1.013333320617675781e+01,4.000000000000000000e+00,-4.625056073583054816e-01,-5.371032859644837565e-01,2.948285654443938975e-01,7.043126841171631902e-01,1.812282336459305316e-04,8.891191116948444367e-05,8.522303395575185161e-09,0.000000000000000000e+00
1.000000000000000000e+00,6.017770767211914062e+01,2.480380058288574219e+01,1.013333320617675781e+01,4.000000000000000000e+00,-2.405066956583057913e-01,7.590992581715276799e-01,-4.625056073583054816e-01,-5.371032859644837565e-01,2.020799646417340326e-04,1.812282336459305316e-04,4.347946855213524903e-10,0.000000000000000000e+00
1.000000000000000000e+00,6.017756271362304688e+01,2.480437660217285156e+01,1.016666698455810547e+01,4.000000000000000000e+00,-2.010303180467227502e-01,7.988310006593456469e-01,-2.405066956583057913e-01,7.590992581715276799e-01,5.939791113429447513e-04,2.020799646417340326e-04,1.535849411851370827e-07,0.000000000000000000e+00
1.000000000000000000e+00,6.017767333984375000e+01,2.480410194396972656e+01,1.016666698455810547e+01,4.000000000000000000e+00,2.870542083778208076e-01,-7.126863104552791928e-01,-2.010303180467227502e-01,7.988310006593456469e-01,2.961001338245396533e-04,5.939791113429447513e-04,8.873188524741048532e-08,0.000000000000000000e+00
1.000000000000000000e+00,6.017769241333007812e+01,2.480405426025390625e+01,1.016666698455810547e+01,4.000000000000000000e+00,2.852869356659245015e-01,-7.132173391648113370e-01,2.870542083778208076e-01,-7.126863104552791928e-01,5.135693366178993146e-05,2.961001338245396533e-04,5.989923402590377733e-08,0.000000000000000000e+00
1.000000000000000000e+00,6.017781066894531250e+01,2.480387687683105469e+01,1.018333339691162109e+01,4.000000000000000000e+00,3.998647456208051509e-01,-5.997971184312076431e-01,2.852869356659245015e-01,-7.132173391648113370e-01,2.131883421695397783e-04,5.135693366178993146e-05,2.618940477960220962e-08,0.000000000000000000e+00
1.000000000000000000e+00,6.017782974243164062e+01,2.480395507812500000e+01,1.018333339691162109e+01,4.000000000000000000e+00,1.958770666754252321e-01,8.030959733692434321e-01,3.998647456208051509e-01,-5.997971184312076431e-01,8.049372805026699549e-05,2.131883421695397783e-04,1.760786061626270814e-08,0.000000000000000000e+00
1.000000000000000000e+00,6.017785263061523438e+01,2.480360031127929688e+01,1.018333339691162109e+01,4.000000000000000000e+00,6.059001685921258651e-02,-9.391452613177950770e-01,1.958770666754252321e-01,8.030959733692434321e-01,3.555044075090576161e-04,8.049372805026699549e-05,7.563087381638568052e-08,0.000000000000000000e+00
1.000000000000000000e+00,6.017786026000976562e+01,2.480335426330566406e+01,1.018333339691162109e+01,4.000000000000000000e+00,3.006333695728822392e-02,-9.695426168725451710e-01,6.059001685921258651e-02,-9.391452613177950770e-01,2.461662304007734121e-04,3.555044075090576161e-04,1.195483697336252392e-08,0.000000000000000000e+00
1.000000000000000000e+00,6.017809677124023438e+01,2.480232048034667969e+01,1.019999980926513672e+01,4.000000000000000000e+00,1.861715304055055198e-01,-8.137497538692256560e-01,3.006333695728822392e-02,-9.695426168725451710e-01,1.060492700787861236e-03,2.461662304007734121e-04,6.631276003730925084e-07,0.000000000000000000e+00
1.000000000000000000e+00,6.017831420898437500e+01,2.480227661132812500e+01,1.019999980926513672e+01,4.000000000000000000e+00,8.317984657270079962e-01,-1.678189886993086133e-01,1.861715304055055198e-01,-8.137497538692256560e-01,2.218189878389932048e-04,1.060492700787861236e-03,7.033735967914402155e-07,0.000000000000000000e+00
1.000000000000000000e+00,6.017939758300781250e+01,2.480026626586914062e+01,1.019999980926513672e+01,4.000000000000000000e+00,3.501736379878968575e-01,-6.497940395057100194e-01,8.317984657270079962e-01,-1.678189886993086133e-01,2.283678641822937169e-03,2.218189878389932048e-04,4.251265232726788513e-06,0.000000000000000000e+00
1.000000000000000000e+00,6.017903900146484375e+01,2.479917335510253906e+01,1.019999980926513672e+01,4.000000000000000000e+00,-2.470263452104496937e-01,-7.529047649233386874e-01,3.501736379878968575e-01,-6.497940395057100194e-01,1.150232440296944684e-03,2.283678641822937169e-03,1.284700291753700775e-06,0.000000000000000000e+00
1.000000000000000000e+00,6.017937469482421875e+01,2.479840850830078125e+01,1.019999980926513672e+01,4.000000000000000000e+00,3.049982830260292710e-01,-6.949108607581688801e-01,-2.470263452104496937e-01,-7.529047649233386874e-01,8.352728067449745027e-04,1.150232440296944684e-03,9.919957076719134715e-08,0.000000000000000000e+00
1.000000000000000000e+00,6.018040466308593750e+01,2.479765129089355469e+01,1.019999980926513672e+01,4.000000000000000000e+00,5.762751190896865383e-01,-4.236689301455658363e-01,3.049982830260292710e-01,-6.949108607581688801e-01,1.278363337222583650e-03,8.352728067449745027e-04,1.963292181989290830e-07,0.000000000000000000e+00
1.000000000000000000e+00,6.018039703369140625e+01,2.479750251770019531e+01,1.021666622161865234e+01,4.000000000000000000e+00,-4.874931867952213282e-02,-9.506117142506815831e-01,5.762751190896865383e-01,-4.236689301455658363e-01,1.489686904126482768e-04,1.278363337222583650e-03,1.275532268242938640e-06,0.000000000000000000e+00
1.000000000000000000e+00,6.018207550048828125e+01,2.479538154602050781e+01,1.021666622161865234e+01,4.000000000000000000e+00,4.417554414118038952e-01,-5.582182396021885262e-01,-4.874931867952213282e-02,-9.506117142506815831e-01,2.704768318035435416e-03,1.489686904126482768e-04,6.532111736556777529e-06,0.000000000000000000e+00
1.000000000000000000e+00,6.018275833129882812e+01,2.479518508911132812e+01,1.021666622161865234e+01,4.000000000000000000e+00,7.764843597761349470e-01,-2.234019247400611530e-01,4.417554414118038952e-01,-5.582182396021885262e-01,7.105302477703101440e-04,2.704768318035435416e-03,3.976985480894770084e-06,0.000000000000000000e+00
1.000000000000000000e+00,6.018293762207031250e+01,2.479683494567871094e+01,1.021666622161865234e+01,4.000000000000000000e+00,9.801341113083472667e-02,9.019319215762983122e-01,7.764843597761349470e-01,-2.234019247400611530e-01,1.659569785720281000e-03,7.105302477703101440e-04,9.006760445922941795e-07,0.000000000000000000e+00
1.000000000000000000e+00,6.018390655517578125e+01,2.479877281188964844e+01,1.021666622161865234e+01,4.000000000000000000e+00,3.333218663612421140e-01,6.666437327224842280e-01,9.801341113083472667e-02,9.019319215762983122e-01,2.166600289478098039e-03,1.659569785720281000e-03,2.570799317409057385e-07,0.000000000000000000e+00
1.000000000000000000e+00,6.018422698974609375e+01,2.480112457275390625e+01,1.021666622161865234e+01,4.000000000000000000e+00,1.199098595788394839e-01,8.800527194089826644e-01,3.333218663612421140e-01,6.666437327224842280e-01,2.373490568025499702e-03,2.166600289478098039e-03,4.280358735742144856e-08,0.000000000000000000e+00
1.000000000000000000e+00,6.018446350097656250e+01,2.480264663696289062e+01,1.023333358764648438e+01,4.000000000000000000e+00,1.344825913656332028e-01,8.654605476594781077e-01,1.199098595788394839e-01,8.800527194089826644e-01,1.540330165389574343e-03,2.373490568025499702e-03,6.941562565204572647e-07,0.000000000000000000e+00
1.000000000000000000e+00,6.018471145629882812e+01,2.480378341674804688e+01,1.023333358764648438e+01,4.000000000000000000e+00,1.790504305795939666e-01,8.208773586572154501e-01,1.344825913656332028e-01,8.654605476594781077e-01,1.163507680155030210e-03,1.540330165389574343e-03,1.419951853783382290e-07,0.000000000000000000e+00
1.000000000000000000e+00,6.018432617187500000e+01,2.480401039123535156e+01,1.023333358764648438e+01,4.000000000000000000e+00,-6.291807252635243097e-01,3.706559718136603898e-01,1.790504305795939666e-01,8.208773586572154501e-01,4.471705548577589577e-04,1.163507680155030210e-03,5.131388770791586208e-07,0.000000000000000000e+00
1.000000000000000000e+00,6.018477630615234375e+01,2.480669593811035156e+01,1.023333358764648438e+01,4.000000000000000000e+00,1.435477335551015865e-01,8.564203764643348871e-01,-6.291807252635243097e-01,3.706559718136603898e-01,2.723009894484785913e-03,4.471705548577589577e-04,5.179444699793982806e-06,0.000000000000000000e+00
1.000000000000000000e+00,6.018484878540039062e+01,2.480731964111328125e+01,1.023333358764648438e+01,4.000000000000000000e+00,1.040946368304234149e-01,8.957617432512752220e-01,1.435477335551015865e-01,8.564203764643348871e-01,6.279002128212334303e-04,2.723009894484785913e-03,4.389484578200351911e-06,0.000000000000000000e+00
1.000000000000000000e+00,6.018483352661132812e+01,2.480730056762695312e+01,1.023333358764648438e+01,4.000000000000000000e+00,-4.431536658380283433e-01,-5.539420822975354985e-01,1.040946368304234149e-01,8.957617432512752220e-01,2.442598051999225056e-05,6.279002128212334303e-04,3.641811490515724033e-07,0.000000000000000000e+00
1.000000000000000000e+00,6.018482971191406250e+01,2.480751228332519531e+01,1.025000000000000000e+01,4.000000000000000000e+00,-1.769090696439774152e-02,9.818453365240746855e-01,-4.431536658380283433e-01,-5.539420822975354985e-01,2.117500620953990779e-04,2.442598051999225056e-05,3.509031153806967438e-08,0.000000000000000000e+00
1.000000000000000000e+00,6.018567657470703125e+01,2.480988121032714844e+01,1.025000000000000000e+01,4.000000000000000000e+00,2.633370068545284881e-01,7.366318975525324442e-01,-1.769090696439774152e-02,9.818453365240746855e-01,2.515748741567299697e-03,2.117500620953990779e-04,5.308409915008260624e-06,0.000000000000000000e+00
1.000000000000000000e+00,6.018567657470703125e+01,2.480988121032714844e+01,1.025000000000000000e+01,4.000000000000000000e+00,0.000000000000000000e+00,0.000000000000000000e+00,2.633370068545284881e-01,7.366318975525324442e-01,0.000000000000000000e+00,2.515748741567299697e-03,6.328991730697452175e-06,0.000000000000000000e+00
1.000000000000000000e+00,6.018648910522460938e+01,2.481246376037597656e+01,1.025000000000000000e+01,4.000000000000000000e+00,2.393187937094541362e-01,7.606517527760584541e-01,0.000000000000000000e+00,0.000000000000000000e+00,2.707354907783226985e-03,0.000000000000000000e+00,7.329770596697925674e-06,0.000000000000000000e+00
1.000000000000000000e+00,6.018724822998046875e+01,2.481269264221191406e+01,1.025000000000000000e+01,4.000000000000000000e+00,7.682620095458569942e-01,2.316367867977458250e-01,2.393187937094541362e-01,7.606517527760584541e-01,7.928791142290711035e-04,2.707354907783226985e-03,3.665217564104815084e-06,0.000000000000000000e+00
1.000000000000000000e+00,6.018711853027343750e+01,2.481407546997070312e+01,1.025000000000000000e+01,4.000000000000000000e+00,-8.574464629393238613e-02,9.141892435750144097e-01,7.682620095458569942e-01,2.316367867977458250e-01,1.388896909234653637e-03,7.928791142290711035e-04,3.552372119633165859e-07,0.000000000000000000e+00
1.000000000000000000e+00,6.018685531616210938e+01,2.481700134277343750e+01,1.026666641235351562e+01,4.000000000000000000e+00,-8.253329717599822146e-02,9.174353468694295133e-01,-8.574464629393238613e-02,9.141892435750144097e-01,2.937688432455518375e-03,1.388896909234653637e-03,2.398755182400806316e-06,0.000000000000000000e+00
1.000000000000000000e+00,6.018682861328125000e+01,2.481718635559082031e+01,1.026666641235351562e+01,4.000000000000000000e+00,-1.260665809048923669e-01,8.734613105553257206e-01,-8.253329717599822146e-02,9.174353468694295133e-01,1.869298971328982014e-04,2.937688432455518375e-03,7.566672519650247564e-06,0.000000000000000000e+00
1.000000000000000000e+00,6.018665695190429688e+01,2.482035636901855469e+01,1.026666641235351562e+01,4.000000000000000000e+00,-5.136832581068478260e-02,9.486017499706457246e-01,-1.260665809048923669e-01,8.734613105553257206e-01,3.174657896585659448e-03,1.869298971328982014e-04,8.926518598713999560e-06,0.000000000000000000e+00
1.000000000000000000e+00,6.018742370605468750e+01,2.482051467895507812e+01,1.026666641235351562e+01,4.000000000000000000e+00,8.287763881412401057e-01,1.711155229246839049e-01,-5.136832581068478260e-02,9.486017499706457246e-01,7.829265375137720766e-04,3.174657896585659448e-03,5.720378893967857845e-06,0.000000000000000000e+00
1.000000000000000000e+00,6.018751144409179688e+01,2.482095527648925781e+01,1.026666641235351562e+01,4.000000000000000000e+00,1.660335561728885356e-01,8.337772059986359174e-01,8.287763881412401057e-01,1.711155229246839049e-01,4.492484282454719266e-04,7.829265375137720766e-04,1.113410806048676602e-07,0.000000000000000000e+00
1.000000000000000000e+00,6.018767547607421875e+01,2.482110214233398438e+01,1.026666641235351562e+01,4.000000000000000000e+00,5.274377121084625752e-01,4.722407422366467489e-01,1.660335561728885356e-01,8.337772059986359174e-01,2.201728130457915322e-04,4.492484282454719266e-04,5.247563747911204322e-08,0.000000000000000000e+00
1.000000000000000000e+00,6.018762969970703125e+01,2.482130622863769531e+01,1.028333377838134766e+01,4.000000000000000000e+00,-1.831328134835758237e-01,8.164671267809421318e-01,5.274377121084625752e-01,4.722407422366467489e-01,2.091571063943987606e-04,2.201728130457915322e-04,1.213457930295389503e-10,0.000000000000000000e+00
1.000000000000000000e+00,6.018752670288085938e+01,2.482130813598632812e+01,1.028333377838134766e+01,4.000000000000000000e+00,-9.808831540598622611e-01,1.816450285296041314e-02,-1.831328134835758237e-01,8.164671267809421318e-01,1.030144852935087341e-04,2.091571063943987606e-04,1.126625601416710446e-08,0.000000000000000000e+00
1.000000000000000000e+00,6.018747329711914062e+01,2.482103919982910156e+01,1.028333377838134766e+01,4.000000000000000000e+00,-1.656290903286921634e-01,-8.340607762980569717e-01,-9.808831540598622611e-01,1.816450285296041314e-02,2.741875855113616264e-04,1.030144852935087341e-04,2.930023023819110912e-08,0.000000000000000000e+00
1.000000000000000000e+00,6.018733978271484375e+01,2.482101058959960938e+01,1.028333377838134766e+01,4.000000000000000000e+00,-8.230217641944634899e-01,-1.763618066130993312e-01,-1.656290903286921634e-01,-8.340607762980569717e-01,1.365453821494708284e-04,2.741875855113616264e-04,1.894537614631610337e-08,0.000000000000000000e+00
1.000000000000000000e+00,6.018722152709960938e+01,2.482136726379394531e+01,1.028333377838134766e+01,4.000000000000000000e+00,-2.489435670181265881e-01,7.508459198772527987e-01,-8.230217641944634899e-01,-1.763618066130993312e-01,3.757670441106439525e-04,1.365453821494708284e-04,5.722700355146578769e-08,0.000000000000000000e+00
1.000000000000000000e+00,6.018722534179687500e+01,2.482128524780273438e+01,1.028333377838134766e+01,4.000000000000000000e+00,4.439272317322878747e-02,-9.544435482244189028e-01,-2.489435670181265881e-01,7.508459198772527987e-01,8.210465717327455101e-05,3.757670441106439525e-04,8.623759750175325573e-08,0.000000000000000000e+00
1.000000000000000000e+00,6.018698120117187500e+01,2.482194900512695312e+01,1.030000019073486328e+01,4.000000000000000000e+00,-2.688779475879443659e-01,7.310119200047237031e-01,4.439272317322878747e-02,-9.544435482244189028e-01,7.072329391575490594e-04,8.210465717327455101e-05,3.907853689366106517e-07,0.000000000000000000e+00
1.000000000000000000e+00,6.018692398071289062e+01,2.482184028625488281e+01,1.030000019073486328e+01,4.000000000000000000e+00,-3.446199079513793118e-01,-6.547778251076206146e-01,-2.688779475879443659e-01,7.310119200047237031e-01,1.228575356688531121e-04,7.072329391575490594e-04,3.414946122025762114e-07,0.000000000000000000e+00
1.000000000000000000e+00,6.018689346313476562e+01,2.482181167602539062e+01,1.030000019073486328e+01,4.000000000000000000e+00,-5.152576020076085062e-01,-4.830540018821329329e-01,-3.446199079513793118e-01,-6.547778251076206146e-01,4.183142127887975483e-05,1.228575356688531121e-04,6.565231213137047210e-09,0.000000000000000000e+00
1.000000000000000000e+00,6.018688583374023438e+01,2.482180976867675781e+01,1.030000019073486328e+01,4.000000000000000000e+00,-7.916984401640652091e-01,-1.979246100410163023e-01,-5.152576020076085062e-01,-4.830540018821329329e-01,7.864199877963372394e-06,4.183142127887975483e-05,1.153772129698871737e-09,0.000000000000000000e+00
1.000000000000000000e+00,6.018687057495117188e+01,2.482182502746582031e+01,1.030000019073486328e+01,4.000000000000000000e+00,-4.983669511743917258e-01,4.983669511743917258e-01,-7.916984401640652091e-01,-1.979246100410163023e-01,2.157918643757774575e-05,7.864199877963372394e-06,1.881008563304029024e-10,0.000000000000000000e+00
1.000000000000000000e+00,6.018687057495117188e+01,2.482182121276855469e+01,1.030000019073486328e+01,4.000000000000000000e+00,0.000000000000000000e+00,-9.744552405423272390e-01,-4.983669511743917258e-01,4.983669511743917258e-01,3.814697265625000000e-06,2.157918643757774575e-05,3.155770755404263642e-10,0.000000000000000000e+00
1.000000000000000000e+00,6.018686676025390625e+01,2.482180404663085938e+01,1.031666660308837891e+01,4.000000000000000000e+00,-1.809557008863065530e-01,-8.143006539883794748e-01,0.000000000000000000e+00,-9.744552405423272390e-01,1.758488551577165046e-05,3.814697265625000000e-06,1.896180844444768612e-10,0.000000000000000000e+00
1.000000000000000000e+00,6.018686294555664062e+01,2.482180023193359375e+01,1.031666660308837891e+01,4.000000000000000000e+00,-4.935311880124827466e-01,-4.935311880124827466e-01,-1.809557008863065530e-01,-8.143006539883794748e-01,5.394796609394436438e-06,1.758488551577165046e-05,1.485982675453808547e-10,0.000000000000000000e+00
1.000000000000000000e+00,6.018686294555664062e+01,2.482179832458496094e+01,1.031666660308837891e+01,4.000000000000000000e+00,0.000000000000000000e+00,-9.501830432614539745e-01,-4.935311880124827466e-01,-4.935311880124827466e-01,1.907348632812500000e-06,5.394796609394436438e-06,1.216229338936544193e-11,0.000000000000000000e+00
1.000000000000000000e+00,6.018686294555664062e+01,2.482178878784179688e+01,1.031666660308837891e+01,4.000000000000000000e+00,0.000000000000000000e+00,-9.896230502050814559e-01,0.000000000000000000e+00,-9.501830432614539745e-01,9.536743164062500000e-06,1.907348632812500000e-06,5.820766091346740723e-11,0.000000000000000000e+00
1.000000000000000000e+00,6.018653106689453125e+01,2.482289314270019531e+01,1.548333358764648438e+01,4.000000000000000000e+00,0.000000000000000000e+00,0.000000000000000000e+00,0.000000000000000000e+00,-9.896230502050814559e-01,0.000000000000000000e+00,9.536743164062500000e-06,9.094947017729282379e-11,0.000000000000000000e+00
1.000000000000000000e+00,6.018606185913085938e+01,2.482303619384765625e+01,1.548333358764648438e+01,4.000000000000000000e+00,-7.662299921526088964e-01,2.336067049245758864e-01,0.000000000000000000e+00,0.000000000000000000e+00,4.905298729739636984e-04,0.000000000000000000e+00,2.406195562798529863e-07,0.000000000000000000e+00
1.000000000000000000e+00,6.018606185913085938e+01,2.482303810119628906e+01,1.548333358764648438e+01,4.000000000000000000e+00,0.000000000000000000e+00,9.501830432614539745e-01,-7.662299921526088964e-01,2.336067049245758864e-01,1.907348632812500000e-06,4.905298729739636984e-04,2.387519712935188796e-07,0.000000000000000000e+00
1.000000000000000000e+00,6.018604660034179688e+01,2.482304954528808594e+01,1.548333358764648438e+01,4.000000000000000000e+00,-5.692966044417887561e-01,4.269724533313415948e-01,0.000000000000000000e+00,9.501830432614539745e-01,1.907348632812500000e-05,1.907348632812500000e-06,2.946762833744287491e-10,0.000000000000000000e+00
1.000000000000000000e+00,6.018603897094726562e+01,2.482305526733398438e+01,1.550000000000000000e+01,4.000000000000000000e+00,-5.671804868132804822e-01,4.253853651099603894e-01,-5.692966044417887561e-01,4.269724533313415948e-01,9.536743164062500000e-06,1.907348632812500000e-05,9.094947017729282379e-11,0.000000000000000000e+00
1.000000000000000000e+00,6.018596649169921875e+01,2.482667350769042969e+01,1.550000000000000000e+01,4.000000000000000000e+00,-1.963771081053615475e-02,9.803351949365022300e-01,-5.671804868132804822e-01,4.253853651099603894e-01,3.618966222335729625e-03,9.536743164062500000e-06,1.302798116511345138e-05,0.000000000000000000e+00
1.000000000000000000e+00,6.018590545654296875e+01,2.482647895812988281e+01,1.550000000000000000e+01,4.000000000000000000e+00,-2.387125715397705739e-01,-7.608963217830186920e-01,-1.963771081053615475e-02,9.803351949365022300e-01,2.038990480788080862e-04,3.618966222335729625e-03,1.166268380468715406e-05,0.000000000000000000e+00
1.000000000000000000e+00,6.018590545654296875e+01,2.482647895812988281e+01,1.550000000000000000e+01,4.000000000000000000e+00,0.000000000000000000e+00,0.000000000000000000e+00,-2.387125715397705739e-01,-7.608963217830186920e-01,0.000000000000000000e+00,2.038990480788080862e-04,4.157482180744408899e-08,0.000000000000000000e+00
1.000000000000000000e+00,6.018592071533203125e+01,2.482636070251464844e+01,1.550000000000000000e+01,4.000000000000000000e+00,1.142001803083806805e-01,-8.850513973899503117e-01,0.000000000000000000e+00,0.000000000000000000e+00,1.192359894415877096e-04,0.000000000000000000e+00,1.421722117811441587e-08,0.000000000000000000e+00
1.000000000000000000e+00,6.018600463867187500e+01,2.482637023925781250e+01,1.550000000000000000e+01,4.000000000000000000e+00,8.969994162653980307e-01,1.019317518483406904e-01,1.142001803083806805e-01,-8.850513973899503117e-01,8.446346216386615849e-05,1.192359894415877096e-04,1.209128653279889338e-09,0.000000000000000000e+00
1.000000000000000000e+00,6.018600463867187500e+01,2.482637023925781250e+01,1.551666641235351562e+01,4.000000000000000000e+00,0.000000000000000000e+00,0.000000000000000000e+00,8.969994162653980307e-01,1.019317518483406904e-01,0.000000000000000000e+00,8.446346216386615849e-05,7.134076440706849925e-09,0.000000000000000000e+00
1.000000000000000000e+00,6.018658065795898438e+01,2.482690238952636719e+01,1.551666641235351562e+01,4.000000000000000000e+00,5.197465581956104419e-01,4.801632110482625948e-01,0.000000000000000000e+00,0.000000000000000000e+00,7.842079618601297203e-04,0.000000000000000000e+00,6.149821274448187218e-07,0.000000000000000000e+00
1.000000000000000000e+00,6.018658065795898438e+01,2.482690238952636719e+01,1.551666641235351562e+01,4.000000000000000000e+00,0.000000000000000000e+00,0.000000000000000000e+00,5.197465581956104419e-01,4.801632110482625948e-01,0.000000000000000000e+00,7.842079618601297203e-04,6.149821274448187218e-07,0.000000000000000000e+00
1.000000000000000000e+00,6.018685531616210938e+01,2.482720947265625000e+01,1.553333377838134766e+01,4.000000000000000000e+00,4.720500032288220682e-01,5.277781286100023950e-01,0.000000000000000000e+00,0.000000000000000000e+00,4.119917198227144618e-04,0.000000000000000000e+00,1.697371772024780512e-07,0.000000000000000000e+00
1.000000000000000000e+00,6.018685531616210938e+01,2.482720947265625000e+01,1.553333377838134766e+01,4.000000000000000000e+00,0.000000000000000000e+00,0.000000000000000000e+00,4.720500032288220682e-01,5.277781286100023950e-01,0.000000000000000000e+00,4.119917198227144618e-04,1.697371772024780512e-07,0.000000000000000000e+00
1.000000000000000000e+00,6.018685531616210938e+01,2.482720947265625000e+01,1.553333377838134766e+01,4.000000000000000000e+00,0.000000000000000000e+00,0.000000000000000000e+00,0.000000000000000000e+00,0.000000000000000000e+00,0.000000000000000000e+00,0.000000000000000000e+00,0.000000000000000000e+00,0.000000000000000000e+00
1.000000000000000000e+00,6.018685531616210938e+01,2.482720947265625000e+01,1.553333377838134766e+01,4.000000000000000000e+00,0.000000000000000000e+00,0.000000000000000000e+00,0.000000000000000000e+00,0.000000000000000000e+00,0.000000000000000000e+00,0.000000000000000000e+00,0.000000000000000000e+00,0.000000000000000000e+00
1.000000000000000000e+00,6.018843460083007812e+01,2.482932662963867188e+01,1.553333377838134766e+01,4.000000000000000000e+00,4.272330240893842390e-01,5.727399235980875636e-01,0.000000000000000000e+00,0.000000000000000000e+00,2.641305311905245163e-03,0.000000000000000000e+00,6.976493750698864460e-06,0.000000000000000000e+00
1.000000000000000000e+00,6.018843460083007812e+01,2.482932662963867188e+01,1.553333377838134766e+01,4.000000000000000000e+00,0.000000000000000000e+00,0.000000000000000000e+00,4.272330240893842390e-01,5.727399235980875636e-01,0.000000000000000000e+00,2.641305311905245163e-03,6.976493750698864460e-06,0.000000000000000000e+00
1.000000000000000000e+00,6.018843460083007812e+01,2.482932662963867188e+01,1.555000019073486328e+01,4.000000000000000000e+00,0.000000000000000000e+00,0.000000000000000000e+00,0.000000000000000000e+00,0.000000000000000000e+00,0.000000000000000000e+00,0.000000000000000000e+00,0.000000000000000000e+00,0.000000000000000000e+00
1.000000000000000000e+00,6.018843460083007812e+01,2.482932662963867188e+01,1.555000019073486328e+01,4.000000000000000000e+00,0.000000000000000000e+00,0.000000000000000000e+00,0.000000000000000000e+00,0.000000000000000000e+00,0.000000000000000000e+00,0.000000000000000000e+00,0.000000000000000000e+00,0.000000000000000000e+00
1.000000000000000000e+00,6.018730163574218750e+01,2.482899475097656250e+01,1.555000019073486328e+01,4.000000000000000000e+00,-7.733847036042339473e-01,-2.265470343891190230e-01,0.000000000000000000e+00,0.000000000000000000e+00,1.180573308499950928e-03,0.000000000000000000e+00,1.393753336742520332e-06,0.000000000000000000e+00
1.000000000000000000e+00,6.018716430664062500e+01,2.482874679565429688e+01,1.555000019073486328e+01,4.000000000000000000e+00,-3.563431552276395964e-01,-6.433973636054604039e-01,-7.733847036042339473e-01,-2.265470343891190230e-01,2.834450986978137642e-04,1.180573308499950928e-03,8.048390248227873760e-07,0.000000000000000000e+00
1.000000000000000000e+00,6.018709564208984375e+01,2.482874298095703125e+01,1.555000019073486328e+01,4.000000000000000000e+00,-9.460631327690703918e-01,-5.255906293161502485e-02,-3.563431552276395964e-01,-6.433973636054604039e-01,6.877043295791605403e-05,2.834450986978137642e-04,4.608521211053681377e-08,0.000000000000000000e+00
1.000000000000000000e+00,6.018704223632812500e+01,2.482868766784667969e+01,1.555000019073486328e+01,4.000000000000000000e+00,-4.907766520888239281e-01,-5.083043896634248382e-01,-9.460631327690703918e-01,-5.255906293161502485e-02,7.688768146799611217e-05,6.877043295791605403e-05,6.588972337439691829e-11,0.000000000000000000e+00
1.000000000000000000e+00,6.018695831298828125e+01,2.482861137390136719e+01,1.556666660308837891e+01,4.000000000000000000e+00,-5.234827907792712898e-01,-4.758934461629739099e-01,-4.907766520888239281e-01,-5.083043896634248382e-01,1.134191036019783480e-04,7.688768146799611217e-05,1.334544803131207118e-09,0.000000000000000000e+00
1.000000000000000000e+00,6.018687438964843750e+01,2.482863044738769531e+01,1.556666660308837891e+01,4.000000000000000000e+00,-8.140244754367078617e-01,1.850055625992517716e-01,-5.234827907792712898e-01,-4.758934461629739099e-01,8.606349313872129739e-05,1.134191036019783480e-04,7.483294238174586284e-10,0.000000000000000000e+00
1.000000000000000000e+00,6.018680953979492188e+01,2.482868576049804688e+01,1.556666660308837891e+01,4.000000000000000000e+00,-5.392337876126351848e-01,4.599347011990123080e-01,-8.140244754367078617e-01,1.850055625992517716e-01,8.523522556878788427e-05,8.606349313872129739e-05,6.860271674034013964e-13,0.000000000000000000e+00
1.000000000000000000e+00,6.018675231933593750e+01,2.482874107360839844e+01,1.556666660308837891e+01,4.000000000000000000e+00,-5.080231348587647133e-01,4.910890303634725118e-01,-5.392337876126351848e-01,4.599347011990123080e-01,7.958467882165934045e-05,8.523522556878788427e-05,3.192867854148496520e-11,0.000000000000000000e+00
1.000000000000000000e+00,6.018675231933593750e+01,2.482874107360839844e+01,1.556666660308837891e+01,4.000000000000000000e+00,0.000000000000000000e+00,0.000000000000000000e+00,-5.080231348587647133e-01,4.910890303634725118e-01,0.000000000000000000e+00,7.958467882165934045e-05,6.333721103146673076e-09,0.000000000000000000e+00
1.000000000000000000e+00,6.018695068359375000e+01,2.483076286315917969e+01,1.556666660308837891e+01,4.000000000000000000e+00,8.934305485467838870e-02,9.106119052496066679e-01,0.000000000000000000e+00,0.000000000000000000e+00,2.031497321294259591e-03,0.000000000000000000e+00,4.126981366425751793e-06,0.000000000000000000e+00
1.000000000000000000e+00,6.018695449829101562e+01,2.483077239990234375e+01,1.558333301544189453e+01,4.000000000000000000e+00,2.835902434066402411e-01,7.089756085166006860e-01,8.934305485467838870e-02,9.106119052496066679e-01,1.027138673235798595e-05,2.031497321294259591e-03,4.085354278545632623e-06,0.000000000000000000e+00
1.000000000000000000e+00,6.018696594238281250e+01,2.483062744140625000e+01,1.558333301544189453e+01,4.000000000000000000e+00,7.312397801928320618e-02,-9.262370549109205653e-01,2.835902434066402411e-01,7.089756085166006860e-01,1.454095348552392436e-04,1.027138673235798595e-05,1.826231907808179742e-08,0.000000000000000000e+00
1.000000000000000000e+00,6.018696975708007812e+01,2.483041954040527344e+01,1.558333301544189453e+01,4.000000000000000000e+00,1.800951155784176819e-02,-9.815183799023763367e-01,7.312397801928320618e-02,-9.262370549109205653e-01,2.079359952540324474e-04,1.454095348552392436e-04,3.909558250001855109e-09,0.000000000000000000e+00
1.000000000000000000e+00,6.018697357177734375e+01,2.483036422729492188e+01,1.558333301544189453e+01,4.000000000000000000e+00,6.440720025095106327e-02,-9.339044036387903480e-01,1.800951155784176819e-02,-9.815183799023763367e-01,5.544449559688046926e-05,2.079359952540324474e-04,2.325365746768718462e-08,0.000000000000000000e+00
1.000000000000000000e+00,6.018746948242187500e+01,2.483069038391113281e+01,1.598333358764648438e+01,4.000000000000000000e+00,0.000000000000000000e+00,0.000000000000000000e+00,6.440720025095106327e-02,-9.339044036387903480e-01,0.000000000000000000e+00,5.544449559688046926e-05,3.074092091992497858e-09,0.000000000000000000e+00
1.000000000000000000e+00,6.018746948242187500e+01,2.483069038391113281e+01,1.600000000000000000e+01,4.000000000000000000e+00,0.000000000000000000e+00,0.000000000000000000e+00,0.000000000000000000e+00,0.000000000000000000e+00,0.000000000000000000e+00,0.000000000000000000e+00,0.000000000000000000e+00,0.000000000000000000e+00
1.000000000000000000e+00,6.018740844726562500e+01,2.483072280883789062e+01,1.600000000000000000e+01,4.000000000000000000e+00,-6.523632118293803961e-01,3.465679562843583250e-01,0.000000000000000000e+00,0.000000000000000000e+00,6.911342976376891128e-05,0.000000000000000000e+00,4.776666173711418278e-09,0.000000000000000000e+00
1.000000000000000000e+00,6.018741989135742188e+01,2.483069992065429688e+01,1.600000000000000000e+01,4.000000000000000000e+00,3.323652493785212991e-01,-6.647304987570425983e-01,-6.523632118293803961e-01,3.465679562843583250e-01,2.558976719856021658e-05,6.911342976376891128e-05,1.894309203090148659e-09,0.000000000000000000e+00
1.000000000000000000e+00,6.018740844726562500e+01,2.483070945739746094e+01,1.600000000000000000e+01,4.000000000000000000e+00,-5.428671026589196869e-01,4.523892522157663687e-01,3.323652493785212991e-01,-6.647304987570425983e-01,1.489686904126482768e-05,2.558976719856021658e-05,1.143380710022911294e-10,0.000000000000000000e+00
1.000000000000000000e+00,6.018740844726562500e+01,2.483070945739746094e+01,1.600000000000000000e+01,4.000000000000000000e+00,0.000000000000000000e+00,0.000000000000000000e+00,-5.428671026589196869e-01,4.523892522157663687e-01,0.000000000000000000e+00,1.489686904126482768e-05,2.219167072325944642e-10,0.000000000000000000e+00
1.000000000000000000e+00,6.018739318847656250e+01,2.483073425292968750e+01,1.600000000000000000e+01,4.000000000000000000e+00,-3.800036601952549997e-01,6.175059478172892913e-01,0.000000000000000000e+00,0.000000000000000000e+00,2.911441330427884521e-05,0.000000000000000000e+00,8.476490620523690143e-10,0.000000000000000000e+00
1.000000000000000000e+00,6.018738555908203125e+01,2.483075141906738281e+01,1.601666641235351562e+01,4.000000000000000000e+00,-3.064563738512789404e-01,6.895268411653776575e-01,-3.800036601952549997e-01,6.175059478172892913e-01,1.878520546302052293e-05,2.911441330427884521e-05,1.066925346279124131e-10,0.000000000000000000e+00
1.000000000000000000e+00,6.018741226196289062e+01,2.483073043823242188e+01,1.601666641235351562e+01,4.000000000000000000e+00,5.588280526317671582e-01,-4.390791842106742116e-01,-3.064563738512789404e-01,6.895268411653776575e-01,3.395937693551036313e-05,1.878520546302052293e-05,2.302554798765244912e-10,0.000000000000000000e+00
1.000000000000000000e+00,6.018709564208984375e+01,2.483145332336425781e+01,1.611666679382324219e+01,4.000000000000000000e+00,0.000000000000000000e+00,0.000000000000000000e+00,5.588280526317671582e-01,-4.390791842106742116e-01,0.000000000000000000e+00,3.395937693551036313e-05,1.153239281848073212e-09,0.000000000000000000e+00
1.000000000000000000e+00,6.018709564208984375e+01,2.483145332336425781e+01,1.611666679382324219e+01,4.000000000000000000e+00,0.000000000000000000e+00,0.000000000000000000e+00,0.000000000000000000e+00,0.000000000000000000e+00,0.000000000000000000e+00,0.000000000000000000e+00,0.000000000000000000e+00,0.000000000000000000e+00
1.000000000000000000e+00,6.018706130981445312e+01,2.483136558532714844e+01,1.611666679382324219e+01,4.000000000000000000e+00,-2.810197885891877467e-01,-7.181616819501464022e-01,0.000000000000000000e+00,0.000000000000000000e+00,9.421607235129141500e-05,0.000000000000000000e+00,8.876668289303777948e-09,0.000000000000000000e+00
1.000000000000000000e+00,6.018743133544921875e+01,2.483071517944335938e+01,1.613333320617675781e+01,4.000000000000000000e+00,3.625812902767258650e-01,-6.373207215688840854e-01,-2.810197885891877467e-01,-7.181616819501464022e-01,7.482959201085725076e-04,9.421607235129141500e-05,4.278204472421879573e-07,0.000000000000000000e+00
1.000000000000000000e+00,6.018743133544921875e+01,2.483071708679199219e+01,1.613333320617675781e+01,4.000000000000000000e+00,0.000000000000000000e+00,9.501830432614539745e-01,3.625812902767258650e-01,-6.373207215688840854e-01,1.907348632812500000e-06,7.482959201085725076e-04,5.570958996296257206e-07,0.000000000000000000e+00
1.000000000000000000e+00,6.018742752075195312e+01,2.483071708679199219e+01,1.613333320617675781e+01,4.000000000000000000e+00,-9.744552405423272390e-01,0.000000000000000000e+00,0.000000000000000000e+00,9.501830432614539745e-01,3.814697265625000000e-06,1.907348632812500000e-06,3.637978807091712952e-12,0.000000000000000000e+00
1.000000000000000000e+00,6.018742752075195312e+01,2.483071708679199219e+01,1.613333320617675781e+01,4.000000000000000000e+00,0.000000000000000000e+00,0.000000000000000000e+00,-9.744552405423272390e-01,0.000000000000000000e+00,0.000000000000000000e+00,3.814697265625000000e-06,1.455191522836685181e-11,0.000000000000000000e+00
1.000000000000000000e+00,6.018742752075195312e+01,2.483071708679199219e+01,1.613333320617675781e+01,4.000000000000000000e+00,0.000000000000000000e+00,0.000000000000000000e+00,0.000000000000000000e+00,0.000000000000000000e+00,0.000000000000000000e+00,0.000000000000000000e+00,0.000000000000000000e+00,0.000000000000000000e+00
1.000000000000000000e+00,6.018742752075195312e+01,2.483072090148925781e+01,1.613333320617675781e+01,4.000000000000000000e+00,0.000000000000000000e+00,9.744552405423272390e-01,0.000000000000000000e+00,0.000000000000000000e+00,3.814697265625000000e-06,0.000000000000000000e+00,1.455191522836685181e-11,0.000000000000000000e+00
1.000000000000000000e+00,6.018742752075195312e+01,2.483072090148925781e+01,1.614999961853027344e+01,4.000000000000000000e+00,0.000000000000000000e+00,0.000000000000000000e+00,0.000000000000000000e+00,9.744552405423272390e-01,0.000000000000000000e+00,3.814697265625000000e-06,1.455191522836685181e-11,0.000000000000000000e+00
1.000000000000000000e+00,6.018742752075195312e+01,2.483072090148925781e+01,1.614999961853027344e+01,4.000000000000000000e+00,0.000000000000000000e+00,0.000000000000000000e+00,0.000000000000000000e+00,0.000000000000000000e+00,0.000000000000000000e+00,0.000000000000000000e+00,0.000000000000000000e+00,0.000000000000000000e+00
1.000000000000000000e+00,6.018742752075195312e+01,2.483072280883789062e+01,1.614999961853027344e+01,4.000000000000000000e+00,0.000000000000000000e+00,9.501830432614539745e-01,0.000000000000000000e+00,0.000000000000000000e+00,1.907348632812500000e-06,0.000000000000000000e+00,3.637978807091712952e-12,0.000000000000000000e+00
1.000000000000000000e+00,6.018742752075195312e+01,2.483072280883789062e+01,1.614999961853027344e+01,4.000000000000000000e+00,0.000000000000000000e+00,0.000000000000000000e+00,0.000000000000000000e+00,9.501830432614539745e-01,0.000000000000000000e+00,1.907348632812500000e-06,3.637978807091712952e-12,0.000000000000000000e+00
1.000000000000000000e+00,6.018693542480468750e+01,2.483095169067382812e+01,1.789999961853027344e+01,4.000000000000000000e+00,0.000000000000000000e+00,0.000000000000000000e+00,0.000000000000000000e+00,0.000000000000000000e+00,0.000000000000000000e+00,0.000000000000000000e+00,0.000000000000000000e+00,0.000000000000000000e+00
1.000000000000000000e+00,6.018693542480468750e+01,2.483095169067382812e+01,1.789999961853027344e+01,4.000000000000000000e+00,0.000000000000000000e+00,0.000000000000000000e+00,0.000000000000000000e+00,0.000000000000000000e+00,0.000000000000000000e+00,0.000000000000000000e+00,0.000000000000000000e+00,0.000000000000000000e+00
1.000000000000000000e+00,6.018697738647460938e+01,2.483049011230468750e+01,1.791666603088378906e+01,4.000000000000000000e+00,8.331678712436066392e-02,-9.164846583679673309e-01,0.000000000000000000e+00,0.000000000000000000e+00,4.634817931711573513e-04,0.000000000000000000e+00,2.148153726011514928e-07,0.000000000000000000e+00
1.000000000000000000e+00,6.018702316284179688e+01,2.482939720153808594e+01,1.791666603088378906e+01,4.000000000000000000e+00,4.019747486537651043e-02,-9.597147124108641458e-01,8.331678712436066392e-02,-9.164846583679673309e-01,1.093869013889002930e-03,4.634817931711573513e-04,3.973880480443697034e-07,0.000000000000000000e+00
1.000000000000000000e+00,6.018709945678710938e+01,2.482924461364746094e+01,1.791666603088378906e+01,4.000000000000000000e+00,3.331877613791350279e-01,-6.663755227582700558e-01,4.019747486537651043e-02,-9.597147124108641458e-01,1.705984479904014439e-04,1.093869013889002930e-03,8.524285378547239575e-07,0.000000000000000000e+00
1.000000000000000000e+00,6.018717575073242188e+01,2.482917404174804688e+01,1.791666603088378906e+01,4.000000000000000000e+00,5.191270492436443895e-01,-4.801925205503710381e-01,3.331877613791350279e-01,-6.663755227582700558e-01,1.039286249223730300e-04,1.705984479904014439e-04,4.444865307922213467e-09,0.000000000000000000e+00
1.000000000000000000e+00,6.018716430664062500e+01,2.482896232604980469e+01,1.791666603088378906e+01,4.000000000000000000e+00,-5.125908160566079730e-02,-9.482930097047247431e-01,5.191270492436443895e-01,-4.801925205503710381e-01,2.120247724187725538e-04,1.039286249223730300e-04,1.168477710356336024e-08,0.000000000000000000e+00
1.000000000000000000e+00,6.018713760375976562e+01,2.482867813110351562e+01,1.791666603088378906e+01,4.000000000000000000e+00,-8.586195313393577000e-02,-9.138165012111736374e-01,-5.125908160566079730e-02,-9.482930097047247431e-01,2.854466873908910788e-04,2.120247724187725538e-04,5.390777598173002387e-09,0.000000000000000000e+00
1.000000000000000000e+00,6.018705749511718750e+01,2.482837867736816406e+01,1.793333244323730469e+01,4.000000000000000000e+00,-2.109996861289240300e-01,-7.887369219581208402e-01,-8.586195313393577000e-02,-9.138165012111736374e-01,3.099837644647109925e-04,2.854466873908910788e-04,6.020681513265788097e-10,0.000000000000000000e+00
1.000000000000000000e+00,6.018837356567382812e+01,2.482936859130859375e+01,1.793333244323730469e+01,4.000000000000000000e+00,5.706948545521999261e-01,4.292617819023069048e-01,-2.109996861289240300e-01,-7.887369219581208402e-01,1.646806400131295076e-03,3.099837644647109925e-04,1.787094759230552788e-06,0.000000000000000000e+00
1.000000000000000000e+00,6.018837356567382812e+01,2.482936859130859375e+01,1.793333244323730469e+01,4.000000000000000000e+00,0.000000000000000000e+00,0.000000000000000000e+00,5.706948545521999261e-01,4.292617819023069048e-01,0.000000000000000000e+00,1.646806400131295076e-03,2.711971319513395005e-06,0.000000000000000000e+00
1.000000000000000000e+00,6.018553161621093750e+01,2.482519912719726562e+01,1.793333244323730469e+01,4.000000000000000000e+00,-4.053261015339738593e-01,-5.946596362102462008e-01,0.000000000000000000e+00,0.000000000000000000e+00,5.045900090695171723e-03,0.000000000000000000e+00,2.546110772527754307e-05,0.000000000000000000e+00
1.000000000000000000e+00,6.018700027465820312e+01,2.482737731933593750e+01,1.795000076293945312e+01,4.000000000000000000e+00,4.027086226308398964e-01,5.972639572005443709e-01,-4.053261015339738593e-01,-5.946596362102462008e-01,2.627066544207937344e-03,5.045900090695171723e-03,5.850755725612011975e-06,0.000000000000000000e+00
1.000000000000000000e+00,6.018695831298828125e+01,2.482727241516113281e+01,1.795000076293945312e+01,4.000000000000000000e+00,-2.855198770840043920e-01,-7.137996927100109801e-01,4.027086226308398964e-01,5.972639572005443709e-01,1.129852540559378573e-04,2.627066544207937344e-03,6.320604733492343203e-06,0.000000000000000000e+00
1.000000000000000000e+00,6.018690490722656250e+01,2.482696151733398438e+01,1.795000076293945312e+01,4.000000000000000000e+00,-1.465566293810968701e-01,-8.531689496113854521e-01,-2.855198770840043920e-01,-7.137996927100109801e-01,3.154514769507025780e-04,1.129852540559378573e-04,4.099257141327254395e-08,0.000000000000000000e+00
1.000000000000000000e+00,6.018675231933593750e+01,2.482677078247070312e+01,1.795000076293945312e+01,4.000000000000000000e+00,-4.443150283124644995e-01,-5.553937853905805966e-01,-1.465566293810968701e-01,-8.531689496113854521e-01,2.442598051999225056e-04,3.154514769507025780e-04,5.068254126670816970e-09,0.000000000000000000e+00
1.000000000000000000e+00,6.018666839599609375e+01,2.482670593261718750e+01,1.795000076293945312e+01,4.000000000000000000e+00,-5.637236493017370176e-01,-4.356046380967967813e-01,-4.443150283124644995e-01,-5.553937853905805966e-01,1.060595609623553792e-04,2.442598051999225056e-04,1.909930750732320689e-08,0.000000000000000000e+00
1.000000000000000000e+00,6.018664932250976562e+01,2.482667541503906250e+01,1.795000076293945312e+01,4.000000000000000000e+00,-3.838413714424967482e-01,-6.141461943079947750e-01,-5.637236493017370176e-01,-4.356046380967967813e-01,3.598778202841416610e-05,1.060595609623553792e-04,4.910054202967128819e-09,0.000000000000000000e+00
1.000000000000000000e+00,6.018662643432617188e+01,2.482663917541503906e+01,1.796666717529296875e+01,4.000000000000000000e+00,-3.864432015057063796e-01,-6.118684023840350594e-01,-3.838413714424967482e-01,-6.141461943079947750e-01,4.286232958649488658e-05,3.598778202841416610e-05,4.725940412831359941e-11,0.000000000000000000e+00
1.000000000000000000e+00,6.018662643432617188e+01,2.482655715942382812e+01,1.796666717529296875e+01,4.000000000000000000e+00,0.000000000000000000e+00,-9.987822104011004898e-01,-3.864432015057063796e-01,-6.118684023840350594e-01,8.201599121093750000e-05,4.286232958649488658e-05,1.533009218601350187e-09,0.000000000000000000e+00
1.000000000000000000e+00,6.018556213378906250e+01,2.482489395141601562e+01,1.796666717529296875e+01,4.000000000000000000e+00,-3.901954842790166800e-01,-6.097678535686426038e-01,0.000000000000000000e+00,-9.987822104011004898e-01,1.974587681148378022e-03,8.201599121093750000e-05,3.581827601552659582e-06,0.000000000000000000e+00
1.000000000000000000e+00,6.018556213378906250e+01,2.482489395141601562e+01,1.796666717529296875e+01,4.000000000000000000e+00,0.000000000000000000e+00,0.000000000000000000e+00,-3.901954842790166800e-01,-6.097678535686426038e-01,0.000000000000000000e+00,1.974587681148378022e-03,3.898996510542928325e-06,0.000000000000000000e+00
1.000000000000000000e+00,6.018592071533203125e+01,2.482318687438964844e+01,1.796666717529296875e+01,4.000000000000000000e+00,1.735834711236464989e-01,-8.263681205088491133e-01,0.000000000000000000e+00,0.000000000000000000e+00,1.744331590297122604e-03,0.000000000000000000e+00,3.042692696908488870e-06,0.000000000000000000e+00
1.000000000000000000e+00,6.018592071533203125e+01,2.482318687438964844e+01,1.796666717529296875e+01,4.000000000000000000e+00,0.000000000000000000e+00,0.000000000000000000e+00,1.735834711236464989e-01,-8.263681205088491133e-01,0.000000000000000000e+00,1.744331590297122604e-03,3.042692696908488870e-06,0.000000000000000000e+00
1.000000000000000000e+00,6.018592071533203125e+01,2.482318687438964844e+01,1.798333358764648438e+01,4.000000000000000000e+00,0.000000000000000000e+00,0.000000000000000000e+00,0.000000000000000000e+00,0.000000000000000000e+00,0.000000000000000000e+00,0.000000000000000000e+00,0.000000000000000000e+00,0.000000000000000000e+00
1.000000000000000000e+00,6.018592071533203125e+01,2.482318687438964844e+01,1.798333358764648438e+01,4.000000000000000000e+00,0.000000000000000000e+00,0.000000000000000000e+00,0.000000000000000000e+00,0.000000000000000000e+00,0.000000000000000000e+00,0.000000000000000000e+00,0.000000000000000000e+00,0.000000000000000000e+00
1.000000000000000000e+00,6.018621063232421875e+01,2.482271194458007812e+01,1.798333358764648438e+01,4.000000000000000000e+00,3.790028163021064156e-01,-6.208664556527927481e-01,0.000000000000000000e+00,0.000000000000000000e+00,5.564262631989437069e-04,0.000000000000000000e+00,3.096101863775401778e-07,0.000000000000000000e+00
1.000000000000000000e+00,6.018621063232421875e+01,2.482271194458007812e+01,1.798333358764648438e+01,4.000000000000000000e+00,0.000000000000000000e+00,0.000000000000000000e+00,3.790028163021064156e-01,-6.208664556527927481e-01,0.000000000000000000e+00,5.564262631989437069e-04,3.096101863775401778e-07,0.000000000000000000e+00
1.000000000000000000e+00,6.018621063232421875e+01,2.482271194458007812e+01,1.798333358764648438e+01,4.000000000000000000e+00,0.000000000000000000e+00,0.000000000000000000e+00,0.000000000000000000e+00,0.000000000000000000e+00,0.000000000000000000e+00,0.000000000000000000e+00,0.000000000000000000e+00,0.000000000000000000e+00
1.000000000000000000e+00,6.018630218505859375e+01,2.482269859313964844e+01,1.798333358764648438e+01,4.000000000000000000e+00,8.718961369420997753e-01,-1.271515199707228816e-01,0.000000000000000000e+00,0.000000000000000000e+00,9.252115505702898819e-05,0.000000000000000000e+00,8.560164133086800575e-09,0.000000000000000000e+00
1.000000000000000000e+00,6.018647003173828125e+01,2.482266044616699219e+01,1.800000000000000000e+01,4.000000000000000000e+00,8.144194533829858251e-01,-1.850953303143149653e-01,8.718961369420997753e-01,-1.271515199707228816e-01,1.721269862774425948e-04,9.252115505702898819e-05,6.337088364292977854e-09,0.000000000000000000e+00
1.000000000000000000e+00,6.018656921386718750e+01,2.482249450683593750e+01,1.800000000000000000e+01,4.000000000000000000e+00,3.739596672187001647e-01,-6.256632893851329369e-01,8.144194533829858251e-01,-1.850953303143149653e-01,1.933208635539712499e-04,1.721269862774425948e-04,4.491804340125576601e-10,0.000000000000000000e+00
1.000000000000000000e+00,6.018663024902343750e+01,2.482232284545898438e+01,1.800000000000000000e+01,4.000000000000000000e+00,2.621824105805913852e-01,-7.373880297579132881e-01,3.739596672187001647e-01,-6.256632893851329369e-01,1.821892385293510832e-04,1.933208635539712499e-04,1.239130756887499334e-10,0.000000000000000000e+00
1.000000000000000000e+00,6.018668365478515625e+01,2.482224655151367188e+01,1.800000000000000000e+01,4.000000000000000000e+00,4.114474750385396784e-01,-5.877821071979137946e-01,2.621824105805913852e-01,-7.373880297579132881e-01,9.312862866007768302e-05,1.821892385293510832e-04,7.931792230286918115e-09,0.000000000000000000e+00
1.000000000000000000e+00,6.018672561645507812e+01,2.482209396362304688e+01,1.800000000000000000e+01,4.000000000000000000e+00,2.155754670289630470e-01,-7.839107891962292518e-01,4.114474750385396784e-01,-5.877821071979137946e-01,1.582524758353541668e-04,9.312862866007768302e-05,4.241115470908766900e-09,0.000000000000000000e+00
1.000000000000000000e+00,6.018675613403320312e+01,2.482197761535644531e+01,1.800000000000000000e+01,4.000000000000000000e+00,2.076508196974577447e-01,-7.916687500965575719e-01,2.155754670289630470e-01,-7.839107891962292518e-01,1.202840044054226843e-04,1.582524758353541668e-04,1.441604822725523134e-09,0.000000000000000000e+00
1.000000000000000000e+00,6.018678665161132812e+01,2.482196998596191406e+01,1.801666641235351562e+01,4.000000000000000000e+00,7.979083311843001569e-01,-1.994770827960750392e-01,2.076508196974577447e-01,-7.916687500965575719e-01,3.145679951185348958e-05,1.202840044054226843e-04,7.890272329204121688e-09,0.000000000000000000e+00
1.000000000000000000e+00,6.018679809570312500e+01,2.482191085815429688e+01,1.801666641235351562e+01,4.000000000000000000e+00,1.619327043953458778e-01,-8.366523060426203084e-01,7.979083311843001569e-01,-1.994770827960750392e-01,6.022511827029016130e-05,3.145679951185348958e-05,8.276161641870192451e-10,0.000000000000000000e+00
1.000000000000000000e+00,6.018680953979492188e+01,2.482188987731933594e+01,1.801666641235351562e+01,4.000000000000000000e+00,3.518560358979478386e-01,-6.450693991462377319e-01,1.619327043953458778e-01,-8.366523060426203084e-01,2.389900986889203582e-05,6.022511827029016130e-05,1.319586151590127552e-09,0.000000000000000000e+00
1.000000000000000000e+00,6.018680953979492188e+01,2.482186317443847656e+01,1.801666641235351562e+01,4.000000000000000000e+00,0.000000000000000000e+00,-9.962690577731303510e-01,3.518560358979478386e-01,-6.450693991462377319e-01,2.670288085937500000e-05,2.389900986889203582e-05,7.861692531271918917e-12,0.000000000000000000e+00
1.000000000000000000e+00,6.018682861328125000e+01,2.482176208496093750e+01,1.801666641235351562e+01,4.000000000000000000e+00,1.585981728272456426e-01,-8.405703159844017947e-01,0.000000000000000000e+00,-9.962690577731303510e-01,1.028731274426406851e-04,2.670288085937500000e-05,5.801906464555498105e-09,0.000000000000000000e+00
1.000000000000000000e+00,6.018723678588867188e+01,2.482209587097167969e+01,1.810000038146972656e+01,4.000000000000000000e+00,0.000000000000000000e+00,0.000000000000000000e+00,1.585981728272456426e-01,-8.405703159844017947e-01,0.000000000000000000e+00,1.028731274426406851e-04,1.058288034982979132e-08,0.000000000000000000e+00
1.000000000000000000e+00,6.018742370605468750e+01,2.482251548767089844e+01,1.810000038146972656e+01,4.000000000000000000e+00,3.081252998750877992e-01,6.917098568624420185e-01,0.000000000000000000e+00,0.000000000000000000e+00,4.593662185299956461e-04,0.000000000000000000e+00,2.110173227265477180e-07,0.000000000000000000e+00
1.000000000000000000e+00,6.018722152709960938e+01,2.482037162780761719e+01,1.810000038146972656e+01,4.000000000000000000e+00,-8.617518856770213509e-02,-9.137821882084641301e-01,3.081252998750877992e-01,6.917098568624420185e-01,2.153372109800064625e-03,4.593662185299956461e-04,2.869655959657700584e-06,0.000000000000000000e+00
1.000000000000000000e+00,6.018721008300781250e+01,2.482043266296386719e+01,1.810000038146972656e+01,4.000000000000000000e+00,-1.576771887948450745e-01,8.409450069058403976e-01,-8.617518856770213509e-02,-9.137821882084641301e-01,6.209877241554148143e-05,2.153372109800064625e-03,4.373424171655402793e-06,0.000000000000000000e+00
1.000000000000000000e+00,6.018721008300781250e+01,2.482043266296386719e+01,1.810000038146972656e+01,4.000000000000000000e+00,0.000000000000000000e+00,0.000000000000000000e+00,-1.576771887948450745e-01,8.409450069058403976e-01,0.000000000000000000e+00,6.209877241554148143e-05,3.856257535517215729e-09,0.000000000000000000e+00
1.000000000000000000e+00,6.018704986572265625e+01,2.482027626037597656e+01,1.810000038146972656e+01,4.000000000000000000e+00,-5.058643261470922026e-01,-4.938199374293042454e-01,0.000000000000000000e+00,0.000000000000000000e+00,2.239003080876036001e-04,0.000000000000000000e+00,5.013134796172381109e-08,0.000000000000000000e+00
1.000000000000000000e+00,6.018704986572265625e+01,2.482027626037597656e+01,1.811666679382324219e+01,4.000000000000000000e+00,0.000000000000000000e+00,0.000000000000000000e+00,-5.058643261470922026e-01,-4.938199374293042454e-01,0.000000000000000000e+00,2.239003080876036001e-04,5.013134796172381109e-08,0.000000000000000000e+00
1.000000000000000000e+00,6.018695068359375000e+01,2.482012557983398438e+01,1.811666679382324219e+01,4.000000000000000000e+00,-3.967877625477476133e-01,-6.028121777167704254e-01,0.000000000000000000e+00,0.000000000000000000e+00,1.803932383140659018e-04,0.000000000000000000e+00,3.254172042943537235e-08,0.000000000000000000e+00
1.000000000000000000e+00,6.018695068359375000e+01,2.482012557983398438e+01,1.811666679382324219e+01,4.000000000000000000e+00,0.000000000000000000e+00,0.000000000000000000e+00,-3.967877625477476133e-01,-6.028121777167704254e-01,0.000000000000000000e+00,1.803932383140659018e-04,3.254172042943537235e-08,0.000000000000000000e+00
1.000000000000000000e+00,6.018680191040039062e+01,2.481192779541015625e+01,1.811666679382324219e+01,4.000000000000000000e+00,-1.782428370525468084e-02,-9.821637354510848184e-01,0.000000000000000000e+00,0.000000000000000000e+00,8.199134278850503735e-03,0.000000000000000000e+00,6.722580292262136936e-05,0.000000000000000000e+00
1.000000000000000000e+00,6.018674087524414062e+01,2.481205368041992188e+01,1.811666679382324219e+01,4.000000000000000000e+00,-3.263560157726557165e-01,6.731092825311023597e-01,-1.782428370525468084e-02,-9.821637354510848184e-01,1.399011293097858347e-04,8.199134278850503735e-03,6.495123895865598555e-05,0.000000000000000000e+00
1.000000000000000000e+00,6.018674087524414062e+01,2.481205368041992188e+01,1.811666679382324219e+01,4.000000000000000000e+00,0.000000000000000000e+00,0.000000000000000000e+00,-3.263560157726557165e-01,6.731092825311023597e-01,0.000000000000000000e+00,1.399011293097858347e-04,1.957232598215341568e-08,0.000000000000000000e+00
1.000000000000000000e+00,6.018674087524414062e+01,2.481200027465820312e+01,1.813333320617675781e+01,4.000000000000000000e+00,0.000000000000000000e+00,-9.981310424001503812e-01,0.000000000000000000e+00,0.000000000000000000e+00,5.340576171875000000e-05,0.000000000000000000e+00,2.852175384759902954e-09,0.000000000000000000e+00
1.000000000000000000e+00,6.018592453002929688e+01,2.481081581115722656e+01,1.813333320617675781e+01,4.000000000000000000e+00,-4.079872351943217290e-01,-5.919627875132564832e-01,0.000000000000000000e+00,-9.981310424001503812e-01,1.438531645444042235e-03,5.340576171875000000e-05,1.918573713765771971e-06,0.000000000000000000e+00
1.000000000000000000e+00,6.018593215942382812e+01,2.481080436706542969e+01,1.813333320617675781e+01,4.000000000000000000e+00,3.979137857708577308e-01,-5.968706786562865130e-01,-4.079872351943217290e-01,-5.919627875132564832e-01,1.375408659158321047e-05,1.438531645444042235e-03,2.029991092209572388e-06,0.000000000000000000e+00
1.000000000000000000e+00,6.018592071533203125e+01,2.481075096130371094e+01,1.813333320617675781e+01,4.000000000000000000e+00,-1.761988854081386335e-01,-8.222614652379802713e-01,3.979137857708577308e-01,-5.968706786562865130e-01,5.461815285978833542e-05,1.375408659158321047e-05,1.669871911972259735e-09,0.000000000000000000e+00
1.000000000000000000e+00,6.018532562255859375e+01,2.480806922912597656e+01,1.813333320617675781e+01,4.000000000000000000e+00,-1.816009772285710755e-01,-8.183685063569581253e-01,-1.761988854081386335e-01,-8.222614652379802713e-01,2.746966123215481212e-03,5.461815285978833542e-05,7.248737593478418655e-06,0.000000000000000000e+00
1.000000000000000000e+00,6.018525314331054688e+01,2.480791282653808594e+01,1.813333320617675781e+01,4.000000000000000000e+00,-3.165283733101783015e-01,-6.830349108272268932e-01,-1.816009772285710755e-01,-8.183685063569581253e-01,1.723804249221039318e-04,2.746966123215481212e-03,6.628491517856798154e-06,0.000000000000000000e+00
1.000000000000000000e+00,6.018492507934570312e+01,2.480625915527343750e+01,1.814999961853027344e+01,4.000000000000000000e+00,-1.655354390525245467e-01,-8.344141026659231963e-01,-3.165283733101783015e-01,-6.830349108272268932e-01,1.685898756317520892e-03,1.723804249221039318e-04,2.290737739469967060e-06,0.000000000000000000e+00
1.000000000000000000e+00,6.018475723266601562e+01,2.480419158935546875e+01,1.814999961853027344e+01,4.000000000000000000e+00,-7.508196548007529947e-02,-9.248733020500183866e-01,-1.655354390525245467e-01,-8.344141026659231963e-01,2.074367694751361613e-03,1.685898756317520892e-03,1.509081161279151447e-07,0.000000000000000000e+00
1.000000000000000000e+00,6.018466949462890625e+01,2.480374336242675781e+01,1.814999961853027344e+01,4.000000000000000000e+00,-1.636705300729996981e-01,-8.361429253729332212e-01,-7.508196548007529947e-02,-9.248733020500183866e-01,4.567333388066234555e-04,2.074367694751361613e-03,2.616740909532748075e-06,0.000000000000000000e+00
1.000000000000000000e+00,6.018461227416992188e+01,2.480226707458496094e+01,1.814999961853027344e+01,4.000000000000000000e+00,-3.731099978738102591e-02,-9.626237945144304753e-01,-1.636705300729996981e-01,-8.361429253729332212e-01,1.477396349245407295e-03,4.567333388066234555e-04,1.041752980877960692e-06,0.000000000000000000e+00
1.000000000000000000e+00,6.018457412719726562e+01,2.480173110961914062e+01,1.814999961853027344e+01,4.000000000000000000e+00,-6.643361118101699658e-02,-9.333922370932887791e-01,-3.731099978738102591e-02,-9.626237945144304753e-01,5.373207944139193979e-04,1.477396349245407295e-03,8.837420487917298108e-07,0.000000000000000000e+00
1.000000000000000000e+00,6.018368148803710938e+01,2.479887008666992188e+01,1.814999961853027344e+01,4.000000000000000000e+00,-2.377985429409308349e-01,-7.621748171183680975e-01,-6.643361118101699658e-02,-9.333922370932887791e-01,2.997041372120313064e-03,5.373207944139193979e-04,6.050225320392274144e-06,0.000000000000000000e+00
1.000000000000000000e+00,6.018305206298828125e+01,2.479695892333984375e+01,1.816666603088378906e+01,4.000000000000000000e+00,-2.477379965421373231e-01,-7.522226440461260433e-01,-2.377985429409308349e-01,-7.621748171183680975e-01,2.012143425883849979e-03,2.997041372120313064e-03,9.700239645008028630e-07,0.000000000000000000e+00
1.000000000000000000e+00,6.018292236328125000e+01,2.479674148559570312e+01,1.816666603088378906e+01,4.000000000000000000e+00,-3.735187739500238080e-01,-6.261932386809222484e-01,-2.477379965421373231e-01,-7.522226440461260433e-01,2.531821213690966469e-04,2.012143425883849979e-03,3.093944870780242771e-06,0.000000000000000000e+00
1.000000000000000000e+00,6.018267059326171875e+01,2.479547119140625000e+01,1.816666603088378906e+01,4.000000000000000000e+00,-1.654026668379209031e-01,-8.345316372276918582e-01,-3.735187739500238080e-01,-6.261932386809222484e-01,1.295004042655133105e-03,2.531821213690966469e-04,1.085392915672128313e-06,0.000000000000000000e+00
1.000000000000000000e+00,6.018262863159179688e+01,2.479547119140625000e+01,1.816666603088378906e+01,4.000000000000000000e+00,-9.976225385205641505e-01,0.000000000000000000e+00,-1.654026668379209031e-01,-8.345316372276918582e-01,4.196166992187500000e-05,1.295004042655133105e-03,1.570115187864993372e-06,0.000000000000000000e+00
1.000000000000000000e+00,6.018272018432617188e+01,2.479549407958984375e+01,1.816666603088378906e+01,4.000000000000000000e+00,7.993015596398325151e-01,1.998253899099581288e-01,-9.976225385205641505e-01,0.000000000000000000e+00,9.437039853556046195e-05,4.196166992187500000e-05,2.746674834902933373e-09,0.000000000000000000e+00
1.000000000000000000e+00,6.018267059326171875e+01,2.479491043090820312e+01,1.816666603088378906e+01,4.000000000000000000e+00,-7.830088788677458389e-02,-9.215412189751163163e-01,7.993015596398325151e-01,1.998253899099581288e-01,5.857517027328504496e-04,9.437039853556046195e-05,2.414555861146296788e-07,0.000000000000000000e+00
1.000000000000000000e+00,6.018256759643554688e+01,2.479466819763183594e+01,1.818333244323730469e+01,4.000000000000000000e+00,-2.982561480003741439e-01,-7.014542740008798960e-01,-7.830088788677458389e-02,-9.215412189751163163e-01,2.632210219208596649e-04,5.857517027328504496e-04,1.040260400650462746e-07,0.000000000000000000e+00
1.000000000000000000e+00,6.018135452270507812e+01,2.479615211486816406e+01,1.818333244323730469e+01,4.000000000000000000e+00,-4.497711591498240735e-01,5.501917638656652620e-01,-2.982561480003741439e-01,-7.014542740008798960e-01,1.916652874107638077e-03,2.632210219208596649e-04,2.733836889825801079e-06,0.000000000000000000e+00
1.000000000000000000e+00,6.018110275268554688e+01,2.479659461975097656e+01,1.818333244323730469e+01,4.000000000000000000e+00,-3.625851376272977156e-01,6.372708479510081903e-01,-4.497711591498240735e-01,5.501917638656652620e-01,5.091156195282858571e-04,1.916652874107638077e-03,1.981161123028780364e-06,0.000000000000000000e+00
1.000000000000000000e+00,6.017949676513671875e+01,2.479817199707031250e+01,1.818333244323730469e+01,4.000000000000000000e+00,-5.044778614925676807e-01,4.954907261928188089e-01,-3.625851376272977156e-01,6.372708479510081903e-01,2.251069793353017469e-03,5.091156195282858571e-04,3.034404343705402995e-06,0.000000000000000000e+00
1.000000000000000000e+00,6.017869949340820312e+01,2.479852294921875000e+01,1.818333244323730469e+01,4.000000000000000000e+00,-6.942916928898534845e-01,3.056212236644331171e-01,-5.044778614925676807e-01,4.954907261928188089e-01,8.710967911680019037e-04,2.251069793353017469e-03,1.904325486759525170e-06,0.000000000000000000e+00
1.000000000000000000e+00,6.017902755737304688e+01,2.479939651489257812e+01,1.818333244323730469e+01,4.000000000000000000e+00,2.729931544388961018e-01,7.269236321686884938e-01,-6.942916928898534845e-01,3.056212236644331171e-01,9.331360841376713225e-04,8.710967911680019037e-04,3.848873872176473740e-09,0.000000000000000000e+00
1.000000000000000000e+00,6.017932510375976562e+01,2.480049324035644531e+01,1.820000076293945312e+01,4.000000000000000000e+00,2.133909879159681944e-01,7.865372952030879050e-01,2.729931544388961018e-01,7.269236321686884938e-01,1.136371680104745260e-03,9.331360841376713225e-04,4.130470746809172229e-08,0.000000000000000000e+00
1.000000000000000000e+00,6.017933273315429688e+01,2.480056381225585938e+01,1.820000076293945312e+01,4.000000000000000000e+00,9.743637872164094549e-02,9.012865031751787770e-01,2.133909879159681944e-01,7.865372952030879050e-01,7.098310114261015074e-05,1.136371680104745260e-03,1.135052824182957756e-06,0.000000000000000000e+00
1.000000000000000000e+00,6.017901992797851562e+01,2.480178642272949219e+01,1.820000076293945312e+01,4.000000000000000000e+00,-2.037134404332598958e-01,7.962214348641437622e-01,9.743637872164094549e-02,9.012865031751787770e-01,1.261991857434979205e-03,7.098310114261015074e-05,1.418501857565096035e-06,0.000000000000000000e+00
1.000000000000000000e+00,6.017866516113281250e+01,2.480196189880371094e+01,1.820000076293945312e+01,4.000000000000000000e+00,-6.689385911956472475e-01,3.308728515591373709e-01,-2.037134404332598958e-01,7.962214348641437622e-01,3.957920760113435490e-04,1.261991857434979205e-03,7.503020613383541933e-07,0.000000000000000000e+00
1.000000000000000000e+00,6.017756271362304688e+01,2.480278968811035156e+01,1.820000076293945312e+01,4.000000000000000000e+00,-5.711166571531673952e-01,4.288315384160461541e-01,-6.689385911956472475e-01,3.308728515591373709e-01,1.378631802903514461e-03,3.957920760113435490e-04,9.659739287574770222e-07,0.000000000000000000e+00
1.000000000000000000e+00,6.017756652832031250e+01,2.480303764343261719e+01,1.820000076293945312e+01,4.000000000000000000e+00,1.514549954267861188e-02,9.844574702741097916e-01,-5.711166571531673952e-01,4.288315384160461541e-01,2.479846643546296074e-04,1.378631802903514461e-03,1.278362951908781310e-06,0.000000000000000000e+00
1.000000000000000000e+00,6.017760848999023438e+01,2.480308532714843750e+01,1.821666717529296875e+01,4.000000000000000000e+00,4.675635362738171374e-01,5.313222003111558456e-01,1.514549954267861188e-02,9.844574702741097916e-01,6.351785967005429490e-05,2.479846643546296074e-04,3.402800203053725763e-08,0.000000000000000000e+00
1.000000000000000000e+00,6.017763900756835938e+01,2.480382919311523438e+01,1.821666717529296875e+01,4.000000000000000000e+00,3.940377858909632769e-02,9.604671031092230082e-01,4.675635362738171374e-01,5.313222003111558456e-01,7.444917052145476853e-04,6.351785967005429490e-05,4.637253783156556155e-07,0.000000000000000000e+00
1.000000000000000000e+00,6.017768096923828125e+01,2.480386924743652344e+01,1.821666717529296875e+01,4.000000000000000000e+00,5.110048518331211653e-01,4.877773585679793245e-01,3.940377858909632769e-02,9.604671031092230082e-01,5.800974397943706390e-05,7.444917052145476853e-04,4.712574831012040004e-07,0.000000000000000000e+00
1.000000000000000000e+00,6.017782592773437500e+01,2.480369186401367188e+01,1.821666717529296875e+01,4.000000000000000000e+00,4.495646737493073086e-01,-5.501251928774417710e-01,5.110048518331211653e-01,4.877773585679793245e-01,2.290804319279539836e-04,5.800974397943706390e-05,2.926518027517885148e-08,0.000000000000000000e+00
1.000000000000000000e+00,6.017782974243164062e+01,2.480368041992187500e+01,1.821666717529296875e+01,4.000000000000000000e+00,2.483722675076618092e-01,-7.451168025229853997e-01,4.495646737493073086e-01,-5.501251928774417710e-01,1.206313194339134034e-05,2.290804319279539836e-04,4.709650849258965810e-08,0.000000000000000000e+00
1.000000000000000000e+00,6.017787551879882812e+01,2.480364608764648438e+01,1.821666717529296875e+01,4.000000000000000000e+00,5.707161437486341082e-01,-4.280371078114755257e-01,2.483722675076618092e-01,-7.451168025229853997e-01,5.722045898437500000e-05,1.206313194339134034e-05,2.039184185486353987e-09,0.000000000000000000e+00
1.000000000000000000e+00,6.017789077758789062e+01,2.480373954772949219e+01,1.823333358764648438e+01,4.000000000000000000e+00,1.402219005968068366e-01,8.588591411554419297e-01,5.707161437486341082e-01,-4.280371078114755257e-01,9.469750661702277909e-05,5.722045898437500000e-05,1.404529099259750518e-09,0.000000000000000000e+00
1.000000000000000000e+00,6.017788314819335938e+01,2.480375480651855469e+01,1.823333358764648438e+01,4.000000000000000000e+00,-3.318833130132243792e-01,6.637666260264487583e-01,1.402219005968068366e-01,8.588591411554419297e-01,1.705984479904014439e-05,9.469750661702277909e-05,6.027606532563438594e-09,0.000000000000000000e+00
1.000000000000000000e+00,6.017784881591796875e+01,2.480369377136230469e+01,1.823333358764648438e+01,4.000000000000000000e+00,-3.596229080495689789e-01,-6.393296143103448514e-01,-3.318833130132243792e-01,6.637666260264487583e-01,7.002853298448875224e-05,1.705984479904014439e-05,2.805681928087282858e-09,0.000000000000000000e+00
1.000000000000000000e+00,6.017785263061523438e+01,2.480365753173828125e+01,1.823333358764648438e+01,4.000000000000000000e+00,9.500091504881374993e-02,-9.025086929637305966e-01,-3.596229080495689789e-01,-6.393296143103448514e-01,3.643984446438369577e-05,7.002853298448875224e-05,1.128199996500637122e-09,0.000000000000000000e+00
1.000000000000000000e+00,6.017783737182617188e+01,2.480375480651855469e+01,1.823333358764648438e+01,4.000000000000000000e+00,-1.354728359623372513e-01,8.636393292598999460e-01,9.500091504881374993e-02,-9.025086929637305966e-01,9.846427535354848604e-05,3.643984446438369577e-05,3.847030027124779365e-09,0.000000000000000000e+00
1.000000000000000000e+00,6.017782592773437500e+01,2.480376434326171875e+01,1.828333282470703125e+01,4.000000000000000000e+00,-5.428671026589196869e-01,4.523892522157663687e-01,-1.354728359623372513e-01,8.636393292598999460e-01,1.489686904126482768e-05,9.846427535354848604e-05,6.983511397762306500e-09,0.000000000000000000e+00
1.000000000000000000e+00,6.017788314819335938e+01,2.480361366271972656e+01,1.828333282470703125e+01,4.000000000000000000e+00,2.750970366283121415e-01,-7.244221964545553005e-01,-5.428671026589196869e-01,4.523892522157663687e-01,1.611794238153304692e-04,1.489686904126482768e-05,2.139858583122750963e-08,0.000000000000000000e+00
1.000000000000000000e+00,6.017918395996093750e+01,2.480085182189941406e+01,1.835000038146972656e+01,4.000000000000000000e+00,3.201799123715540762e-01,-6.797954737742086806e-01,2.750970366283121415e-01,-7.244221964545553005e-01,3.052847190970119518e-03,1.611794238153304692e-04,8.361742475601962541e-06,0.000000000000000000e+00
1.000000000000000000e+00,6.017941665649414062e+01,2.480055618286132812e+01,1.835000038146972656e+01,4.000000000000000000e+00,4.403498663715739725e-01,-5.594608957999505083e-01,3.201799123715540762e-01,-6.797954737742086806e-01,3.762314678560678893e-04,3.052847190970119518e-03,7.164271729221357238e-06,0.000000000000000000e+00
1.000000000000000000e+00,6.017897415161132812e+01,2.479874420166015625e+01,1.835000038146972656e+01,4.000000000000000000e+00,-1.962687900701008403e-01,-8.036868558904991522e-01,4.403498663715739725e-01,-5.594608957999505083e-01,1.865230936027272458e-03,3.762314678560678893e-04,2.217119416214129548e-06,0.000000000000000000e+00
1.000000000000000000e+00,6.017900085449218750e+01,2.479883956909179688e+01,1.835000038146972656e+01,4.000000000000000000e+00,2.185709466804793555e-01,7.806105238588547657e-01,-1.962687900701008403e-01,-8.036868558904991522e-01,9.903530109975563231e-05,1.865230936027272458e-03,3.119447020837013858e-06,0.000000000000000000e+00
1.000000000000000000e+00,6.017904663085937500e+01,2.479871559143066406e+01,1.836666679382324219e+01,4.000000000000000000e+00,2.695041597787392607e-01,-7.299070994007520463e-01,2.185709466804793555e-01,7.806105238588547657e-01,1.321587539773560040e-04,9.903530109975563231e-05,1.097163130534612257e-09,0.000000000000000000e+00
1.000000000000000000e+00,6.017932128906250000e+01,2.479829025268554688e+01,1.836666679382324219e+01,4.000000000000000000e+00,3.923145270303139975e-01,-6.075426356094446589e-01,2.695041597787392607e-01,-7.299070994007520463e-01,5.063103560482616703e-04,1.321587539773560040e-04,1.399894213322253692e-07,0.000000000000000000e+00
1.000000000000000000e+00,6.017976760864257812e+01,2.479786872863769531e+01,1.836666679382324219e+01,4.000000000000000000e+00,5.142264609312640067e-01,-4.856583242128604816e-01,3.923145270303139975e-01,-6.075426356094446589e-01,6.139085359223149128e-04,5.063103560482616703e-04,1.157736831220911634e-08,0.000000000000000000e+00
1.000000000000000000e+00,6.018141937255859375e+01,2.479587364196777344e+01,1.836666679382324219e+01,4.000000000000000000e+00,4.529164509068926425e-01,-5.470561289244916248e-01,5.142264609312640067e-01,-4.856583242128604816e-01,2.590114834278825842e-03,6.139085359223149128e-04,3.905391333663942247e-06,0.000000000000000000e+00
1.000000000000000000e+00,6.018227005004882812e+01,2.479512405395507812e+01,1.836666679382324219e+01,4.000000000000000000e+00,5.315520040122669876e-01,-4.683855102619303712e-01,4.529164509068926425e-01,-5.470561289244916248e-01,1.133814085804177698e-03,2.590114834278825842e-03,2.120811870007820394e-06,0.000000000000000000e+00
1.000000000000000000e+00,6.018229293823242188e+01,2.479504776000976562e+01,1.836666679382324219e+01,4.000000000000000000e+00,2.305367929344346034e-01,-7.684559764481153632e-01,5.315520040122669876e-01,-4.683855102619303712e-01,7.965321738365593472e-05,1.133814085804177698e-03,1.111255136509108886e-06,0.000000000000000000e+00
1.000000000000000000e+00,6.018256378173828125e+01,2.479479217529296875e+01,1.838333320617675781e+01,4.000000000000000000e+00,5.143950394396965553e-01,-4.854150372177417627e-01,2.305367929344346034e-01,-7.684559764481153632e-01,3.723973041340875490e-04,7.965321738365593472e-05,8.569910032734421788e-08,0.000000000000000000e+00
1.000000000000000000e+00,6.018291854858398438e+01,2.479151725769042969e+01,1.838333320617675781e+01,4.000000000000000000e+00,9.773771714596705962e-02,-9.022347330087389095e-01,5.143950394396965553e-01,-4.854150372177417627e-01,3.294077233191466426e-03,3.723973041340875490e-04,8.536213607856730229e-06,0.000000000000000000e+00
1.000000000000000000e+00,6.018292617797851562e+01,2.479132843017578125e+01,1.838333320617675781e+01,4.000000000000000000e+00,3.881519384432014635e-02,-9.606760476469236032e-01,9.773771714596705962e-02,-9.022347330087389095e-01,1.889815809787275143e-04,3.294077233191466426e-03,9.641619009390455896e-06,0.000000000000000000e+00
1.000000000000000000e+00,6.018321990966796875e+01,2.478797340393066406e+01,1.838333320617675781e+01,4.000000000000000000e+00,8.049962336714397426e-02,-9.194729707974431676e-01,3.881519384432014635e-02,-9.606760476469236032e-01,3.367859767094544959e-03,1.889815809787275143e-04,1.010526652216299111e-05,0.000000000000000000e+00
1.000000000000000000e+00,6.018316650390625000e+01,2.478783988952636719e+01,1.838333320617675781e+01,4.000000000000000000e+00,-2.855615138010737519e-01,-7.139037845026843243e-01,8.049962336714397426e-02,-9.194729707974431676e-01,1.437994142530118135e-04,3.367859767094544959e-03,1.039456515876467212e-05,0.000000000000000000e+00
1.000000000000000000e+00,6.018322372436523438e+01,2.478763961791992188e+01,1.838333320617675781e+01,4.000000000000000000e+00,2.221359531743571369e-01,-7.774758361102499515e-01,-2.855615138010737519e-01,-7.139037845026843243e-01,2.082856146606593681e-04,1.437994142530118135e-04,4.158470043015283628e-09,0.000000000000000000e+00
1.000000000000000000e+00,6.018285369873046875e+01,2.478539657592773438e+01,1.839999961853027344e+01,4.000000000000000000e+00,-1.416004204816603274e-01,-8.583613117857348263e-01,2.221359531743571369e-01,-7.774758361102499515e-01,2.273357945661037480e-03,2.082856146606593681e-04,4.264523732263334607e-06,0.000000000000000000e+00
1.000000000000000000e+00,6.018282318115234375e+01,2.478517150878906250e+01,1.839999961853027344e+01,4.000000000000000000e+00,-1.193562857698852869e-01,-8.802526075529039096e-01,-1.416004204816603274e-01,-8.583613117857348263e-01,2.271267035919829818e-04,2.273357945661037480e-03,4.187062296019465377e-06,0.000000000000000000e+00
1.000000000000000000e+00,6.018209075927734375e+01,2.478121376037597656e+01,1.839999961853027344e+01,4.000000000000000000e+00,-1.561577116057623893e-01,-8.438209676613462884e-01,-1.193562857698852869e-01,-8.802526075529039096e-01,4.024948981572657770e-03,2.271267035919829818e-04,1.442345405512632135e-05,0.000000000000000000e+00
1.000000000000000000e+00,6.018186187744140625e+01,2.477950668334960938e+01,1.839999961853027344e+01,4.000000000000000000e+00,-1.182204944249673761e-01,-8.817278542528816931e-01,-1.561577116057623893e-01,-8.438209676613462884e-01,1.722352713230585614e-03,4.024948981572657770e-03,5.301949574982835678e-06,0.000000000000000000e+00
1.000000000000000000e+00,6.018284225463867188e+01,2.477832031250000000e+01,1.839999961853027344e+01,4.000000000000000000e+00,4.524439074901963065e-01,-5.475099425270468778e-01,-1.182204944249673761e-01,-8.817278542528816931e-01,1.539030617538609050e-03,1.722352713230585614e-03,3.360699076889820896e-08,0.000000000000000000e+00
1.000000000000000000e+00,6.018379974365234375e+01,2.477701377868652344e+01,1.839999961853027344e+01,4.000000000000000000e+00,4.228962325678197187e-01,-5.770596002170448324e-01,4.524439074901963065e-01,-5.475099425270468778e-01,1.619819686588587189e-03,1.539030617538609050e-03,6.526873677962135589e-09,0.000000000000000000e+00
1.000000000000000000e+00,6.018479156494140625e+01,2.477584075927734375e+01,1.841666603088378906e+01,4.000000000000000000e+00,4.581286175033820740e-01,-5.418251918549614743e-01,4.228962325678197187e-01,-5.770596002170448324e-01,1.536126298111539432e-03,1.619819686588587189e-03,7.004583274770030172e-09,0.000000000000000000e+00
1.000000000000000000e+00,6.018488311767578125e+01,2.477438354492187500e+01,1.841666603088378906e+01,4.000000000000000000e+00,5.910948394173437537e-02,-9.408259527392721644e-01,4.581286175033820740e-01,-5.418251918549614743e-01,1.460087525101061911e-03,1.536126298111539432e-03,5.781895000938924977e-09,0.000000000000000000e+00
1.000000000000000000e+00,6.018488311767578125e+01,2.477424430847167969e+01,1.841666603088378906e+01,4.000000000000000000e+00,0.000000000000000000e+00,-9.992823127052553600e-01,5.910948394173437537e-02,-9.408259527392721644e-01,1.392364501953125000e-04,1.460087525101061911e-03,1.744647562079673553e-06,0.000000000000000000e+00
1.000000000000000000e+00,6.018371582031250000e+01,2.477044105529785156e+01,1.841666603088378906e+01,4.000000000000000000e+00,-2.348379461735562723e-01,-7.651419357354104500e-01,0.000000000000000000e+00,-9.992823127052553600e-01,3.978356172913263301e-03,1.392364501953125000e-04,1.473884024536195624e-05,0.000000000000000000e+00
1.000000000000000000e+00,6.018297576904296875e+01,2.476815032958984375e+01,1.841666603088378906e+01,4.000000000000000000e+00,-2.441706723880752161e-01,-7.557963338610266257e-01,-2.348379461735562723e-01,-7.651419357354104500e-01,2.407301425011564282e-03,3.978356172913263301e-03,2.468213020904471251e-06,0.000000000000000000e+00
1.000000000000000000e+00,6.018186187744140625e+01,2.476550483703613281e+01,1.841666603088378906e+01,4.000000000000000000e+00,-2.962884149943926793e-01,-7.036849856116825785e-01,-2.441706723880752161e-01,-7.557963338610266257e-01,2.870432955456630932e-03,2.407301425011564282e-03,2.144908144923897003e-07,0.000000000000000000e+00
1.000000000000000000e+00,6.018186187744140625e+01,2.476550483703613281e+01,1.843333244323730469e+01,4.000000000000000000e+00,0.000000000000000000e+00,0.000000000000000000e+00,-2.962884149943926793e-01,-7.036849856116825785e-01,0.000000000000000000e+00,2.870432955456630932e-03,8.239385351771488786e-06,0.000000000000000000e+00
1.000000000000000000e+00,6.018112945556640625e+01,2.476075172424316406e+01,1.843333244323730469e+01,4.000000000000000000e+00,-1.335163421065378719e-01,-8.664654284622197444e-01,0.000000000000000000e+00,0.000000000000000000e+00,4.809212308233200457e-03,0.000000000000000000e+00,2.312852302566170692e-05,0.000000000000000000e+00
1.000000000000000000e+00,6.018099594116210938e+01,2.475863647460937500e+01,1.843333244323730469e+01,4.000000000000000000e+00,-5.936970934468423916e-02,-9.405858237607831462e-01,-1.335163421065378719e-01,-8.664654284622197444e-01,2.119459154925971110e-03,4.809212308233200457e-03,7.234772025726183599e-06,0.000000000000000000e+00
1.000000000000000000e+00,6.018108367919921875e+01,2.475583076477050781e+01,1.843333244323730469e+01,4.000000000000000000e+00,3.032195798030945522e-02,-9.696434823703306005e-01,-5.936970934468423916e-02,-9.405858237607831462e-01,2.807081342439499833e-03,2.119459154925971110e-03,4.728242727608904442e-07,0.000000000000000000e+00
1.000000000000000000e+00,6.018129348754882812e+01,2.475337791442871094e+01,1.843333244323730469e+01,4.000000000000000000e+00,7.879360239683284861e-02,-9.211688425666095803e-01,3.032195798030945522e-02,-9.696434823703306005e-01,2.461807129492246671e-03,2.807081342439499833e-03,1.192142821263451171e-07,0.000000000000000000e+00
1.000000000000000000e+00,6.018132781982421875e+01,2.475158309936523438e+01,1.843333244323730469e+01,4.000000000000000000e+00,1.876852553569175602e-02,-9.811768071714411787e-01,7.879360239683284861e-02,-9.211688425666095803e-01,1.795143397396395868e-03,2.461807129492246671e-03,4.444405316919683149e-07,0.000000000000000000e+00
1.000000000000000000e+00,6.018180465698242188e+01,2.474928665161132812e+01,1.845000076293945312e+01,4.000000000000000000e+00,1.719332776785221784e-01,-8.280306652997628802e-01,1.876852553569175602e-02,-9.811768071714411787e-01,2.345430869129229434e-03,1.795143397396395868e-03,3.028163015461140999e-07,0.000000000000000000e+00
1.000000000000000000e+00,6.018201065063476562e+01,2.474780273437500000e+01,1.845000076293945312e+01,4.000000000000000000e+00,1.218889497840062730e-01,-8.780518789996007989e-01,1.719332776785221784e-01,-8.280306652997628802e-01,1.498146771540631843e-03,2.345430869129229434e-03,7.178903420265241498e-07,0.000000000000000000e+00
1.000000000000000000e+00,6.018191528320312500e+01,2.474755668640136719e+01,1.845000076293945312e+01,4.000000000000000000e+00,-2.792478177207501910e-01,-7.204593697195355029e-01,1.218889497840062730e-01,-8.780518789996007989e-01,2.638835962058696887e-04,1.498146771540631843e-03,1.523405585987449761e-06,0.000000000000000000e+00
1.000000000000000000e+00,6.018181610107421875e+01,2.474691200256347656e+01,1.845000076293945312e+01,4.000000000000000000e+00,-1.333154113665654950e-01,-8.665501738826758560e-01,-2.792478177207501910e-01,-7.204593697195355029e-01,6.522686145536680559e-04,2.638835962058696887e-04,1.508429224770196847e-07,0.000000000000000000e+00
1.000000000000000000e+00,6.018176651000976562e+01,2.474632453918457031e+01,1.845000076293945312e+01,4.000000000000000000e+00,-7.783209388238401805e-02,-9.220109582990106967e-01,-1.333154113665654950e-01,-8.665501738826758560e-01,5.895527925720836157e-04,6.522686145536680559e-04,3.933274326825790000e-09,0.000000000000000000e+00
1.000000000000000000e+00,6.018127059936523438e+01,2.474451255798339844e+01,1.845000076293945312e+01,4.000000000000000000e+00,-2.148667229715328086e-01,-7.850899493190621747e-01,-7.783209388238401805e-02,-9.220109582990106967e-01,1.878617374762532816e-03,5.895527925720836157e-04,1.661687497057837287e-06,0.000000000000000000e+00
1.000000000000000000e+00,6.018052673339843750e+01,2.474332046508789062e+01,1.846666717529296875e+01,4.000000000000000000e+00,-3.842166068811439517e-01,-6.157317417967050899e-01,-2.148667229715328086e-01,-7.850899493190621747e-01,1.405141291144363768e-03,1.878617374762532816e-03,2.241796017583994146e-07,0.000000000000000000e+00
1.000000000000000000e+00,6.017963409423828125e+01,2.474195098876953125e+01,1.846666717529296875e+01,4.000000000000000000e+00,-3.945862667078752772e-01,-6.053695288381505391e-01,-3.842166068811439517e-01,-6.157317417967050899e-01,1.634707942352885178e-03,1.405141291144363768e-03,5.270084734709492187e-08,0.000000000000000000e+00
1.000000000000000000e+00,6.017858505249023438e+01,2.474176025390625000e+01,1.846666717529296875e+01,4.000000000000000000e+00,-8.460856011495914153e-01,-1.538337456635620881e-01,-3.945862667078752772e-01,-6.053695288381505391e-01,1.066240299940009011e-03,1.634707942352885178e-03,3.231554604704536251e-07,0.000000000000000000e+00
1.000000000000000000e+00,6.017795181274414062e+01,2.474077033996582031e+01,1.846666717529296875e+01,4.000000000000000000e+00,-3.901052259120231236e-01,-6.098331694227108191e-01,-8.460856011495914153e-01,-1.538337456635620881e-01,1.175126455105963410e-03,1.066240299940009011e-03,1.185619478682429793e-08,0.000000000000000000e+00
1.000000000000000000e+00,6.017763519287109375e+01,2.473906135559082031e+01,1.846666717529296875e+01,4.000000000000000000e+00,-1.563011349520299909e-01,-8.436494995001135866e-01,-3.901052259120231236e-01,-6.098331694227108191e-01,1.738066666731273623e-03,1.175126455105963410e-03,3.169016818647490602e-07,0.000000000000000000e+00
1.000000000000000000e+00,6.017763519287109375e+01,2.473906135559082031e+01,1.846666717529296875e+01,4.000000000000000000e+00,0.000000000000000000e+00,0.000000000000000000e+00,-1.563011349520299909e-01,-8.436494995001135866e-01,0.000000000000000000e+00,1.738066666731273623e-03,3.020875738002360291e-06,0.000000000000000000e+00
1.000000000000000000e+00,6.017756652832031250e+01,2.473604011535644531e+01,1.848333358764648438e+01,4.000000000000000000e+00,-2.222150305756820723e-02,-9.777461345330011877e-01,0.000000000000000000e+00,0.000000000000000000e+00,3.022020412627998004e-03,0.000000000000000000e+00,9.132607374340295792e-06,0.000000000000000000e+00
1.000000000000000000e+00,6.017731475830078125e+01,2.473429679870605469e+01,1.848333358764648438e+01,4.000000000000000000e+00,-1.261887037071616480e-01,-8.737611756692860165e-01,-2.222150305756820723e-02,-9.777461345330011877e-01,1.761403158355279771e-03,3.022020412627998004e-03,1.589155861770087036e-06,0.000000000000000000e+00
1.000000000000000000e+00,6.017733001708984375e+01,2.473229217529296875e+01,1.848333358764648438e+01,4.000000000000000000e+00,7.553922527768250350e-03,-9.923965720855538741e-01,-1.261887037071616480e-01,-8.737611756692860165e-01,2.004681485657002805e-03,1.761403158355279771e-03,5.918434453472428250e-08,0.000000000000000000e+00
1.000000000000000000e+00,6.017713928222656250e+01,2.473060989379882812e+01,1.848333358764648438e+01,4.000000000000000000e+00,-1.018275573353991520e-01,-8.981190556982205919e-01,7.553922527768250350e-03,-9.923965720855538741e-01,1.693059601313235112e-03,2.004681485657002805e-03,9.710819880196052618e-08,0.000000000000000000e+00
1.000000000000000000e+00,6.017715454101562500e+01,2.473017501831054688e+01,1.848333358764648438e+01,4.000000000000000000e+00,3.389077604779976854e-02,-9.658871173622933792e-01,-1.018275573353991520e-01,-8.981190556982205919e-01,4.351431039916747864e-04,1.693059601313235112e-03,1.582353914233742753e-06,0.000000000000000000e+00
1.000000000000000000e+00,6.017572021484375000e+01,2.472918701171875000e+01,1.848333358764648438e+01,4.000000000000000000e+00,-5.921015408084545628e-01,-4.078571783760365221e-01,3.389077604779976854e-02,-9.658871173622933792e-01,1.741679819243384603e-03,4.351431039916747864e-04,1.707038188300727781e-06,0.000000000000000000e+00
1.000000000000000000e+00,6.017569732666015625e+01,2.472911071777343750e+01,1.850000000000000000e+01,4.000000000000000000e+00,-2.305367929344346034e-01,-7.684559764481153632e-01,-5.921015408084545628e-01,-4.078571783760365221e-01,7.965321738365593472e-05,1.741679819243384603e-03,2.762332425289397272e-06,0.000000000000000000e+00
1.000000000000000000e+00,6.017405319213867188e+01,2.472873306274414062e+01,1.850000000000000000e+01,4.000000000000000000e+00,-8.131673269932515602e-01,-1.867832143209556817e-01,-2.305367929344346034e-01,-7.684559764481153632e-01,1.686950398171172677e-03,7.965321738365593472e-05,2.583404227367499530e-06,0.000000000000000000e+00
1.000000000000000000e+00,6.017333984375000000e+01,2.472949028015136719e+01,1.850000000000000000e+01,4.000000000000000000e+00,-4.850513221027804578e-01,5.148806814834326895e-01,-8.131673269932515602e-01,-1.867832143209556817e-01,1.040309629594803921e-03,1.686950398171172677e-03,4.181442835850369046e-07,0.000000000000000000e+00
1.000000000000000000e+00,6.017332077026367188e+01,2.472936630249023438e+01,1.850000000000000000e+01,4.000000000000000000e+00,-1.332401916885066762e-01,-8.660612459752934367e-01,-4.850513221027804578e-01,5.148806814834326895e-01,1.254362720295515638e-04,1.040309629594803921e-03,8.369932603827180724e-07,0.000000000000000000e+00
1.000000000000000000e+00,6.017292022705078125e+01,2.472794723510742188e+01,1.850000000000000000e+01,4.000000000000000000e+00,-2.201136894165621749e-01,-7.798313567901059562e-01,-1.332401916885066762e-01,-8.660612459752934367e-01,1.474512496506917699e-03,1.254362720295515638e-04,1.820006659450104898e-06,0.000000000000000000e+00
1.000000000000000000e+00,6.017270660400390625e+01,2.472661972045898438e+01,1.850000000000000000e+01,4.000000000000000000e+00,-1.386048677142470154e-01,-8.613302493671063376e-01,-2.201136894165621749e-01,-7.798313567901059562e-01,1.344592855838635560e-03,1.474512496506917699e-03,1.687911303137555100e-08,0.000000000000000000e+00
1.000000000000000000e+00,6.017260360717773438e+01,2.472514533996582031e+01,1.851666641235351562e+01,4.000000000000000000e+00,-6.529211222842369600e-02,-9.346444954179911058e-01,-1.386048677142470154e-01,-8.613302493671063376e-01,1.477973675281188436e-03,1.344592855838635560e-03,1.779044299516689097e-08,0.000000000000000000e+00
1.000000000000000000e+00,6.017283630371093750e+01,2.472376060485839844e+01,1.851666641235351562e+01,4.000000000000000000e+00,1.438590302401831778e-01,-8.560791471669917385e-01,-6.529211222842369600e-02,-9.346444954179911058e-01,1.404150630912305098e-03,1.477973675281188436e-03,5.449841879890117710e-09,0.000000000000000000e+00
1.000000000000000000e+00,6.017256546020507812e+01,2.472355651855468750e+01,1.851666641235351562e+01,4.000000000000000000e+00,-5.701610728479673540e-01,-4.296284140474120328e-01,1.438590302401831778e-01,-8.560791471669917385e-01,3.391274451125864315e-04,1.404150630912305098e-03,1.134274386290982215e-06,0.000000000000000000e+00
1.000000000000000000e+00,6.017275238037109375e+01,2.472249221801757812e+01,1.851666641235351562e+01,4.000000000000000000e+00,1.493783052968098435e-01,-8.505417791389784377e-01,-5.701610728479673540e-01,-4.296284140474120328e-01,1.080590015572332032e-03,3.391274451125864315e-04,5.497667433927732767e-07,0.000000000000000000e+00
1.000000000000000000e+00,6.017432022094726562e+01,2.472116661071777344e+01,1.851666641235351562e+01,4.000000000000000000e+00,5.418402056481385065e-01,-4.581252347025015492e-01,1.493783052968098435e-01,-8.505417791389784377e-01,2.053133893730857504e-03,1.080590015572332032e-03,9.458415949436247892e-07,0.000000000000000000e+00
1.000000000000000000e+00,6.017490005493164062e+01,2.472120857238769531e+01,1.851666641235351562e+01,4.000000000000000000e+00,9.323653901884383366e-01,6.747381113205803971e-02,5.418402056481385065e-01,-4.581252347025015492e-01,5.813503514910953532e-04,2.053133893730857504e-03,2.166146795207821570e-06,0.000000000000000000e+00
1.000000000000000000e+00,6.017570495605468750e+01,2.471934127807617188e+01,1.853333282470703125e+01,4.000000000000000000e+00,3.012021472754182194e-01,-6.987604317124038733e-01,9.323653901884383366e-01,6.747381113205803971e-02,2.033384829226850873e-03,5.813503514910953532e-04,2.108404124533348415e-06,0.000000000000000000e+00
1.000000000000000000e+00,6.017675399780273438e+01,2.471596336364746094e+01,1.853333282470703125e+01,4.000000000000000000e+00,2.369614719493233213e-01,-7.630159396768211311e-01,3.012021472754182194e-01,-6.987604317124038733e-01,3.537060146058981173e-03,2.033384829226850873e-03,2.261039458450207562e-06,0.000000000000000000e+00
1.000000000000000000e+00,6.017606735229492188e+01,2.471346282958984375e+01,1.853333282470703125e+01,4.000000000000000000e+00,-2.154330970085239771e-01,-7.845355282727082269e-01,2.369614719493233213e-01,-7.630159396768211311e-01,2.593097110927888339e-03,3.537060146058981173e-03,8.910662116939048133e-07,0.000000000000000000e+00
1.000000000000000000e+00,6.017604827880859375e+01,2.471325111389160156e+01,1.853333282470703125e+01,4.000000000000000000e+00,-8.260883403274597858e-02,-9.169580577634803831e-01,-2.154330970085239771e-01,-7.845355282727082269e-01,2.125731280357095565e-04,2.593097110927888339e-03,5.666894433124842846e-06,0.000000000000000000e+00
1.000000000000000000e+00,6.017509841918945312e+01,2.470985221862792969e+01,1.853333282470703125e+01,4.000000000000000000e+00,-2.184160301358066547e-01,-7.815609753052358277e-01,-8.260883403274597858e-02,-9.169580577634803831e-01,3.529124864535835085e-03,2.125731280357095565e-04,1.099951542088199923e-05,0.000000000000000000e+00
1.000000000000000000e+00,6.017513656616210938e+01,2.471010780334472656e+01,1.853333282470703125e+01,4.000000000000000000e+00,1.298259310534154998e-01,8.698337380578837763e-01,-2.184160301358066547e-01,-7.815609753052358277e-01,2.584158257208244098e-04,3.529124864535835085e-03,1.069753761658621090e-05,0.000000000000000000e+00
1.000000000000000000e+00,6.017449951171875000e+01,2.471054649353027344e+01,1.854999923706054688e+01,4.000000000000000000e+00,-5.921435365690601582e-01,4.077635132062389922e-01,1.298259310534154998e-01,8.698337380578837763e-01,7.734904283176843214e-04,2.584158257208244098e-04,2.653018462403131463e-07,0.000000000000000000e+00
1.000000000000000000e+00,6.017368316650390625e+01,2.471104049682617188e+01,1.854999923706054688e+01,4.000000000000000000e+00,-6.229510035319155703e-01,3.769726867167433326e-01,-5.921435365690601582e-01,4.077635132062389922e-01,9.541796299213306867e-04,7.734904283176843214e-04,3.264858757616316040e-08,0.000000000000000000e+00
1.000000000000000000e+00,6.017256546020507812e+01,2.471150398254394531e+01,1.854999923706054688e+01,4.000000000000000000e+00,-7.068310515032170116e-01,2.931057090704466406e-01,-6.229510035319155703e-01,3.769726867167433326e-01,1.209994372309237086e-03,9.541796299213306867e-04,6.544118242299091145e-08,0.000000000000000000e+00
1.000000000000000000e+00,6.017195510864257812e+01,2.471019363403320312e+01,1.854999923706054688e+01,4.000000000000000000e+00,-3.177590270859192989e-01,-6.821889112750829653e-01,-7.068310515032170116e-01,2.931057090704466406e-01,1.445524904472579412e-03,1.209994372309237086e-03,5.547463158114723743e-08,0.000000000000000000e+00
1.000000000000000000e+00,6.017179107666015625e+01,2.470924758911132812e+01,1.854999923706054688e+01,4.000000000000000000e+00,-1.477530128639847895e-01,-8.521569114015867807e-01,-3.177590270859192989e-01,-6.821889112750829653e-01,9.601601353226060353e-04,1.445524904472579412e-03,2.355789591320069398e-07,0.000000000000000000e+00
1.000000000000000000e+00,6.017168045043945312e+01,2.470889282226562500e+01,1.854999923706054688e+01,4.000000000000000000e+00,-2.376538528429510966e-01,-7.621313211860155645e-01,-1.477530128639847895e-01,-8.521569114015867807e-01,3.716149559923569829e-04,9.601601353226060353e-04,3.463854281128749275e-07,0.000000000000000000e+00
1.000000000000000000e+00,6.017115402221679688e+01,2.470806694030761719e+01,1.856666755676269531e+01,4.000000000000000000e+00,-3.892518927931779005e-01,-6.106741651429203888e-01,-2.376538528429510966e-01,-7.621313211860155645e-01,9.793914856541467012e-04,3.716149559923569829e-04,3.693923100077282917e-07,0.000000000000000000e+00
1.000000000000000000e+00,6.017092132568359375e+01,2.470806694030761719e+01,1.856666755676269531e+01,4.000000000000000000e+00,-9.995704403385047288e-01,0.000000000000000000e+00,-3.892518927931779005e-01,-6.106741651429203888e-01,2.326965332031250000e-04,9.793914856541467012e-04,5.575533520158335301e-07,0.000000000000000000e+00
1.000000000000000000e+00,6.017053985595703125e+01,2.470734786987304688e+01,1.856666755676269531e+01,4.000000000000000000e+00,-3.465889579841241463e-01,-6.533201858000740048e-01,-9.995704403385047288e-01,0.000000000000000000e+00,8.139910577867589050e-04,2.326965332031250000e-04,3.379033243109129880e-07,0.000000000000000000e+00
1.000000000000000000e+00,6.017063140869140625e+01,2.470666122436523438e+01,1.856666755676269531e+01,4.000000000000000000e+00,1.176319428882174195e-01,-8.822395716616305839e-01,-3.465889579841241463e-01,-6.533201858000740048e-01,6.927221351816508117e-04,8.139910577867589050e-04,1.470615158980369679e-08,0.000000000000000000e+00
1.000000000000000000e+00,6.017065048217773438e+01,2.470644378662109375e+01,1.856666755676269531e+01,4.000000000000000000e+00,8.061107788644925054e-02,-9.189662879055214839e-01,1.176319428882174195e-01,-8.822395716616305839e-01,2.182726974627680549e-04,6.927221351816508117e-04,2.251022689517640372e-07,0.000000000000000000e+00
1.000000000000000000e+00,6.017058563232421875e+01,2.470581054687500000e+01,1.856666755676269531e+01,4.000000000000000000e+00,-9.288286956996691379e-02,-9.069739028596769392e-01,8.061107788644925054e-02,-9.189662879055214839e-01,6.365517100235259336e-04,2.182726974627680549e-04,1.749573323488026714e-07,0.000000000000000000e+00
1.000000000000000000e+00,6.017070007324218750e+01,2.470521926879882812e+01,1.858333396911621094e+01,4.000000000000000000e+00,1.621391871269890761e-01,-8.377191334894436014e-01,-9.288286956996691379e-02,-9.069739028596769392e-01,6.022511827029015724e-04,6.365517100235259336e-04,1.176526174472898273e-09,0.000000000000000000e+00
1.000000000000000000e+00,6.017081069946289062e+01,2.470500946044921875e+01,1.858333396911621094e+01,4.000000000000000000e+00,3.451303882613090956e-01,-6.545576329093792944e-01,1.621391871269890761e-01,-8.377191334894436014e-01,2.371870659898348032e-04,6.022511827029015724e-04,1.332718093114916275e-07,0.000000000000000000e+00
1.000000000000000000e+00,6.017085266113281250e+01,2.470513343811035156e+01,1.858333396911621094e+01,4.000000000000000000e+00,2.527212658310114546e-01,7.466764672279884163e-01,3.451303882613090956e-01,-6.545576329093792944e-01,1.308863713401623753e-04,2.371870659898348032e-04,1.129983768300289572e-08,0.000000000000000000e+00
1.000000000000000000e+00,6.017087554931640625e+01,2.470517730712890625e+01,1.858333396911621094e+01,4.000000000000000000e+00,3.423443227991094240e-01,6.561599520316263590e-01,2.527212658310114546e-01,7.466764672279884163e-01,4.948090275220049509e-05,1.308863713401623753e-04,6.626850316025649759e-09,0.000000000000000000e+00
1.000000000000000000e+00,6.017093658447265625e+01,2.470499229431152344e+01,1.858333396911621094e+01,4.000000000000000000e+00,2.479612379058145910e-01,-7.516325024020005241e-01,3.423443227991094240e-01,6.561599520316263590e-01,1.948205145624757803e-04,4.948090275220049509e-05,2.112360276116151463e-08,0.000000000000000000e+00
1.000000000000000000e+00,6.017092132568359375e+01,2.470499610900878906e+01,1.858333396911621094e+01,4.000000000000000000e+00,-7.958275715417154617e-01,1.989568928854288654e-01,2.479612379058145910e-01,-7.516325024020005241e-01,1.572839975592674479e-05,1.948205145624757803e-04,3.207398558588213981e-08,0.000000000000000000e+00
1.000000000000000000e+00,6.017090606689453125e+01,2.470487785339355469e+01,1.860000038146972656e+01,4.000000000000000000e+00,-1.142001803083806805e-01,-8.850513973899503117e-01,-7.958275715417154617e-01,1.989568928854288654e-01,1.192359894415877096e-04,1.572839975592674479e-05,1.071382112253514785e-08,0.000000000000000000e+00
1.000000000000000000e+00,6.017092132568359375e+01,2.470507049560546875e+01,1.860000038146972656e+01,4.000000000000000000e+00,7.335920976754989331e-02,9.261600233153174377e-01,-1.142001803083806805e-01,-8.850513973899503117e-01,1.932455755115662025e-04,1.192359894415877096e-04,5.477418830249554448e-09,0.000000000000000000e+00
1.000000000000000000e+00,6.017092895507812500e+01,2.470514106750488281e+01,1.860000038146972656e+01,4.000000000000000000e+00,9.743637872164094549e-02,9.012865031751787770e-01,7.335920976754989331e-02,9.261600233153174377e-01,7.098310114261015074e-05,1.932455755115662025e-04,1.494811263881963453e-08,0.000000000000000000e+00
1.000000000000000000e+00,6.017091369628906250e+01,2.470531654357910156e+01,1.860000038146972656e+01,4.000000000000000000e+00,-7.995807893870937599e-02,9.195179077951578517e-01,9.743637872164094549e-02,9.012865031751787770e-01,1.761382504366332366e-04,7.098310114261015074e-05,1.105760542304828308e-08,0.000000000000000000e+00
1.000000000000000000e+00,6.017098236083984375e+01,2.470530891418457031e+01,1.933333396911621094e+01,4.000000000000000000e+00,0.000000000000000000e+00,0.000000000000000000e+00,-7.995807893870937599e-02,9.195179077951578517e-01,0.000000000000000000e+00,1.761382504366332366e-04,3.102468326687812805e-08,0.000000000000000000e+00
1.000000000000000000e+00,6.017098236083984375e+01,2.470530891418457031e+01,1.933333396911621094e+01,4.000000000000000000e+00,0.000000000000000000e+00,0.000000000000000000e+00,0.000000000000000000e+00,0.000000000000000000e+00,0.000000000000000000e+00,0.000000000000000000e+00,0.000000000000000000e+00,0.000000000000000000e+00
1.000000000000000000e+00,6.017092514038085938e+01,2.470481872558593750e+01,1.933333396911621094e+01,4.000000000000000000e+00,-1.045105248731482001e-01,-8.953068297466362235e-01,0.000000000000000000e+00,0.000000000000000000e+00,4.935170140491440755e-04,0.000000000000000000e+00,2.435590431559830904e-07,0.000000000000000000e+00
1.000000000000000000e+00,6.017091751098632812e+01,2.470491409301757812e+01,1.933333396911621094e+01,4.000000000000000000e+00,-7.400222503970070587e-02,9.250278129962589135e-01,-1.045105248731482001e-01,-8.953068297466362235e-01,9.567212069690287247e-05,4.935170140491440755e-04,1.582805591664561898e-07,0.000000000000000000e+00
1.000000000000000000e+00,6.017098236083984375e+01,2.470530891418457031e+01,1.935000038146972656e+01,4.000000000000000000e+00,1.410481535874074654e-01,8.587343468409807112e-01,-7.400222503970070587e-02,9.250278129962589135e-01,4.001115562016059092e-04,9.567212069690287247e-05,9.268336989042223513e-08,0.000000000000000000e+00
1.000000000000000000e+00,6.017092132568359375e+01,2.470492362976074219e+01,1.935000038146972656e+01,4.000000000000000000e+00,-1.367215036565345709e-01,-8.630544918318745484e-01,1.410481535874074654e-01,8.587343468409807112e-01,3.900889354275921799e-04,4.001115562016059092e-04,1.004529271796915618e-10,0.000000000000000000e+00
1.000000000000000000e+00,6.017098236083984375e+01,2.470530891418457031e+01,1.935000038146972656e+01,4.000000000000000000e+00,1.367215036565345709e-01,8.630544918318745484e-01,-1.367215036565345709e-01,-8.630544918318745484e-01,3.900889354275921799e-04,3.900889354275921799e-04,0.000000000000000000e+00,0.000000000000000000e+00
1.000000000000000000e+00,6.017095565795898438e+01,2.470493507385253906e+01,1.935000038146972656e+01,4.000000000000000000e+00,-6.665002675751016681e-02,-9.331003746051423908e-01,1.367215036565345709e-01,8.630544918318745484e-01,3.747927930195899763e-04,3.900889354275921799e-04,2.339719725658834548e-10,0.000000000000000000e+00
1.000000000000000000e+00,6.017098236083984375e+01,2.470530891418457031e+01,1.935000038146972656e+01,4.000000000000000000e+00,6.665002675751016681e-02,9.331003746051423908e-01,-6.665002675751016681e-02,-9.331003746051423908e-01,3.747927930195899763e-04,3.747927930195899763e-04,0.000000000000000000e+00,0.000000000000000000e+00
1.000000000000000000e+00,6.017098236083984375e+01,2.470530891418457031e+01,1.935000038146972656e+01,4.000000000000000000e+00,0.000000000000000000e+00,0.000000000000000000e+00,6.665002675751016681e-02,9.331003746051423908e-01,0.000000000000000000e+00,3.747927930195899763e-04,1.404696376994252205e-07,0.000000000000000000e+00
1.000000000000000000e+00,6.017097091674804688e+01,2.470533943176269531e+01,1.961666679382324219e+01,4.000000000000000000e+00,0.000000000000000000e+00,0.000000000000000000e+00,0.000000000000000000e+00,0.000000000000000000e+00,0.000000000000000000e+00,0.000000000000000000e+00,0.000000000000000000e+00,0.000000000000000000e+00
1.000000000000000000e+00,6.017097091674804688e+01,2.470533752441406250e+01,1.961666679382324219e+01,4.000000000000000000e+00,0.000000000000000000e+00,-9.501830432614539745e-01,0.000000000000000000e+00,0.000000000000000000e+00,1.907348632812500000e-06,0.000000000000000000e+00,3.637978807091712952e-12,0.000000000000000000e+00
1.000000000000000000e+00,6.017096710205078125e+01,2.470534133911132812e+01,1.961666679382324219e+01,4.000000000000000000e+00,-4.935311880124827466e-01,4.935311880124827466e-01,0.000000000000000000e+00,-9.501830432614539745e-01,5.394796609394436438e-06,1.907348632812500000e-06,1.216229338936544193e-11,0.000000000000000000e+00
1.000000000000000000e+00,6.017096710205078125e+01,2.470534324645996094e+01,1.963333320617675781e+01,4.000000000000000000e+00,0.000000000000000000e+00,9.501830432614539745e-01,-4.935311880124827466e-01,4.935311880124827466e-01,1.907348632812500000e-06,5.394796609394436438e-06,1.216229338936544193e-11,0.000000000000000000e+00
1.000000000000000000e+00,6.017096710205078125e+01,2.470534706115722656e+01,1.963333320617675781e+01,4.000000000000000000e+00,0.000000000000000000e+00,9.744552405423272390e-01,0.000000000000000000e+00,9.501830432614539745e-01,3.814697265625000000e-06,1.907348632812500000e-06,3.637978807091712952e-12,0.000000000000000000e+00
1.000000000000000000e+00,6.017096710205078125e+01,2.470534706115722656e+01,1.963333320617675781e+01,4.000000000000000000e+00,0.000000000000000000e+00,0.000000000000000000e+00,0.000000000000000000e+00,9.744552405423272390e-01,0.000000000000000000e+00,3.814697265625000000e-06,1.455191522836685181e-11,0.000000000000000000e+00
1.000000000000000000e+00,6.017096710205078125e+01,2.470535087585449219e+01,1.963333320617675781e+01,4.000000000000000000e+00,0.000000000000000000e+00,9.744552405423272390e-01,0.000000000000000000e+00,0.000000000000000000e+00,3.814697265625000000e-06,0.000000000000000000e+00,1.455191522836685181e-11,0.000000000000000000e+00
1.000000000000000000e+00,6.017112731933593750e+01,2.470512199401855469e+01,1.083333373069763184e+00,5.000000000000000000e+00,0.000000000000000000e+00,0.000000000000000000e+00,0.000000000000000000e+00,9.744552405423272390e-01,0.000000000000000000e+00,3.814697265625000000e-06,1.455191522836685181e-11,0.000000000000000000e+00
1.000000000000000000e+00,6.017109680175781250e+01,2.470521545410156250e+01,1.083333373069763184e+00,5.000000000000000000e+00,-2.459554592372114323e-01,7.532385939139600861e-01,0.000000000000000000e+00,0.000000000000000000e+00,9.831637549484155826e-05,0.000000000000000000e+00,9.666109690442681313e-09,0.000000000000000000e+00
1.000000000000000000e+00,6.017097854614257812e+01,2.470523643493652344e+01,1.083333373069763184e+00,5.000000000000000000e+00,-8.487055258592579587e-01,1.505767868459973735e-01,-2.459554592372114323e-01,7.532385939139600861e-01,1.201023978533261537e-04,9.831637549484155826e-05,4.746307702043907058e-10,0.000000000000000000e+00
1.000000000000000000e+00,6.017074966430664062e+01,2.470533752441406250e+01,1.100000023841857910e+00,5.000000000000000000e+00,-6.934314694807681700e-01,3.062655656873392584e-01,-8.487055258592579587e-01,1.505767868459973735e-01,2.502118648090879147e-04,1.201023978533261537e-04,1.692847339151246167e-08,0.000000000000000000e+00
1.000000000000000000e+00,6.017079162597656250e+01,2.470524787902832031e+01,1.100000023841857910e+00,5.000000000000000000e+00,3.185984965672923330e-01,-6.806422426664882064e-01,-6.934314694807681700e-01,3.062655656873392584e-01,9.898018451941773465e-05,2.502118648090879147e-04,2.287102112323701738e-08,0.000000000000000000e+00
1.000000000000000000e+00,6.017082977294921875e+01,2.470515632629394531e+01,1.100000023841857910e+00,5.000000000000000000e+00,2.938910535989568973e-01,-7.053385286374965757e-01,3.185984965672923330e-01,-6.806422426664882064e-01,9.918212890625000000e-05,9.898018451941773465e-05,4.078153537305962273e-14,0.000000000000000000e+00
1.000000000000000000e+00,6.017087173461914062e+01,2.470525932312011719e+01,1.116666674613952637e+00,5.000000000000000000e+00,2.892741276922901061e-01,7.100364952447120181e-01,2.938910535989568973e-01,-7.053385286374965757e-01,1.112165812462863996e-04,9.918212890625000000e-05,1.448280431246075669e-10,0.000000000000000000e+00
1.000000000000000000e+00,6.018681716918945312e+01,2.482133293151855469e+01,1.621666717529296875e+01,5.000000000000000000e+00,0.000000000000000000e+00,0.000000000000000000e+00,2.892741276922901061e-01,7.100364952447120181e-01,0.000000000000000000e+00,1.112165812462863996e-04,1.236912794411182404e-08,0.000000000000000000e+00
1.000000000000000000e+00,6.018681716918945312e+01,2.482133293151855469e+01,1.623333358764648438e+01,5.000000000000000000e+00,0.000000000000000000e+00,0.000000000000000000e+00,0.000000000000000000e+00,0.000000000000000000e+00,0.000000000000000000e+00,0.000000000000000000e+00,0.000000000000000000e+00,0.000000000000000000e+00
1.000000000000000000e+00,6.018683624267578125e+01,2.482149887084960938e+01,1.623333358764648438e+01,5.000000000000000000e+00,1.030370916384526353e-01,8.964226972545379368e-01,0.000000000000000000e+00,0.000000000000000000e+00,1.670319115366472368e-04,0.000000000000000000e+00,2.789965947158634663e-08,0.000000000000000000e+00
1.000000000000000000e+00,6.018684005737304688e+01,2.482152366638183594e+01,1.623333358764648438e+01,5.000000000000000000e+00,1.328689227880619494e-01,8.636479981224026714e-01,1.030370916384526353e-01,8.964226972545379368e-01,2.508725440591031141e-05,1.670319115366472368e-04,2.014828568796246364e-08,0.000000000000000000e+00
1.000000000000000000e+00,6.018685150146484375e+01,2.482163619995117188e+01,1.623333358764648438e+01,5.000000000000000000e+00,9.223329721395429059e-02,9.069607559372171446e-01,1.328689227880619494e-01,8.636479981224026714e-01,1.131139755491847006e-04,2.508725440591031141e-05,7.748703635235789997e-09,0.000000000000000000e+00
1.000000000000000000e+00,6.018685150146484375e+01,2.482165908813476562e+01,1.623333358764648438e+01,5.000000000000000000e+00,0.000000000000000000e+00,9.956499390396731375e-01,9.223329721395429059e-02,9.069607559372171446e-01,2.288818359375000000e-05,1.131139755491847006e-04,8.140693533985385295e-09,0.000000000000000000e+00
1.000000000000000000e+00,6.018685531616210938e+01,2.482167625427246094e+01,1.623333358764648438e+01,5.000000000000000000e+00,1.809557008863065530e-01,8.143006539883794748e-01,0.000000000000000000e+00,9.956499390396731375e-01,1.758488551577165046e-05,2.288818359375000000e-05,2.812497050388885611e-11,0.000000000000000000e+00
1.000000000000000000e+00,6.018685531616210938e+01,2.482170104980468750e+01,1.625000000000000000e+01,5.000000000000000000e+00,0.000000000000000000e+00,9.959832150166565423e-01,1.809557008863065530e-01,8.143006539883794748e-01,2.479553222656250000e-05,1.758488551577165046e-05,5.199342598783890033e-11,0.000000000000000000e+00
1.000000000000000000e+00,6.018685531616210938e+01,2.482170867919921875e+01,1.625000000000000000e+01,5.000000000000000000e+00,0.000000000000000000e+00,9.870623760249654932e-01,0.000000000000000000e+00,9.959832150166565423e-01,7.629394531250000000e-06,2.479553222656250000e-05,2.946762833744287491e-10,0.000000000000000000e+00
1.000000000000000000e+00,6.018730545043945312e+01,2.482029724121093750e+01,1.698333358764648438e+01,5.000000000000000000e+00,0.000000000000000000e+00,0.000000000000000000e+00,0.000000000000000000e+00,9.870623760249654932e-01,0.000000000000000000e+00,7.629394531250000000e-06,5.820766091346740723e-11,0.000000000000000000e+00
1.000000000000000000e+00,6.018727111816406250e+01,2.482026290893554688e+01,1.700000000000000000e+01,5.000000000000000000e+00,-4.992728811657759502e-01,-4.992728811657759502e-01,0.000000000000000000e+00,0.000000000000000000e+00,4.855316948454992370e-05,0.000000000000000000e+00,2.357410266995429993e-09,0.000000000000000000e+00
1.000000000000000000e+00,6.018694686889648438e+01,2.482013130187988281e+01,1.700000000000000000e+01,5.000000000000000000e+00,-7.111410699877398489e-01,-2.886396107597297145e-01,-4.992728811657759502e-01,-4.992728811657759502e-01,3.499400014652713996e-04,4.855316948454992370e-05,9.083402249137562321e-08,0.000000000000000000e+00
1.000000000000000000e+00,6.018681335449218750e+01,2.482006263732910156e+01,1.700000000000000000e+01,5.000000000000000000e+00,-6.600508898481729503e-01,-3.394547433504889189e-01,-7.111410699877398489e-01,-2.886396107597297145e-01,1.501363270122865940e-04,3.499400014652713996e-04,3.992150832491433479e-08,0.000000000000000000e+00
1.000000000000000000e+00,6.018680572509765625e+01,2.481959533691406250e+01,1.700000000000000000e+01,5.000000000000000000e+00,-1.606087529149203760e-02,-9.837286116038873596e-01,-6.600508898481729503e-01,-3.394547433504889189e-01,4.673626916609770567e-04,1.501363270122865940e-04,1.006325664282239246e-07,0.000000000000000000e+00
1.000000000000000000e+00,6.018680572509765625e+01,2.481959533691406250e+01,1.700000000000000000e+01,5.000000000000000000e+00,0.000000000000000000e+00,0.000000000000000000e+00,-1.606087529149203760e-02,-9.837286116038873596e-01,0.000000000000000000e+00,4.673626916609770567e-04,2.184278855565935109e-07,0.000000000000000000e+00
1.000000000000000000e+00,6.018680572509765625e+01,2.481959533691406250e+01,1.700000000000000000e+01,5.000000000000000000e+00,0.000000000000000000e+00,0.000000000000000000e+00,0.000000000000000000e+00,0.000000000000000000e+00,0.000000000000000000e+00,0.000000000000000000e+00,0.000000000000000000e+00,0.000000000000000000e+00
1.000000000000000000e+00,6.018670272827148438e+01,2.481219863891601562e+01,1.701666641235351562e+01,5.000000000000000000e+00,-1.373328585460391327e-02,-9.862533804472958243e-01,0.000000000000000000e+00,0.000000000000000000e+00,7.397415063419932567e-03,0.000000000000000000e+00,5.472174962051212788e-05,0.000000000000000000e+00
1.000000000000000000e+00,6.018666076660156250e+01,2.481208610534667969e+01,1.701666641235351562e+01,5.000000000000000000e+00,-2.714292504952053875e-01,-7.279238990553235089e-01,-1.373328585460391327e-02,-9.862533804472958243e-01,1.201023978533261537e-04,7.397415063419932567e-03,5.295927963241614587e-05,0.000000000000000000e+00
1.000000000000000000e+00,6.018666076660156250e+01,2.481208610534667969e+01,1.701666641235351562e+01,5.000000000000000000e+00,0.000000000000000000e+00,0.000000000000000000e+00,-2.714292504952053875e-01,-7.279238990553235089e-01,0.000000000000000000e+00,1.201023978533261537e-04,1.442458597011864351e-08,0.000000000000000000e+00
1.000000000000000000e+00,6.018570709228515625e+01,2.481001663208007812e+01,1.701666641235351562e+01,5.000000000000000000e+00,-3.154469788602112246e-01,-6.845199441266582863e-01,0.000000000000000000e+00,0.000000000000000000e+00,2.278643083712644356e-03,0.000000000000000000e+00,5.192214302951469170e-06,0.000000000000000000e+00
1.000000000000000000e+00,6.018560028076171875e+01,2.480941009521484375e+01,1.701666641235351562e+01,5.000000000000000000e+00,-1.497116331516786802e-01,-8.501482025398895415e-01,-3.154469788602112246e-01,-6.845199441266582863e-01,6.158698486103878064e-04,2.278643083712644356e-03,2.764814831372423758e-06,0.000000000000000000e+00
1.000000000000000000e+00,6.018558502197265625e+01,2.480930519104003906e+01,1.701666641235351562e+01,5.000000000000000000e+00,-1.268785382617965141e-01,-8.722899505498509232e-01,-1.497116331516786802e-01,-8.501482025398895415e-01,1.060080965544910655e-04,6.158698486103878064e-04,2.599590062095087296e-07,0.000000000000000000e+00
1.000000000000000000e+00,6.018558502197265625e+01,2.480930519104003906e+01,1.703333282470703125e+01,5.000000000000000000e+00,0.000000000000000000e+00,0.000000000000000000e+00,-1.268785382617965141e-01,-8.722899505498509232e-01,0.000000000000000000e+00,1.060080965544910655e-04,1.123771653510630131e-08,0.000000000000000000e+00
1.000000000000000000e+00,6.018487167358398438e+01,2.480480194091796875e+01,1.703333282470703125e+01,5.000000000000000000e+00,-1.367432653435795009e-01,-8.632375654443614765e-01,0.000000000000000000e+00,0.000000000000000000e+00,4.559399915070737504e-03,0.000000000000000000e+00,2.078812758554704826e-05,0.000000000000000000e+00
1.000000000000000000e+00,6.018487167358398438e+01,2.480480194091796875e+01,1.703333282470703125e+01,5.000000000000000000e+00,0.000000000000000000e+00,0.000000000000000000e+00,-1.367432653435795009e-01,-8.632375654443614765e-01,0.000000000000000000e+00,4.559399915070737504e-03,2.078812758554704826e-05,0.000000000000000000e+00
1.000000000000000000e+00,6.018405914306640625e+01,2.479987144470214844e+01,1.703333282470703125e+01,5.000000000000000000e+00,-1.414787719819858847e-01,-8.585038159000786262e-01,0.000000000000000000e+00,0.000000000000000000e+00,4.996998977007519917e-03,0.000000000000000000e+00,2.496999877621420067e-05,0.000000000000000000e+00
1.000000000000000000e+00,6.018404006958007812e+01,2.479986190795898438e+01,1.703333282470703125e+01,5.000000000000000000e+00,-6.643446139403097472e-01,-3.321723069701548736e-01,-1.414787719819858847e-01,-8.585038159000786262e-01,2.132480599880018048e-05,4.996998977007519917e-03,2.475733345604330915e-05,0.000000000000000000e+00
1.000000000000000000e+00,6.018404006958007812e+01,2.479986190795898438e+01,1.703333282470703125e+01,5.000000000000000000e+00,0.000000000000000000e+00,0.000000000000000000e+00,-6.643446139403097472e-01,-3.321723069701548736e-01,0.000000000000000000e+00,2.132480599880018048e-05,4.547473508864641707e-10,0.000000000000000000e+00
1.000000000000000000e+00,6.018259811401367188e+01,2.479525375366210938e+01,1.704999923706054688e+01,5.000000000000000000e+00,-2.383314957647146293e-01,-7.616519758830033737e-01,0.000000000000000000e+00,0.000000000000000000e+00,4.828490641939517554e-03,0.000000000000000000e+00,2.331432187929749489e-05,0.000000000000000000e+00
1.000000000000000000e+00,6.018260574340820312e+01,2.479526329040527344e+01,1.704999923706054688e+01,5.000000000000000000e+00,4.418703630124105608e-01,5.523379537655132010e-01,-2.383314957647146293e-01,-7.616519758830033737e-01,1.221299025999612528e-05,4.828490641939517554e-03,2.319653041806760824e-05,0.000000000000000000e+00
1.000000000000000000e+00,6.018262100219726562e+01,2.479527854919433594e+01,1.704999923706054688e+01,5.000000000000000000e+00,4.983669511743917258e-01,4.983669511743917258e-01,4.418703630124105608e-01,5.523379537655132010e-01,2.157918643757774575e-05,1.221299025999612528e-05,8.772563083694456332e-11,0.000000000000000000e+00
1.000000000000000000e+00,6.018263244628906250e+01,2.479528808593750000e+01,1.704999923706054688e+01,5.000000000000000000e+00,5.428671026589196869e-01,4.523892522157663687e-01,4.983669511743917258e-01,4.983669511743917258e-01,1.489686904126482768e-05,2.157918643757774575e-05,4.465336578506625570e-11,0.000000000000000000e+00
1.000000000000000000e+00,6.018264007568359375e+01,2.479528617858886719e+01,1.704999923706054688e+01,5.000000000000000000e+00,7.916984401640652091e-01,-1.979246100410163023e-01,5.428671026589196869e-01,4.523892522157663687e-01,7.864199877963372394e-06,1.489686904126482768e-05,4.945843556045119409e-11,0.000000000000000000e+00
1.000000000000000000e+00,6.018262863159179688e+01,2.479528236389160156e+01,1.704999923706054688e+01,5.000000000000000000e+00,-7.451168025229853997e-01,-2.483722675076618092e-01,7.916984401640652091e-01,-1.979246100410163023e-01,1.206313194339134034e-05,7.864199877963372394e-06,1.763103049007918200e-11,0.000000000000000000e+00
1.000000000000000000e+00,6.018262481689453125e+01,2.479528045654296875e+01,1.706666755676269531e+01,5.000000000000000000e+00,-6.552159382063228454e-01,-3.276079691031614227e-01,-7.451168025229853997e-01,-2.483722675076618092e-01,4.264961199760036097e-06,1.206313194339134034e-05,6.081146694682720965e-11,0.000000000000000000e+00
1.000000000000000000e+00,6.018259811401367188e+01,2.479525184631347656e+01,1.706666755676269531e+01,5.000000000000000000e+00,-4.818874214055383631e-01,-5.163079515059340041e-01,-6.552159382063228454e-01,-3.276079691031614227e-01,3.913552194344175863e-05,4.264961199760036097e-06,1.215956006578796720e-09,0.000000000000000000e+00
1.000000000000000000e+00,6.017928695678710938e+01,2.479828643798828125e+01,1.706666755676269531e+01,5.000000000000000000e+00,-5.217831811042844548e-01,4.782010605627399769e-01,-4.818874214055383631e-01,-5.163079515059340041e-01,4.491381615027940054e-03,3.913552194344175863e-05,1.982249527338618059e-05,0.000000000000000000e+00
1.000000000000000000e+00,6.017923355102539062e+01,2.479829788208007812e+01,1.706666755676269531e+01,5.000000000000000000e+00,-8.222614652379802713e-01,1.761988854081386335e-01,-5.217831811042844548e-01,4.782010605627399769e-01,5.461815285978833542e-05,4.491381615027940054e-03,1.968487001923032432e-05,0.000000000000000000e+00
1.000000000000000000e+00,6.017918014526367188e+01,2.479834938049316406e+01,1.706666755676269531e+01,5.000000000000000000e+00,-5.086060798828915264e-01,4.904415770299311306e-01,-8.222614652379802713e-01,1.761988854081386335e-01,7.419071326742829472e-05,5.461815285978833542e-05,3.830851209107153007e-10,0.000000000000000000e+00
1.000000000000000000e+00,6.017921829223632812e+01,2.479876136779785156e+01,1.706666755676269531e+01,5.000000000000000000e+00,8.472694011949942483e-02,9.150509532905937160e-01,-5.086060798828915264e-01,4.904415770299311306e-01,4.137495990892409831e-04,7.419071326742829472e-05,1.153002369405508400e-07,0.000000000000000000e+00
1.000000000000000000e+00,6.017921829223632812e+01,2.479876136779785156e+01,1.708333396911621094e+01,5.000000000000000000e+00,0.000000000000000000e+00,0.000000000000000000e+00,8.472694011949942483e-02,9.150509532905937160e-01,0.000000000000000000e+00,4.137495990892409831e-04,1.711887307465076447e-07,0.000000000000000000e+00
1.000000000000000000e+00,6.017911911010742188e+01,2.480168533325195312e+01,1.708333396911621094e+01,5.000000000000000000e+00,-3.280648580146196258e-02,9.671604371854075621e-01,0.000000000000000000e+00,0.000000000000000000e+00,2.925647120121244518e-03,0.000000000000000000e+00,8.559411071473732591e-06,0.000000000000000000e+00
1.000000000000000000e+00,6.017737960815429688e+01,2.480276107788085938e+01,1.708333396911621094e+01,5.000000000000000000e+00,-6.178642317884582846e-01,3.821002486060202652e-01,-3.280648580146196258e-02,9.671604371854075621e-01,2.045261242860269696e-03,2.925647120121244518e-03,7.750792928805762481e-07,0.000000000000000000e+00
1.000000000000000000e+00,6.017740249633789062e+01,2.480302810668945312e+01,1.708333396911621094e+01,5.000000000000000000e+00,7.892014678558031959e-02,9.207350458317703490e-01,-6.178642317884582846e-01,3.821002486060202652e-01,2.680079356422469588e-04,2.045261242860269696e-03,3.158629318017399297e-06,0.000000000000000000e+00
1.000000000000000000e+00,6.017742919921875000e+01,2.480316352844238281e+01,1.708333396911621094e+01,5.000000000000000000e+00,1.646043528388927146e-01,8.347792179686701619e-01,7.892014678558031959e-02,9.207350458317703490e-01,1.380293266401720121e-04,2.680079356422469588e-04,1.689443879811427952e-08,0.000000000000000000e+00
1.000000000000000000e+00,6.017746734619140625e+01,2.480315780639648438e+01,1.708333396911621094e+01,5.000000000000000000e+00,8.675875402768838951e-01,-1.301381310415326009e-01,1.646043528388927146e-01,8.347792179686701619e-01,3.857373889190041490e-05,1.380293266401720121e-04,9.891413934354152806e-09,0.000000000000000000e+00
1.000000000000000000e+00,6.017748260498046875e+01,2.480313873291015625e+01,1.710000038146972656e+01,5.000000000000000000e+00,4.431536658380283433e-01,-5.539420822975354985e-01,8.675875402768838951e-01,-1.301381310415326009e-01,2.442598051999225056e-05,3.857373889190041490e-05,2.001590669498975616e-10,0.000000000000000000e+00
1.000000000000000000e+00,6.017747879028320312e+01,2.480313491821289062e+01,1.710000038146972656e+01,5.000000000000000000e+00,-4.935311880124827466e-01,-4.935311880124827466e-01,4.431536658380283433e-01,-5.539420822975354985e-01,5.394796609394436438e-06,2.442598051999225056e-05,3.621859610389971262e-10,0.000000000000000000e+00
1.000000000000000000e+00,6.017746353149414062e+01,2.480316162109375000e+01,1.710000038146972656e+01,5.000000000000000000e+00,-3.627718321892960396e-01,6.348507063312680554e-01,-4.935311880124827466e-01,-4.935311880124827466e-01,3.075507258719844487e-05,5.394796609394436438e-06,6.431435976703831415e-10,0.000000000000000000e+00
1.000000000000000000e+00,6.017750167846679688e+01,2.480320549011230469e+01,1.710000038146972656e+01,5.000000000000000000e+00,4.645498653028374281e-01,5.342323450982630062e-01,-3.627718321892960396e-01,6.348507063312680554e-01,5.813503514910953938e-05,3.075507258719844487e-05,7.496623498916531938e-10,0.000000000000000000e+00
1.000000000000000000e+00,6.017750167846679688e+01,2.480332946777343750e+01,1.710000038146972656e+01,5.000000000000000000e+00,0.000000000000000000e+00,9.991940531511714907e-01,4.645498653028374281e-01,5.342323450982630062e-01,1.239776611328125000e-04,5.813503514910953938e-05,4.335251396429795344e-09,0.000000000000000000e+00
1.000000000000000000e+00,6.017755126953125000e+01,2.480344963073730469e+01,1.710000038146972656e+01,5.000000000000000000e+00,2.919628397603008518e-01,7.074484194191904551e-01,0.000000000000000000e+00,9.991940531511714907e-01,1.299938904677485426e-04,1.239776611328125000e-04,3.619501541054497596e-11,0.000000000000000000e+00
1.000000000000000000e+00,6.017770767211914062e+01,2.480393981933593750e+01,1.711666679382324219e+01,5.000000000000000000e+00,2.418505016767483751e-01,7.579948650112723341e-01,2.919628397603008518e-01,7.074484194191904551e-01,5.145353551783251114e-04,1.299938904677485426e-04,1.478721380817556067e-07,0.000000000000000000e+00
1.000000000000000000e+00,6.017768096923828125e+01,2.480408668518066406e+01,1.711666679382324219e+01,5.000000000000000000e+00,-1.537575678596285744e-01,8.456666232279571593e-01,2.418505016767483751e-01,7.579948650112723341e-01,1.492736419916012431e-04,5.145353551783251114e-04,1.334161191201005004e-07,0.000000000000000000e+00
1.000000000000000000e+00,6.017780303955078125e+01,2.480398941040039062e+01,1.729999923706054688e+01,5.000000000000000000e+00,0.000000000000000000e+00,0.000000000000000000e+00,-1.537575678596285744e-01,8.456666232279571593e-01,0.000000000000000000e+00,1.492736419916012431e-04,2.228262019343673852e-08,0.000000000000000000e+00
1.000000000000000000e+00,6.017739868164062500e+01,2.480270767211914062e+01,1.733333396911621094e+01,5.000000000000000000e+00,-2.398047820396418395e-01,-7.601359128803741871e-01,0.000000000000000000e+00,0.000000000000000000e+00,1.344008311405712249e-03,0.000000000000000000e+00,1.806358341127634048e-06,0.000000000000000000e+00
1.000000000000000000e+00,6.017926788330078125e+01,2.480107116699218750e+01,1.733333396911621094e+01,5.000000000000000000e+00,5.331730393783205013e-01,-4.667984365169377536e-01,-2.398047820396418395e-01,-7.601359128803741871e-01,2.484363877710901204e-03,1.344008311405712249e-03,1.300410817603228100e-06,0.000000000000000000e+00
1.000000000000000000e+00,6.017927551269531250e+01,2.480005836486816406e+01,1.733333396911621094e+01,5.000000000000000000e+00,7.475902892303625501e-03,-9.924261089533062963e-01,5.331730393783205013e-01,-4.667984365169377536e-01,1.012830859565060776e-03,2.484363877710901204e-03,2.165409423493406469e-06,0.000000000000000000e+00
1.000000000000000000e+00,6.017929458618164062e+01,2.479983520507812500e+01,1.733333396911621094e+01,5.000000000000000000e+00,7.870766497302883469e-02,-9.208796801844373325e-01,7.475902892303625501e-03,-9.924261089533062963e-01,2.239734130895621009e-04,1.012830859565060776e-03,6.222960708598443124e-07,0.000000000000000000e+00
1.000000000000000000e+00,6.017924880981445312e+01,2.479933357238769531e+01,1.733333396911621094e+01,5.000000000000000000e+00,-8.360841989851855449e-02,-9.162089347212658552e-01,7.870766497302883469e-02,-9.208796801844373325e-01,5.037170156949351404e-04,2.239734130895621009e-04,7.825648319863288015e-08,0.000000000000000000e+00
1.000000000000000000e+00,6.017926025390625000e+01,2.479916572570800781e+01,1.733333396911621094e+01,5.000000000000000000e+00,6.379420581215229646e-02,-9.356483519115670333e-01,-8.360841989851855449e-02,-9.162089347212658552e-01,1.682363668151851263e-04,5.037170156949351404e-04,1.125472657727781384e-07,0.000000000000000000e+00
1.000000000000000000e+00,6.017926025390625000e+01,2.479916572570800781e+01,1.735000038146972656e+01,5.000000000000000000e+00,0.000000000000000000e+00,0.000000000000000000e+00,6.379420581215229646e-02,-9.356483519115670333e-01,0.000000000000000000e+00,1.682363668151851263e-04,2.830347511917352346e-08,0.000000000000000000e+00
1.000000000000000000e+00,6.017926025390625000e+01,2.479916572570800781e+01,1.735000038146972656e+01,5.000000000000000000e+00,0.000000000000000000e+00,0.000000000000000000e+00,0.000000000000000000e+00,0.000000000000000000e+00,0.000000000000000000e+00,0.000000000000000000e+00,0.000000000000000000e+00,0.000000000000000000e+00
1.000000000000000000e+00,6.018259811401367188e+01,2.479525375366210938e+01,1.735000038146972656e+01,5.000000000000000000e+00,4.603988060623721568e-01,-5.395874007051001398e-01,0.000000000000000000e+00,0.000000000000000000e+00,5.142454218037256948e-03,0.000000000000000000e+00,2.644483538460917432e-05,0.000000000000000000e+00
1.000000000000000000e+00,6.018259811401367188e+01,2.479525375366210938e+01,1.735000038146972656e+01,5.000000000000000000e+00,0.000000000000000000e+00,0.000000000000000000e+00,4.603988060623721568e-01,-5.395874007051001398e-01,0.000000000000000000e+00,5.142454218037256948e-03,2.644483538460917432e-05,0.000000000000000000e+00
1.000000000000000000e+00,6.018259811401367188e+01,2.479525375366210938e+01,1.735000038146972656e+01,5.000000000000000000e+00,0.000000000000000000e+00,0.000000000000000000e+00,0.000000000000000000e+00,0.000000000000000000e+00,0.000000000000000000e+00,0.000000000000000000e+00,0.000000000000000000e+00,0.000000000000000000e+00
1.000000000000000000e+00,6.018259811401367188e+01,2.479525375366210938e+01,1.735000038146972656e+01,5.000000000000000000e+00,0.000000000000000000e+00,0.000000000000000000e+00,0.000000000000000000e+00,0.000000000000000000e+00,0.000000000000000000e+00,0.000000000000000000e+00,0.000000000000000000e+00,0.000000000000000000e+00
1.000000000000000000e+00,6.018340301513671875e+01,2.479859161376953125e+01,1.736666679382324219e+01,5.000000000000000000e+00,1.942862862813783398e-01,8.056895758114031025e-01,0.000000000000000000e+00,0.000000000000000000e+00,3.433536939454779214e-03,0.000000000000000000e+00,1.178917591460049152e-05,0.000000000000000000e+00
1.000000000000000000e+00,6.018385314941406250e+01,2.479950332641601562e+01,1.736666679382324219e+01,5.000000000000000000e+00,3.305079437886788152e-01,6.694186319109681760e-01,1.942862862813783398e-01,8.056895758114031025e-01,1.016779630696505862e-03,3.433536939454779214e-03,5.840715889436533016e-06,0.000000000000000000e+00
1.000000000000000000e+00,6.018385314941406250e+01,2.479950332641601562e+01,1.736666679382324219e+01,5.000000000000000000e+00,0.000000000000000000e+00,0.000000000000000000e+00,3.305079437886788152e-01,6.694186319109681760e-01,0.000000000000000000e+00,1.016779630696505862e-03,1.033840817399322775e-06,0.000000000000000000e+00
1.000000000000000000e+00,6.018423080444335938e+01,2.480239677429199219e+01,1.736666679382324219e+01,5.000000000000000000e+00,1.154483657030462018e-01,8.845210645026317930e-01,0.000000000000000000e+00,0.000000000000000000e+00,2.917989707340741274e-03,0.000000000000000000e+00,8.514663932146504521e-06,0.000000000000000000e+00
1.000000000000000000e+00,6.018423080444335938e+01,2.480239677429199219e+01,1.736666679382324219e+01,5.000000000000000000e+00,0.000000000000000000e+00,0.000000000000000000e+00,1.154483657030462018e-01,8.845210645026317930e-01,0.000000000000000000e+00,2.917989707340741274e-03,8.514663932146504521e-06,0.000000000000000000e+00
1.000000000000000000e+00,6.018423080444335938e+01,2.480239677429199219e+01,1.736666679382324219e+01,5.000000000000000000e+00,0.000000000000000000e+00,0.000000000000000000e+00,0.000000000000000000e+00,0.000000000000000000e+00,0.000000000000000000e+00,0.000000000000000000e+00,0.000000000000000000e+00,0.000000000000000000e+00
1.000000000000000000e+00,6.018564987182617188e+01,2.480922126770019531e+01,1.738333320617675781e+01,5.000000000000000000e+00,1.721404384274367871e-01,8.278474310394742242e-01,0.000000000000000000e+00,0.000000000000000000e+00,6.970470752794980310e-03,0.000000000000000000e+00,4.858746251557021656e-05,0.000000000000000000e+00
1.000000000000000000e+00,6.018569946289062500e+01,2.480926895141601562e+01,1.738333320617675781e+01,5.000000000000000000e+00,5.092803733561056534e-01,4.896926666885630941e-01,1.721404384274367871e-01,8.278474310394742242e-01,6.879687803982327272e-05,6.970470752794980310e-03,4.763310227347786359e-05,0.000000000000000000e+00
1.000000000000000000e+00,6.018563842773437500e+01,2.480923652648925781e+01,1.738333320617675781e+01,5.000000000000000000e+00,-6.523632118293803961e-01,-3.465679562843583250e-01,5.092803733561056534e-01,4.896926666885630941e-01,6.911342976376891128e-05,6.879687803982327272e-05,1.002049939329557610e-13,0.000000000000000000e+00
1.000000000000000000e+00,6.018561553955078125e+01,2.480920600891113281e+01,1.738333320617675781e+01,5.000000000000000000e+00,-4.277704467429215840e-01,-5.703605956572287417e-01,-6.523632118293803961e-01,-3.465679562843583250e-01,3.814697265625000000e-05,6.911342976376891128e-05,9.589214657918085550e-10,0.000000000000000000e+00
1.000000000000000000e+00,6.018561172485351562e+01,2.480921745300292969e+01,1.738333320617675781e+01,5.000000000000000000e+00,-2.483722675076618092e-01,7.451168025229853997e-01,-4.277704467429215840e-01,-5.703605956572287417e-01,1.206313194339134034e-05,3.814697265625000000e-05,6.803667463337829070e-10,0.000000000000000000e+00
1.000000000000000000e+00,6.018560028076171875e+01,2.480920028686523438e+01,1.738333320617675781e+01,5.000000000000000000e+00,-3.986067683641858483e-01,-5.979101525462787725e-01,-2.483722675076618092e-01,7.451168025229853997e-01,2.063112988737481824e-05,1.206313194339134034e-05,7.341058876810510367e-11,0.000000000000000000e+00
1.000000000000000000e+00,6.018559646606445312e+01,2.480920410156250000e+01,1.739999961853027344e+01,5.000000000000000000e+00,-4.935311880124827466e-01,4.935311880124827466e-01,-3.986067683641858483e-01,-5.979101525462787725e-01,5.394796609394436438e-06,2.063112988737481824e-05,2.321458517576924362e-10,0.000000000000000000e+00
1.000000000000000000e+00,6.018560028076171875e+01,2.480918884277343750e+01,1.739999961853027344e+01,5.000000000000000000e+00,1.989568928854288654e-01,-7.958275715417154617e-01,-4.935311880124827466e-01,4.935311880124827466e-01,1.572839975592674479e-05,5.394796609394436438e-06,1.067833539900224465e-10,0.000000000000000000e+00
1.000000000000000000e+00,6.018560028076171875e+01,2.480918884277343750e+01,1.739999961853027344e+01,5.000000000000000000e+00,0.000000000000000000e+00,0.000000000000000000e+00,1.989568928854288654e-01,-7.958275715417154617e-01,0.000000000000000000e+00,1.572839975592674479e-05,2.473825588822364807e-10,0.000000000000000000e+00
1.000000000000000000e+00,6.018561172485351562e+01,2.480727577209472656e+01,1.739999961853027344e+01,5.000000000000000000e+00,5.946172695045595299e-03,-9.940018688551220949e-01,0.000000000000000000e+00,0.000000000000000000e+00,1.913104907991347581e-03,0.000000000000000000e+00,3.659970388980582356e-06,0.000000000000000000e+00
1.000000000000000000e+00,6.018589782714843750e+01,2.481123542785644531e+01,1.748333358764648438e+01,5.000000000000000000e+00,0.000000000000000000e+00,0.000000000000000000e+00,5.946172695045595299e-03,-9.940018688551220949e-01,0.000000000000000000e+00,1.913104907991347581e-03,3.659970388980582356e-06,0.000000000000000000e+00
1.000000000000000000e+00,6.018589782714843750e+01,2.481123542785644531e+01,1.748333358764648438e+01,5.000000000000000000e+00,0.000000000000000000e+00,0.000000000000000000e+00,0.000000000000000000e+00,0.000000000000000000e+00,0.000000000000000000e+00,0.000000000000000000e+00,0.000000000000000000e+00,0.000000000000000000e+00
1.000000000000000000e+00,6.018589782714843750e+01,2.481123542785644531e+01,1.750000000000000000e+01,5.000000000000000000e+00,0.000000000000000000e+00,0.000000000000000000e+00,0.000000000000000000e+00,0.000000000000000000e+00,0.000000000000000000e+00,0.000000000000000000e+00,0.000000000000000000e+00,0.000000000000000000e+00
1.000000000000000000e+00,6.018589782714843750e+01,2.481123542785644531e+01,1.750000000000000000e+01,5.000000000000000000e+00,0.000000000000000000e+00,0.000000000000000000e+00,0.000000000000000000e+00,0.000000000000000000e+00,0.000000000000000000e+00,0.000000000000000000e+00,0.000000000000000000e+00,0.000000000000000000e+00
1.000000000000000000e+00,6.018589782714843750e+01,2.481123542785644531e+01,1.750000000000000000e+01,5.000000000000000000e+00,0.000000000000000000e+00,0.000000000000000000e+00,0.000000000000000000e+00,0.000000000000000000e+00,0.000000000000000000e+00,0.000000000000000000e+00,0.000000000000000000e+00,0.000000000000000000e+00
1.000000000000000000e+00,6.018589782714843750e+01,2.481123542785644531e+01,1.750000000000000000e+01,5.000000000000000000e+00,0.000000000000000000e+00,0.000000000000000000e+00,0.000000000000000000e+00,0.000000000000000000e+00,0.000000000000000000e+00,0.000000000000000000e+00,0.000000000000000000e+00,0.000000000000000000e+00
1.000000000000000000e+00,6.018589782714843750e+01,2.481123542785644531e+01,1.750000000000000000e+01,5.000000000000000000e+00,0.000000000000000000e+00,0.000000000000000000e+00,0.000000000000000000e+00,0.000000000000000000e+00,0.000000000000000000e+00,0.000000000000000000e+00,0.000000000000000000e+00,0.000000000000000000e+00
1.000000000000000000e+00,6.018571853637695312e+01,2.480987358093261719e+01,1.750000000000000000e+01,5.000000000000000000e+00,-1.163290854030287341e-01,-8.836060316783246327e-01,0.000000000000000000e+00,0.000000000000000000e+00,1.373598276309194238e-03,0.000000000000000000e+00,1.886772224679589483e-06,0.000000000000000000e+00
1.000000000000000000e+00,6.018558883666992188e+01,2.480913352966308594e+01,1.751666641235351562e+01,5.000000000000000000e+00,-1.491056635284824516e-01,-8.507793742507528956e-01,-1.163290854030287341e-01,-8.836060316783246327e-01,7.513307497625841894e-04,1.373598276309194238e-03,3.872168745944360610e-07,0.000000000000000000e+00
1.000000000000000000e+00,6.018558883666992188e+01,2.480913352966308594e+01,1.751666641235351562e+01,5.000000000000000000e+00,0.000000000000000000e+00,0.000000000000000000e+00,-1.491056635284824516e-01,-8.507793742507528956e-01,0.000000000000000000e+00,7.513307497625841894e-04,5.644978955388069153e-07,0.000000000000000000e+00
1.000000000000000000e+00,6.018588638305664062e+01,2.480949783325195312e+01,1.751666641235351562e+01,5.000000000000000000e+00,4.494998076786259067e-01,5.503491235039585927e-01,0.000000000000000000e+00,0.000000000000000000e+00,4.703732104519736689e-04,0.000000000000000000e+00,2.212509571108967066e-07,0.000000000000000000e+00
1.000000000000000000e+00,6.018573379516601562e+01,2.480933189392089844e+01,1.751666641235351562e+01,5.000000000000000000e+00,-4.788915705965479663e-01,-5.207945830237459273e-01,4.494998076786259067e-01,5.503491235039585927e-01,2.254305346581605876e-04,4.703732104519736689e-04,5.999691442503304332e-08,0.000000000000000000e+00
1.000000000000000000e+00,6.018575668334960938e+01,2.480957031250000000e+01,1.751666641235351562e+01,5.000000000000000000e+00,8.755773323442189726e-02,9.120597211918947123e-01,-4.788915705965479663e-01,-5.207945830237459273e-01,2.395146922613083061e-04,2.254305346581605876e-04,1.983634953903036811e-10,0.000000000000000000e+00
1.000000000000000000e+00,6.018579101562500000e+01,2.480979919433593750e+01,1.751666641235351562e+01,5.000000000000000000e+00,1.303852467969038587e-01,8.692349786460258354e-01,8.755773323442189726e-02,9.120597211918947123e-01,2.314424333514024758e-04,2.395146922613083061e-04,6.516136390855406855e-11,0.000000000000000000e+00
1.000000000000000000e+00,6.018581008911132812e+01,2.481006431579589844e+01,1.753333282470703125e+01,5.000000000000000000e+00,6.709048675361135861e-02,9.325577658751978971e-01,1.303852467969038587e-01,8.692349786460258354e-01,2.658066711211894335e-04,2.314424333514024758e-04,1.180900837498452536e-09,0.000000000000000000e+00
1.000000000000000000e+00,6.018581008911132812e+01,2.481006431579589844e+01,1.753333282470703125e+01,5.000000000000000000e+00,0.000000000000000000e+00,0.000000000000000000e+00,6.709048675361135861e-02,9.325577658751978971e-01,0.000000000000000000e+00,2.658066711211894335e-04,7.065318641252815723e-08,0.000000000000000000e+00
1.000000000000000000e+00,6.018589782714843750e+01,2.481123733520507812e+01,1.753333282470703125e+01,5.000000000000000000e+00,6.958600860676543431e-02,9.303346802861031106e-01,0.000000000000000000e+00,0.000000000000000000e+00,1.176296092600867798e-03,0.000000000000000000e+00,1.383672497468069408e-06,0.000000000000000000e+00
1.000000000000000000e+00,6.018590164184570312e+01,2.481124877929687500e+01,1.753333282470703125e+01,5.000000000000000000e+00,2.483722675076618092e-01,7.451168025229853997e-01,6.958600860676543431e-02,9.303346802861031106e-01,1.206313194339134034e-05,1.176296092600867798e-03,1.355438386681272928e-06,0.000000000000000000e+00
1.000000000000000000e+00,6.018590164184570312e+01,2.481124877929687500e+01,1.753333282470703125e+01,5.000000000000000000e+00,0.000000000000000000e+00,0.000000000000000000e+00,2.483722675076618092e-01,7.451168025229853997e-01,0.000000000000000000e+00,1.206313194339134034e-05,1.455191522836685439e-10,0.000000000000000000e+00
1.000000000000000000e+00,6.018581008911132812e+01,2.481067085266113281e+01,1.753333282470703125e+01,5.000000000000000000e+00,-1.367317131634099847e-01,-8.631189393440255042e-01,0.000000000000000000e+00,0.000000000000000000e+00,5.851334031413882699e-04,0.000000000000000000e+00,3.423810994718224340e-07,0.000000000000000000e+00
1.000000000000000000e+00,6.018747329711914062e+01,2.480812072753906250e+01,1.754999923706054688e+01,5.000000000000000000e+00,3.947393862778020290e-01,-6.052368801071345006e-01,-1.367317131634099847e-01,-8.631189393440255042e-01,3.044568773318440200e-03,5.851334031413882699e-04,6.048822340077932690e-06,0.000000000000000000e+00
1.000000000000000000e+00,6.018747329711914062e+01,2.480812072753906250e+01,1.756666755676269531e+01,5.000000000000000000e+00,0.000000000000000000e+00,0.000000000000000000e+00,3.947393862778020290e-01,-6.052368801071345006e-01,0.000000000000000000e+00,3.044568773318440200e-03,9.269399015465751290e-06,0.000000000000000000e+00
1.000000000000000000e+00,6.018747329711914062e+01,2.480812072753906250e+01,1.756666755676269531e+01,5.000000000000000000e+00,0.000000000000000000e+00,0.000000000000000000e+00,0.000000000000000000e+00,0.000000000000000000e+00,0.000000000000000000e+00,0.000000000000000000e+00,0.000000000000000000e+00,0.000000000000000000e+00
1.000000000000000000e+00,6.018747329711914062e+01,2.480812072753906250e+01,1.756666755676269531e+01,5.000000000000000000e+00,0.000000000000000000e+00,0.000000000000000000e+00,0.000000000000000000e+00,0.000000000000000000e+00,0.000000000000000000e+00,0.000000000000000000e+00,0.000000000000000000e+00,0.000000000000000000e+00
1.000000000000000000e+00,6.018747329711914062e+01,2.480812072753906250e+01,1.756666755676269531e+01,5.000000000000000000e+00,0.000000000000000000e+00,0.000000000000000000e+00,0.000000000000000000e+00,0.000000000000000000e+00,0.000000000000000000e+00,0.000000000000000000e+00,0.000000000000000000e+00,0.000000000000000000e+00
1.000000000000000000e+00,6.020051193237304688e+01,2.480968284606933594e+01,1.756666755676269531e+01,5.000000000000000000e+00,8.930049876969433642e-01,1.069881633885015476e-01,0.000000000000000000e+00,0.000000000000000000e+00,1.313187814393015733e-02,0.000000000000000000e+00,1.724462235870305449e-04,0.000000000000000000e+00
1.000000000000000000e+00,6.020051193237304688e+01,2.480968284606933594e+01,1.756666755676269531e+01,5.000000000000000000e+00,0.000000000000000000e+00,0.000000000000000000e+00,8.930049876969433642e-01,1.069881633885015476e-01,0.000000000000000000e+00,1.313187814393015733e-02,1.724462235870305449e-04,0.000000000000000000e+00
1.000000000000000000e+00,6.019609069824218750e+01,2.480685806274414062e+01,1.758333396911621094e+01,5.000000000000000000e+00,-6.101521480534509712e-01,-3.898340514526146827e-01,0.000000000000000000e+00,0.000000000000000000e+00,5.246590519011116831e-03,0.000000000000000000e+00,2.752671207417733967e-05,0.000000000000000000e+00
1.000000000000000000e+00,6.019677352905273438e+01,2.480581474304199219e+01,1.758333396911621094e+01,5.000000000000000000e+00,3.955571949292138179e-01,-6.043848760510612816e-01,-6.101521480534509712e-01,-3.898340514526146827e-01,1.246905736903638779e-03,5.246590519011116831e-03,1.599747835622213903e-05,0.000000000000000000e+00
1.000000000000000000e+00,6.019900512695312500e+01,2.480444145202636719e+01,1.758333396911621094e+01,5.000000000000000000e+00,6.190304470775113144e-01,-3.809418135861608046e-01,3.955571949292138179e-01,-6.043848760510612816e-01,2.620297197385096279e-03,1.246905736903638779e-03,1.886204103723390909e-06,0.000000000000000000e+00
1.000000000000000000e+00,6.019549560546875000e+01,2.479706764221191406e+01,1.758333396911621094e+01,5.000000000000000000e+00,-3.224646150661040767e-01,-6.775261966551947568e-01,6.190304470775113144e-01,-3.809418135861608046e-01,8.166383056715803210e-03,2.620297197385096279e-03,3.075906835906802106e-05,0.000000000000000000e+00
1.000000000000000000e+00,6.020209121704101562e+01,2.480669212341308594e+01,1.758333396911621094e+01,5.000000000000000000e+00,4.066296661447036387e-01,5.933641687004553855e-01,-3.224646150661040767e-01,-6.775261966551947568e-01,1.166759317099782395e-02,8.166383056715803210e-03,1.225847226435072056e-05,0.000000000000000000e+00
1.000000000000000000e+00,6.020209121704101562e+01,2.480669212341308594e+01,1.758333396911621094e+01,5.000000000000000000e+00,0.000000000000000000e+00,0.000000000000000000e+00,4.066296661447036387e-01,5.933641687004553855e-01,0.000000000000000000e+00,1.166759317099782395e-02,1.361327304039150476e-04,0.000000000000000000e+00
1.000000000000000000e+00,6.021202468872070312e+01,2.481629943847656250e+01,1.760000038146972656e+01,5.000000000000000000e+00,5.083429329614481684e-01,4.916519495635204295e-01,0.000000000000000000e+00,0.000000000000000000e+00,1.381934739197395248e-02,0.000000000000000000e+00,1.909743623400572687e-04,0.000000000000000000e+00
1.000000000000000000e+00,6.021202468872070312e+01,2.481629943847656250e+01,1.760000038146972656e+01,5.000000000000000000e+00,0.000000000000000000e+00,0.000000000000000000e+00,5.083429329614481684e-01,4.916519495635204295e-01,0.000000000000000000e+00,1.381934739197395248e-02,1.909743623400572687e-04,0.000000000000000000e+00
1.000000000000000000e+00,6.021202468872070312e+01,2.481629943847656250e+01,1.760000038146972656e+01,5.000000000000000000e+00,0.000000000000000000e+00,0.000000000000000000e+00,0.000000000000000000e+00,0.000000000000000000e+00,0.000000000000000000e+00,0.000000000000000000e+00,0.000000000000000000e+00,0.000000000000000000e+00
1.000000000000000000e+00,6.021200180053710938e+01,2.481635284423828125e+01,1.760000038146972656e+01,5.000000000000000000e+00,-2.996072987214198347e-01,6.990836970166462994e-01,0.000000000000000000e+00,0.000000000000000000e+00,5.810373768511893199e-05,0.000000000000000000e+00,3.376044332981110033e-09,0.000000000000000000e+00
1.000000000000000000e+00,6.021200180053710938e+01,2.481635284423828125e+01,1.760000038146972656e+01,5.000000000000000000e+00,0.000000000000000000e+00,0.000000000000000000e+00,-2.996072987214198347e-01,6.990836970166462994e-01,0.000000000000000000e+00,5.810373768511893199e-05,3.376044332981110033e-09,0.000000000000000000e+00
1.000000000000000000e+00,6.021200180053710938e+01,2.481635284423828125e+01,1.760000038146972656e+01,5.000000000000000000e+00,0.000000000000000000e+00,0.000000000000000000e+00,0.000000000000000000e+00,0.000000000000000000e+00,0.000000000000000000e+00,0.000000000000000000e+00,0.000000000000000000e+00,0.000000000000000000e+00
1.000000000000000000e+00,6.021765899658203125e+01,2.481673622131347656e+01,1.761666679382324219e+01,5.000000000000000000e+00,9.365174927412934780e-01,6.346595281220498985e-02,0.000000000000000000e+00,0.000000000000000000e+00,5.670171520550769048e-03,0.000000000000000000e+00,3.215084507246501744e-05,0.000000000000000000e+00
1.000000000000000000e+00,6.022028350830078125e+01,2.481808471679687500e+01,1.761666679382324219e+01,5.000000000000000000e+00,6.605690672858784973e-01,3.394057634964506853e-01,9.365174927412934780e-01,6.346595281220498985e-02,2.950678198415080354e-03,5.670171520550769048e-03,7.395643929140604479e-06,0.000000000000000000e+00
1.000000000000000000e+00,6.022016525268554688e+01,2.481832885742187500e+01,1.761666679382324219e+01,5.000000000000000000e+00,-3.262257703912069262e-01,6.734983646786206757e-01,6.605690672858784973e-01,3.394057634964506853e-01,2.712729903802646968e-04,2.950678198415080354e-03,7.179212268844093581e-06,0.000000000000000000e+00
1.000000000000000000e+00,6.022016525268554688e+01,2.481832885742187500e+01,1.761666679382324219e+01,5.000000000000000000e+00,0.000000000000000000e+00,0.000000000000000000e+00,-3.262257703912069262e-01,6.734983646786206757e-01,0.000000000000000000e+00,2.712729903802646968e-04,7.358903530985118282e-08,0.000000000000000000e+00
1.000000000000000000e+00,6.021987533569335938e+01,2.481558990478515625e+01,1.761666679382324219e+01,5.000000000000000000e+00,-9.571472405029957109e-02,-9.042522614225669830e-01,0.000000000000000000e+00,0.000000000000000000e+00,2.754253693570663051e-03,0.000000000000000000e+00,7.585913408547639847e-06,0.000000000000000000e+00
1.000000000000000000e+00,6.021987533569335938e+01,2.481558227539062500e+01,1.761666679382324219e+01,5.000000000000000000e+00,0.000000000000000000e+00,-9.870623760249654932e-01,-9.571472405029957109e-02,-9.042522614225669830e-01,7.629394531250000000e-06,2.754253693570663051e-03,7.543945040073746717e-06,0.000000000000000000e+00
1.000000000000000000e+00,6.021987533569335938e+01,2.481558227539062500e+01,1.763333320617675781e+01,5.000000000000000000e+00,0.000000000000000000e+00,0.000000000000000000e+00,0.000000000000000000e+00,-9.870623760249654932e-01,0.000000000000000000e+00,7.629394531250000000e-06,5.820766091346740723e-11,0.000000000000000000e+00
1.000000000000000000e+00,6.021987533569335938e+01,2.481558418273925781e+01,1.763333320617675781e+01,5.000000000000000000e+00,0.000000000000000000e+00,9.501830432614539745e-01,0.000000000000000000e+00,0.000000000000000000e+00,1.907348632812500000e-06,0.000000000000000000e+00,3.637978807091712952e-12,0.000000000000000000e+00
1.000000000000000000e+00,6.021987533569335938e+01,2.481558418273925781e+01,1.763333320617675781e+01,5.000000000000000000e+00,0.000000000000000000e+00,0.000000000000000000e+00,0.000000000000000000e+00,9.501830432614539745e-01,0.000000000000000000e+00,1.907348632812500000e-06,3.637978807091712952e-12,0.000000000000000000e+00
1.000000000000000000e+00,6.021991729736328125e+01,2.481533622741699219e+01,1.763333320617675781e+01,5.000000000000000000e+00,1.446869357735639239e-01,-8.549682568437867447e-01,0.000000000000000000e+00,0.000000000000000000e+00,2.514808612647935308e-04,0.000000000000000000e+00,6.324262358248232472e-08,0.000000000000000000e+00
1.000000000000000000e+00,6.021993637084960938e+01,2.481523895263671875e+01,1.763333320617675781e+01,5.000000000000000000e+00,1.637936474691077393e-01,-8.353476020924494039e-01,1.446869357735639239e-01,-8.549682568437867447e-01,9.912709396504427019e-05,2.514808612647935308e-04,2.321167041042615219e-08,0.000000000000000000e+00
1.000000000000000000e+00,6.021993637084960938e+01,2.481523895263671875e+01,1.763333320617675781e+01,5.000000000000000000e+00,0.000000000000000000e+00,0.000000000000000000e+00,1.637936474691077393e-01,-8.353476020924494039e-01,0.000000000000000000e+00,9.912709396504427019e-05,9.826180757954716682e-09,0.000000000000000000e+00
1.000000000000000000e+00,6.022027587890625000e+01,2.481124877929687500e+01,1.764999961853027344e+01,5.000000000000000000e+00,7.841228587574725073e-02,-9.215646182700182321e-01,0.000000000000000000e+00,0.000000000000000000e+00,4.004590990666053243e-03,0.000000000000000000e+00,1.603674900252372026e-05,0.000000000000000000e+00
1.000000000000000000e+00,6.022027587890625000e+01,2.481124877929687500e+01,1.764999961853027344e+01,5.000000000000000000e+00,0.000000000000000000e+00,0.000000000000000000e+00,7.841228587574725073e-02,-9.215646182700182321e-01,0.000000000000000000e+00,4.004590990666053243e-03,1.603674900252372026e-05,0.000000000000000000e+00
1.000000000000000000e+00,6.022035980224609375e+01,2.481125259399414062e+01,1.764999961853027344e+01,5.000000000000000000e+00,9.554327783901812587e-01,4.342876265409914560e-02,0.000000000000000000e+00,0.000000000000000000e+00,8.400999277322860346e-05,0.000000000000000000e+00,7.057678885757922299e-09,0.000000000000000000e+00
1.000000000000000000e+00,6.022172546386718750e+01,2.481165122985839844e+01,1.764999961853027344e+01,5.000000000000000000e+00,7.740101833242167828e-01,2.259331401044152310e-01,9.554327783901812587e-01,4.342876265409914560e-02,1.422653230974077606e-03,8.400999277322860346e-05,1.791965719180855093e-06,0.000000000000000000e+00
1.000000000000000000e+00,6.022172546386718750e+01,2.481165122985839844e+01,1.764999961853027344e+01,5.000000000000000000e+00,0.000000000000000000e+00,0.000000000000000000e+00,7.740101833242167828e-01,2.259331401044152310e-01,0.000000000000000000e+00,1.422653230974077606e-03,2.023942215600982308e-06,0.000000000000000000e+00
1.000000000000000000e+00,6.022148513793945312e+01,2.481404113769531250e+01,1.764999961853027344e+01,5.000000000000000000e+00,-9.136708465075581154e-02,9.085948973602939738e-01,0.000000000000000000e+00,0.000000000000000000e+00,2.401960869890398722e-03,0.000000000000000000e+00,5.769416020484641194e-06,0.000000000000000000e+00
1.000000000000000000e+00,6.022183227539062500e+01,2.481364059448242188e+01,1.766666603088378906e+01,5.000000000000000000e+00,4.642236257968567203e-01,-5.356426451502193098e-01,-9.136708465075581154e-02,9.085948973602939738e-01,5.300370509679964461e-04,2.401960869890398722e-03,3.504098783849030645e-06,0.000000000000000000e+00
1.000000000000000000e+00,6.022188949584960938e+01,2.481447410583496094e+01,1.766666603088378906e+01,5.000000000000000000e+00,6.423261747525678411e-02,9.356551278895737234e-01,4.642236257968567203e-01,-5.356426451502193098e-01,8.354731328641752707e-04,5.300370509679964461e-04,9.329120012408926363e-08,0.000000000000000000e+00
1.000000000000000000e+00,6.022223663330078125e+01,2.481447029113769531e+01,1.766666603088378906e+01,5.000000000000000000e+00,9.888486731015635467e-01,-1.086646893518201755e-02,6.423261747525678411e-02,9.356551278895737234e-01,3.471584104142289950e-04,8.354731328641752707e-04,2.384512681613681028e-07,0.000000000000000000e+00
1.000000000000000000e+00,6.022232818603515625e+01,2.481448173522949219e+01,1.766666603088378906e+01,5.000000000000000000e+00,8.880267004764085259e-01,1.110033375595510657e-01,9.888486731015635467e-01,-1.086646893518201755e-02,9.226521776159533460e-05,3.471584104142289950e-04,6.497053966065261348e-08,0.000000000000000000e+00
1.000000000000000000e+00,6.022232818603515625e+01,2.481448173522949219e+01,1.766666603088378906e+01,5.000000000000000000e+00,0.000000000000000000e+00,0.000000000000000000e+00,8.880267004764085259e-01,1.110033375595510657e-01,0.000000000000000000e+00,9.226521776159533460e-05,8.512870408594606653e-09,0.000000000000000000e+00
1.000000000000000000e+00,6.022266006469726562e+01,2.481444931030273438e+01,1.766666603088378906e+01,5.000000000000000000e+00,9.107447682968162761e-01,-8.898081069566596280e-02,0.000000000000000000e+00,0.000000000000000000e+00,3.334588763832179131e-04,0.000000000000000000e+00,1.111948222387582064e-07,0.000000000000000000e+00
1.000000000000000000e+00,6.022275924682617188e+01,2.481439208984375000e+01,1.768333244323730469e+01,5.000000000000000000e+00,6.337411428337877961e-01,-3.656198900964159892e-01,9.107447682968162761e-01,-8.898081069566596280e-02,1.145044786056795836e-04,3.334588763832179131e-04,4.794102830612448466e-08,0.000000000000000000e+00
1.000000000000000000e+00,6.022281265258789062e+01,2.481439590454101562e+01,1.768333244323730469e+01,5.000000000000000000e+00,9.317050607237441495e-01,6.655036148026743925e-02,6.337411428337877961e-01,-3.656198900964159892e-01,5.354182757422713850e-05,1.145044786056795836e-04,3.716444820782649764e-09,0.000000000000000000e+00
1.000000000000000000e+00,6.022281646728515625e+01,2.481440925598144531e+01,1.768333244323730469e+01,5.000000000000000000e+00,2.209351815062052804e-01,7.732731352717184814e-01,9.317050607237441495e-01,6.655036148026743925e-02,1.388570764404395686e-05,5.354182757422713850e-05,1.572607847917071896e-09,0.000000000000000000e+00
1.000000000000000000e+00,6.022281265258789062e+01,2.481440353393554688e+01,1.768333244323730469e+01,5.000000000000000000e+00,-3.958492200820326046e-01,-5.937738301230488513e-01,2.209351815062052804e-01,7.732731352717184814e-01,6.877043295791605234e-06,1.388570764404395686e-05,4.912137594646355907e-11,0.000000000000000000e+00
1.000000000000000000e+00,6.022281265258789062e+01,2.481439018249511719e+01,1.768333244323730469e+01,5.000000000000000000e+00,0.000000000000000000e+00,-9.925658519232408716e-01,-3.958492200820326046e-01,-5.937738301230488513e-01,1.335144042968750000e-05,6.877043295791605234e-06,4.191781824739937788e-11,0.000000000000000000e+00
1.000000000000000000e+00,6.022281265258789062e+01,2.481437683105468750e+01,1.768333244323730469e+01,5.000000000000000000e+00,0.000000000000000000e+00,-9.925658519232408716e-01,0.000000000000000000e+00,-9.925658519232408716e-01,1.335144042968750000e-05,1.335144042968750000e-05,0.000000000000000000e+00,0.000000000000000000e+00
1.000000000000000000e+00,6.022281646728515625e+01,2.481429100036621094e+01,1.770000076293945312e+01,5.000000000000000000e+00,4.250577602489247209e-02,-9.563799605600805664e-01,0.000000000000000000e+00,-9.925658519232408716e-01,8.591541770595709649e-05,1.335144042968750000e-05,5.265530798150970048e-09,0.000000000000000000e+00
1.000000000000000000e+00,6.022280883789062500e+01,2.481429481506347656e+01,1.770000076293945312e+01,5.000000000000000000e+00,-6.608917068136348494e-01,3.304458534068174247e-01,4.250577602489247209e-02,-9.563799605600805664e-01,8.529922399520072193e-06,8.591541770595709649e-05,5.988514883822586338e-09,0.000000000000000000e+00
1.000000000000000000e+00,6.022279739379882812e+01,2.481428337097167969e+01,1.770000076293945312e+01,5.000000000000000000e+00,-4.978249695198365687e-01,-4.978249695198365687e-01,-6.608917068136348494e-01,3.304458534068174247e-01,1.618438982818330677e-05,8.529922399520072193e-06,5.859087161646634886e-11,0.000000000000000000e+00
1.000000000000000000e+00,6.022291183471679688e+01,2.481372070312500000e+01,1.785000038146972656e+01,5.000000000000000000e+00,0.000000000000000000e+00,0.000000000000000000e+00,-4.978249695198365687e-01,-4.978249695198365687e-01,0.000000000000000000e+00,1.618438982818330677e-05,2.619344741106032808e-10,0.000000000000000000e+00
1.000000000000000000e+00,6.022304153442382812e+01,2.481342124938964844e+01,1.785000038146972656e+01,5.000000000000000000e+00,3.021518157461449139e-01,-6.976152216491875446e-01,0.000000000000000000e+00,0.000000000000000000e+00,3.263350327807232570e-04,0.000000000000000000e+00,1.064945536199957265e-07,0.000000000000000000e+00
1.000000000000000000e+00,6.022304534912109375e+01,2.481324768066406250e+01,1.786666679382324219e+01,5.000000000000000000e+00,2.149325950748316033e-02,-9.779433075904838679e-01,3.021518157461449139e-01,-6.976152216491875446e-01,1.736106402751710302e-04,3.263350327807232570e-04,2.332474006618997874e-08,0.000000000000000000e+00
1.000000000000000000e+00,6.022298431396484375e+01,2.481452178955078125e+01,1.786666679382324219e+01,5.000000000000000000e+00,-4.571086204907971740e-02,9.542142452745390191e-01,2.149325950748316033e-02,-9.779433075904838679e-01,1.275569968882206938e-03,1.736106402751710302e-04,1.214314361904069250e-06,0.000000000000000000e+00
1.000000000000000000e+00,6.022294235229492188e+01,2.481447792053222656e+01,1.786666679382324219e+01,5.000000000000000000e+00,-4.883199549055166622e-01,-5.105163164921310281e-01,-4.571086204907971740e-02,9.542142452745390191e-01,6.070644555221385509e-05,1.275569968882206938e-03,1.475893380317764670e-06,0.000000000000000000e+00
1.000000000000000000e+00,6.022292327880859375e+01,2.481444931030273438e+01,1.786666679382324219e+01,5.000000000000000000e+00,-3.991628947369765257e-01,-5.987443421054647885e-01,-4.883199549055166622e-01,-5.105163164921310281e-01,3.438521647895802702e-05,6.070644555221385509e-05,6.928070999268078697e-10,0.000000000000000000e+00
1.000000000000000000e+00,6.022291183471679688e+01,2.481440353393554688e+01,1.786666679382324219e+01,5.000000000000000000e+00,-1.996510844408023178e-01,-7.986043377632092710e-01,-3.991628947369765257e-01,-5.987443421054647885e-01,4.718519926778023098e-05,3.438521647895802702e-05,1.638395593941446444e-10,0.000000000000000000e+00
1.000000000000000000e+00,6.022290420532226562e+01,2.481439590454101562e+01,1.786666679382324219e+01,5.000000000000000000e+00,-4.967445350153236183e-01,-4.967445350153236183e-01,-1.996510844408023178e-01,-7.986043377632092710e-01,1.078959321878887288e-05,4.718519926778023098e-05,1.324640139673376456e-09,0.000000000000000000e+00
1.000000000000000000e+00,6.016640090942382812e+01,2.473366355895996094e+01,1.560000038146972656e+01,6.000000000000000000e+00,0.000000000000000000e+00,0.000000000000000000e+00,-4.967445350153236183e-01,-4.967445350153236183e-01,0.000000000000000000e+00,1.078959321878887288e-05,1.164153218269348403e-10,1.000000000000000000e+00
1.000000000000000000e+00,6.016640853881835938e+01,2.473365211486816406e+01,1.560000038146972656e+01,6.000000000000000000e+00,3.979137857708577308e-01,-5.968706786562865130e-01,0.000000000000000000e+00,0.000000000000000000e+00,1.375408659158321047e-05,0.000000000000000000e+00,1.891748979687690476e-10,1.000000000000000000e+00
1.000000000000000000e+00,6.016647338867187500e+01,2.473368835449218750e+01,1.560000038146972656e+01,6.000000000000000000e+00,6.408754654414615670e-01,3.581362895114049705e-01,3.979137857708577308e-01,-5.968706786562865130e-01,7.428871953640154831e-05,1.375408659158321047e-05,3.664441785763885377e-09,1.000000000000000000e+00
1.000000000000000000e+00,6.016652679443359375e+01,2.473371887207031250e+01,1.561666679382324219e+01,6.000000000000000000e+00,6.356062710440155694e-01,3.632035834537232222e-01,6.408754654414615670e-01,3.581362895114049705e-01,6.151014517439688974e-05,7.428871953640154831e-05,1.632919627252827605e-10,1.000000000000000000e+00
1.000000000000000000e+00,6.016653060913085938e+01,2.473372650146484375e+01,1.561666679382324219e+01,6.000000000000000000e+00,3.304458534068174247e-01,6.608917068136348494e-01,6.356062710440155694e-01,3.632035834537232222e-01,8.529922399520072193e-06,6.151014517439688974e-05,2.806904005275576307e-09,1.000000000000000000e+00
1.000000000000000000e+00,6.016654586791992188e+01,2.473373413085937500e+01,1.561666679382324219e+01,6.000000000000000000e+00,6.637666260264487583e-01,3.318833130132243792e-01,3.304458534068174247e-01,6.608917068136348494e-01,1.705984479904014439e-05,8.529922399520072193e-06,7.275957614183427196e-11,1.000000000000000000e+00
1.000000000000000000e+00,6.016655731201171875e+01,2.473373794555664062e+01,1.561666679382324219e+01,6.000000000000000000e+00,7.451168025229853997e-01,2.483722675076618092e-01,6.637666260264487583e-01,3.318833130132243792e-01,1.206313194339134034e-05,1.705984479904014439e-05,2.496713936180602597e-11,1.000000000000000000e+00
1.000000000000000000e+00,6.016655731201171875e+01,2.473373985290527344e+01,1.561666679382324219e+01,6.000000000000000000e+00,0.000000000000000000e+00,9.501830432614539745e-01,7.451168025229853997e-01,2.483722675076618092e-01,1.907348632812500000e-06,1.206313194339134034e-05,1.031399346514317121e-10,1.000000000000000000e+00
1.000000000000000000e+00,6.016647720336914062e+01,2.473368263244628906e+01,1.561666679382324219e+01,6.000000000000000000e+00,-5.829088720462397566e-01,-4.163634800330283658e-01,0.000000000000000000e+00,9.501830432614539745e-01,9.844580002261306775e-05,1.907348632812500000e-06,9.319672596740886815e-09,1.000000000000000000e+00
1.000000000000000000e+00,6.016623687744140625e+01,2.473352241516113281e+01,1.616666603088378906e+01,6.000000000000000000e+00,0.000000000000000000e+00,0.000000000000000000e+00,-5.829088720462397566e-01,-4.163634800330283658e-01,0.000000000000000000e+00,9.844580002261306775e-05,9.691575542092323303e-09,1.000000000000000000e+00
1.000000000000000000e+00,6.016620635986328125e+01,2.473350524902343750e+01,1.616666603088378906e+01,6.000000000000000000e+00,-6.386606315791624189e-01,-3.592466052632788953e-01,0.000000000000000000e+00,0.000000000000000000e+00,3.501426649224437612e-05,0.000000000000000000e+00,1.225998857989907265e-09,1.000000000000000000e+00
1.000000000000000000e+00,6.016617965698242188e+01,2.473348617553710938e+01,1.616666603088378906e+01,6.000000000000000000e+00,-5.820617999293277167e-01,-4.157584285209483532e-01,-6.386606315791624189e-01,-3.592466052632788953e-01,3.281526667420435592e-05,3.501426649224437612e-05,4.835600199740041760e-12,1.000000000000000000e+00
1.000000000000000000e+00,6.016617202758789062e+01,2.473348236083984375e+01,1.616666603088378906e+01,6.000000000000000000e+00,-6.608917068136348494e-01,-3.304458534068174247e-01,-5.820617999293277167e-01,-4.157584285209483532e-01,8.529922399520072193e-06,3.281526667420435592e-05,5.897779465399406921e-10,1.000000000000000000e+00
1.000000000000000000e+00,6.016618347167968750e+01,2.473348808288574219e+01,1.616666603088378906e+01,6.000000000000000000e+00,6.628055445186158412e-01,3.314027722593079206e-01,-6.608917068136348494e-01,-3.304458534068174247e-01,1.279488359928010829e-05,8.529922399520072193e-06,1.818989403545856799e-11,1.000000000000000000e+00
1.000000000000000000e+00,6.016698837280273438e+01,2.473472785949707031e+01,1.626666641235351562e+01,6.000000000000000000e+00,0.000000000000000000e+00,0.000000000000000000e+00,6.628055445186158412e-01,3.314027722593079206e-01,0.000000000000000000e+00,1.279488359928010829e-05,1.637090463191271087e-10,1.000000000000000000e+00
1.000000000000000000e+00,6.016686630249023438e+01,2.473444175720214844e+01,1.626666641235351562e+01,6.000000000000000000e+00,-2.989921691558960481e-01,-7.007628964591313681e-01,0.000000000000000000e+00,0.000000000000000000e+00,3.110557576278105002e-04,0.000000000000000000e+00,9.675568435341118443e-08,1.000000000000000000e+00
1.000000000000000000e+00,6.016688919067382812e+01,2.473449516296386719e+01,1.628333282470703125e+01,6.000000000000000000e+00,2.996072987214198347e-01,6.990836970166462994e-01,-2.989921691558960481e-01,-7.007628964591313681e-01,5.810373768511893199e-05,3.110557576278105002e-04,6.398472439308783896e-08,1.000000000000000000e+00
1.000000000000000000e+00,6.016688156127929688e+01,2.473448371887207031e+01,1.628333282470703125e+01,6.000000000000000000e+00,-3.979137857708577308e-01,-5.968706786562865130e-01,2.996072987214198347e-01,6.990836970166462994e-01,1.375408659158321047e-05,5.810373768511893199e-05,1.966891552118354227e-09,1.000000000000000000e+00
1.000000000000000000e+00,6.016682052612304688e+01,2.473434066772460938e+01,1.628333282470703125e+01,6.000000000000000000e+00,-2.989189536258330948e-01,-7.005912975605462778e-01,-3.979137857708577308e-01,-5.968706786562865130e-01,1.555278788139052501e-04,1.375408659158321047e-05,2.009980816109814220e-08,1.000000000000000000e+00
1.000000000000000000e+00,6.016682815551757812e+01,2.473435592651367188e+01,1.628333282470703125e+01,6.000000000000000000e+00,3.318833130132243792e-01,6.637666260264487583e-01,-2.989189536258330948e-01,-7.005912975605462778e-01,1.705984479904014439e-05,1.555278788139052501e-04,1.917339644394183889e-08,1.000000000000000000e+00
1.000000000000000000e+00,6.016690444946289062e+01,2.473454093933105469e+01,1.628333282470703125e+01,6.000000000000000000e+00,2.918591107814063057e-01,7.077583436449103038e-01,3.318833130132243792e-01,6.637666260264487583e-01,2.001262318819616178e-04,1.705984479904014439e-05,3.351330207959403901e-08,1.000000000000000000e+00
1.000000000000000000e+00,6.016690826416015625e+01,2.473454856872558594e+01,1.628333282470703125e+01,6.000000000000000000e+00,3.304458534068174247e-01,6.608917068136348494e-01,2.918591107814063057e-01,7.077583436449103038e-01,8.529922399520072193e-06,2.001262318819616178e-04,3.670914580729152250e-08,1.000000000000000000e+00
1.000000000000000000e+00,6.016691970825195312e+01,2.473457717895507812e+01,1.629999923706054688e+01,6.000000000000000000e+00,2.850027451464412498e-01,7.125068628661030967e-01,3.304458534068174247e-01,6.608917068136348494e-01,3.081416019707395617e-05,8.529922399520072193e-06,4.965872542179291778e-10,1.000000000000000000e+00
1.000000000000000000e+00,6.016657257080078125e+01,2.473390388488769531e+01,1.633333396911621094e+01,6.000000000000000000e+00,-3.401535815998149581e-01,-6.597484302457949923e-01,2.850027451464412498e-01,7.125068628661030967e-01,7.575152217473898192e-04,3.081416019707395617e-05,5.280944328583559738e-07,1.000000000000000000e+00
1.000000000000000000e+00,6.016656494140625000e+01,2.473389244079589844e+01,1.633333396911621094e+01,6.000000000000000000e+00,-3.979137857708577308e-01,-5.968706786562865130e-01,-3.401535815998149581e-01,-6.597484302457949923e-01,1.375408659158321047e-05,7.575152217473898192e-04,5.531806261682539649e-07,1.000000000000000000e+00
1.000000000000000000e+00,6.016653060913085938e+01,2.473384475708007812e+01,1.633333396911621094e+01,6.000000000000000000e+00,-4.180948787725536908e-01,-5.806873316285467990e-01,-3.979137857708577308e-01,-5.968706786562865130e-01,5.875748367595429574e-05,1.375408659158321047e-05,2.025305749133579799e-09,1.000000000000000000e+00
1.000000000000000000e+00,6.016654968261718750e+01,2.473379707336425781e+01,1.633333396911621094e+01,6.000000000000000000e+00,2.852869356659245015e-01,-7.132173391648113370e-01,-4.180948787725536908e-01,-5.806873316285467990e-01,5.135693366178993146e-05,5.875748367595429574e-05,5.476814051214817280e-11,1.000000000000000000e+00
1.000000000000000000e+00,6.016654968261718750e+01,2.473379707336425781e+01,1.635000038146972656e+01,6.000000000000000000e+00,0.000000000000000000e+00,0.000000000000000000e+00,2.852869356659245015e-01,-7.132173391648113370e-01,0.000000000000000000e+00,5.135693366178993146e-05,2.637534635141491890e-09,1.000000000000000000e+00
1.000000000000000000e+00,6.016656875610351562e+01,2.473374748229980469e+01,1.635000038146972656e+01,6.000000000000000000e+00,2.773738228698755526e-01,-7.211719394616764589e-01,0.000000000000000000e+00,0.000000000000000000e+00,5.313258467553756410e-05,0.000000000000000000e+00,2.823071554303169250e-09,1.000000000000000000e+00
1.000000000000000000e+00,6.016656875610351562e+01,2.473374748229980469e+01,1.635000038146972656e+01,6.000000000000000000e+00,0.000000000000000000e+00,0.000000000000000000e+00,2.773738228698755526e-01,-7.211719394616764589e-01,0.000000000000000000e+00,5.313258467553756410e-05,2.823071554303169250e-09,1.000000000000000000e+00
1.000000000000000000e+00,6.016656875610351562e+01,2.473374748229980469e+01,1.635000038146972656e+01,6.000000000000000000e+00,0.000000000000000000e+00,0.000000000000000000e+00,0.000000000000000000e+00,0.000000000000000000e+00,0.000000000000000000e+00,0.000000000000000000e+00,0.000000000000000000e+00,1.000000000000000000e+00
1.000000000000000000e+00,6.016656875610351562e+01,2.473374748229980469e+01,1.635000038146972656e+01,6.000000000000000000e+00,0.000000000000000000e+00,0.000000000000000000e+00,0.000000000000000000e+00,0.000000000000000000e+00,0.000000000000000000e+00,0.000000000000000000e+00,0.000000000000000000e+00,1.000000000000000000e+00
1.000000000000000000e+00,6.016539764404296875e+01,2.473132133483886719e+01,1.639999961853027344e+01,6.000000000000000000e+00,-3.255476839478196327e-01,-6.744245178853853773e-01,0.000000000000000000e+00,0.000000000000000000e+00,2.694010942919836116e-03,0.000000000000000000e+00,7.257694960571824657e-06,1.000000000000000000e+00
1.000000000000000000e+00,6.016548538208007812e+01,2.473138236999511719e+01,1.639999961853027344e+01,6.000000000000000000e+00,5.893474515427250537e-01,4.099808358558087451e-01,-3.255476839478196327e-01,-6.744245178853853773e-01,1.068796213235618592e-04,2.694010942919836116e-03,6.693248475184484951e-06,1.000000000000000000e+00
1.000000000000000000e+00,6.016554260253906250e+01,2.473132133483886719e+01,1.639999961853027344e+01,6.000000000000000000e+00,4.834621396801795923e-01,-5.156929489921915355e-01,5.893474515427250537e-01,4.099808358558087451e-01,8.366284255775950965e-05,1.068796213235618592e-04,5.390188162602108631e-10,1.000000000000000000e+00
1.000000000000000000e+00,6.016554260253906250e+01,2.473132133483886719e+01,1.641666603088378906e+01,6.000000000000000000e+00,0.000000000000000000e+00,0.000000000000000000e+00,4.834621396801795923e-01,-5.156929489921915355e-01,0.000000000000000000e+00,8.366284255775950965e-05,6.999471224844455719e-09,1.000000000000000000e+00
1.000000000000000000e+00,6.016512298583984375e+01,2.473257637023925781e+01,1.641666603088378906e+01,6.000000000000000000e+00,-2.505545144959799297e-01,7.493857751743400186e-01,0.000000000000000000e+00,0.000000000000000000e+00,1.323326124013614151e-03,0.000000000000000000e+00,1.751192030496895313e-06,1.000000000000000000e+00
1.000000000000000000e+00,6.016512298583984375e+01,2.473257637023925781e+01,1.641666603088378906e+01,6.000000000000000000e+00,0.000000000000000000e+00,0.000000000000000000e+00,-2.505545144959799297e-01,7.493857751743400186e-01,0.000000000000000000e+00,1.323326124013614151e-03,1.751192030496895313e-06,1.000000000000000000e+00
1.000000000000000000e+00,6.016512298583984375e+01,2.473257637023925781e+01,1.641666603088378906e+01,6.000000000000000000e+00,0.000000000000000000e+00,0.000000000000000000e+00,0.000000000000000000e+00,0.000000000000000000e+00,0.000000000000000000e+00,0.000000000000000000e+00,0.000000000000000000e+00,1.000000000000000000e+00
1.000000000000000000e+00,6.016469573974609375e+01,2.473620986938476562e+01,1.641666603088378906e+01,6.000000000000000000e+00,-1.052111244279002183e-01,8.947642501569192941e-01,0.000000000000000000e+00,0.000000000000000000e+00,3.658531845567376990e-03,0.000000000000000000e+00,1.338485526503063738e-05,1.000000000000000000e+00
1.000000000000000000e+00,6.016466903686523438e+01,2.473642730712890625e+01,1.641666603088378906e+01,6.000000000000000000e+00,-1.093302183425668844e-01,8.902603493609018148e-01,-1.052111244279002183e-01,8.947642501569192941e-01,2.190712587793156474e-04,3.658531845567376990e-03,1.182988912806847623e-05,1.000000000000000000e+00
1.000000000000000000e+00,6.016466903686523438e+01,2.473642730712890625e+01,1.643333244323730469e+01,6.000000000000000000e+00,0.000000000000000000e+00,0.000000000000000000e+00,-1.093302183425668844e-01,8.902603493609018148e-01,0.000000000000000000e+00,2.190712587793156474e-04,4.799221642315388388e-08,1.000000000000000000e+00
1.000000000000000000e+00,6.016256713867187500e+01,2.473814010620117188e+01,1.643333244323730469e+01,6.000000000000000000e+00,-5.509855562442343979e-01,4.489882300429423601e-01,0.000000000000000000e+00,0.000000000000000000e+00,2.711393862426001583e-03,0.000000000000000000e+00,7.351656677201391113e-06,1.000000000000000000e+00
1.000000000000000000e+00,6.016251373291015625e+01,2.473824310302734375e+01,1.643333244323730469e+01,6.000000000000000000e+00,-3.412452307566549159e-01,6.581158021735488139e-01,-5.509855562442343979e-01,4.489882300429423601e-01,1.160194879588741278e-04,2.711393862426001583e-03,6.735968143640633595e-06,1.000000000000000000e+00
1.000000000000000000e+00,6.016249847412109375e+01,2.473830032348632812e+01,1.643333244323730469e+01,6.000000000000000000e+00,-2.102362517264600994e-01,7.883859439742253450e-01,-3.412452307566549159e-01,6.581158021735488139e-01,5.922002676490792931e-05,1.160194879588741278e-04,3.226178791924871936e-09,1.000000000000000000e+00
1.000000000000000000e+00,6.016247940063476562e+01,2.473835182189941406e+01,1.643333244323730469e+01,6.000000000000000000e+00,-2.698878406589098056e-01,7.286971697790564084e-01,-2.102362517264600994e-01,7.883859439742253450e-01,5.491706866793811241e-05,5.922002676490792931e-05,1.851544838427810820e-11,1.000000000000000000e+00
1.000000000000000000e+00,6.016244125366210938e+01,2.473842620849609375e+01,1.643333244323730469e+01,6.000000000000000000e+00,-3.386820899058431422e-01,6.604300753163940829e-01,-2.698878406589098056e-01,7.286971697790564084e-01,8.359759140324068960e-05,5.491706866793811241e-05,8.225723843702080072e-10,1.000000000000000000e+00
1.000000000000000000e+00,6.016244125366210938e+01,2.473842620849609375e+01,1.645000076293945312e+01,6.000000000000000000e+00,0.000000000000000000e+00,0.000000000000000000e+00,-3.386820899058431422e-01,6.604300753163940829e-01,0.000000000000000000e+00,8.359759140324068960e-05,6.988557288423181407e-09,1.000000000000000000e+00
1.000000000000000000e+00,6.016237258911132812e+01,2.473853683471679688e+01,1.645000076293945312e+01,6.000000000000000000e+00,-3.827652348729137510e-01,6.166773228508055649e-01,0.000000000000000000e+00,0.000000000000000000e+00,1.302036145467835382e-04,0.000000000000000000e+00,1.695298124104738235e-08,1.000000000000000000e+00
1.000000000000000000e+00,6.016121673583984375e+01,2.473741340637207031e+01,1.645000076293945312e+01,6.000000000000000000e+00,-5.070907228802580269e-01,-4.928654055717359150e-01,-3.827652348729137510e-01,6.166773228508055649e-01,1.611858564184896585e-03,1.302036145467835382e-04,2.195301389787119587e-06,1.000000000000000000e+00
1.000000000000000000e+00,6.016121673583984375e+01,2.473741340637207031e+01,1.645000076293945312e+01,6.000000000000000000e+00,0.000000000000000000e+00,0.000000000000000000e+00,-5.070907228802580269e-01,-4.928654055717359150e-01,0.000000000000000000e+00,1.611858564184896585e-03,2.598088030936196446e-06,1.000000000000000000e+00
1.000000000000000000e+00,6.016121673583984375e+01,2.473741340637207031e+01,1.645000076293945312e+01,6.000000000000000000e+00,0.000000000000000000e+00,0.000000000000000000e+00,0.000000000000000000e+00,0.000000000000000000e+00,0.000000000000000000e+00,0.000000000000000000e+00,0.000000000000000000e+00,1.000000000000000000e+00
1.000000000000000000e+00,6.016121673583984375e+01,2.473741340637207031e+01,1.645000076293945312e+01,6.000000000000000000e+00,0.000000000000000000e+00,0.000000000000000000e+00,0.000000000000000000e+00,0.000000000000000000e+00,0.000000000000000000e+00,0.000000000000000000e+00,0.000000000000000000e+00,1.000000000000000000e+00
1.000000000000000000e+00,6.016215515136718750e+01,2.473521804809570312e+01,1.646666717529296875e+01,6.000000000000000000e+00,2.994426662083639057e-01,-7.005254244020870935e-01,0.000000000000000000e+00,0.000000000000000000e+00,2.387513699138448051e-03,0.000000000000000000e+00,5.700221663573755967e-06,1.000000000000000000e+00
1.000000000000000000e+00,6.016215515136718750e+01,2.473521804809570312e+01,1.646666717529296875e+01,6.000000000000000000e+00,0.000000000000000000e+00,0.000000000000000000e+00,2.994426662083639057e-01,-7.005254244020870935e-01,0.000000000000000000e+00,2.387513699138448051e-03,5.700221663573755967e-06,1.000000000000000000e+00
1.000000000000000000e+00,6.016315841674804688e+01,2.473972129821777344e+01,1.646666717529296875e+01,6.000000000000000000e+00,1.821927425885477569e-01,8.177890974364282473e-01,0.000000000000000000e+00,0.000000000000000000e+00,4.613653984246888530e-03,0.000000000000000000e+00,2.128580308635718782e-05,1.000000000000000000e+00
1.000000000000000000e+00,6.016315841674804688e+01,2.473972129821777344e+01,1.646666717529296875e+01,6.000000000000000000e+00,0.000000000000000000e+00,0.000000000000000000e+00,1.821927425885477569e-01,8.177890974364282473e-01,0.000000000000000000e+00,4.613653984246888530e-03,2.128580308635718782e-05,1.000000000000000000e+00
1.000000000000000000e+00,6.016315841674804688e+01,2.473972129821777344e+01,1.646666717529296875e+01,6.000000000000000000e+00,0.000000000000000000e+00,0.000000000000000000e+00,0.000000000000000000e+00,0.000000000000000000e+00,0.000000000000000000e+00,0.000000000000000000e+00,0.000000000000000000e+00,1.000000000000000000e+00
1.000000000000000000e+00,6.016315841674804688e+01,2.473972129821777344e+01,1.646666717529296875e+01,6.000000000000000000e+00,0.000000000000000000e+00,0.000000000000000000e+00,0.000000000000000000e+00,0.000000000000000000e+00,0.000000000000000000e+00,0.000000000000000000e+00,0.000000000000000000e+00,1.000000000000000000e+00
1.000000000000000000e+00,6.016315841674804688e+01,2.473972129821777344e+01,1.648333358764648438e+01,6.000000000000000000e+00,0.000000000000000000e+00,0.000000000000000000e+00,0.000000000000000000e+00,0.000000000000000000e+00,0.000000000000000000e+00,0.000000000000000000e+00,0.000000000000000000e+00,1.000000000000000000e+00
1.000000000000000000e+00,6.016315841674804688e+01,2.473972129821777344e+01,1.648333358764648438e+01,6.000000000000000000e+00,0.000000000000000000e+00,0.000000000000000000e+00,0.000000000000000000e+00,0.000000000000000000e+00,0.000000000000000000e+00,0.000000000000000000e+00,0.000000000000000000e+00,1.000000000000000000e+00
1.000000000000000000e+00,6.016315841674804688e+01,2.473972129821777344e+01,1.648333358764648438e+01,6.000000000000000000e+00,0.000000000000000000e+00,0.000000000000000000e+00,0.000000000000000000e+00,0.000000000000000000e+00,0.000000000000000000e+00,0.000000000000000000e+00,0.000000000000000000e+00,1.000000000000000000e+00
1.000000000000000000e+00,6.016315841674804688e+01,2.473972129821777344e+01,1.648333358764648438e+01,6.000000000000000000e+00,0.000000000000000000e+00,0.000000000000000000e+00,0.000000000000000000e+00,0.000000000000000000e+00,0.000000000000000000e+00,0.000000000000000000e+00,0.000000000000000000e+00,1.000000000000000000e+00
1.000000000000000000e+00,6.016315841674804688e+01,2.473972129821777344e+01,1.648333358764648438e+01,6.000000000000000000e+00,0.000000000000000000e+00,0.000000000000000000e+00,0.000000000000000000e+00,0.000000000000000000e+00,0.000000000000000000e+00,0.000000000000000000e+00,0.000000000000000000e+00,1.000000000000000000e+00
1.000000000000000000e+00,6.016315841674804688e+01,2.473972129821777344e+01,1.648333358764648438e+01,6.000000000000000000e+00,0.000000000000000000e+00,0.000000000000000000e+00,0.000000000000000000e+00,0.000000000000000000e+00,0.000000000000000000e+00,0.000000000000000000e+00,0.000000000000000000e+00,1.000000000000000000e+00
1.000000000000000000e+00,6.016171646118164062e+01,2.473736000061035156e+01,1.650000000000000000e+01,6.000000000000000000e+00,-3.791274437327372127e-01,-6.208462636787416278e-01,0.000000000000000000e+00,0.000000000000000000e+00,2.766760243733858669e-03,0.000000000000000000e+00,7.654962246306240559e-06,1.000000000000000000e+00
1.000000000000000000e+00,6.016154479980468750e+01,2.473715019226074219e+01,1.650000000000000000e+01,6.000000000000000000e+00,-4.498820661156601730e-01,-5.498558585858068781e-01,-3.791274437327372127e-01,-6.208462636787416278e-01,2.710851746282938782e-04,2.766760243733858669e-03,6.228394050555065524e-06,1.000000000000000000e+00
1.000000000000000000e+00,6.016127777099609375e+01,2.473682212829589844e+01,1.650000000000000000e+01,6.000000000000000000e+00,-4.486425583622953295e-01,-5.511894288451056889e-01,-4.498820661156601730e-01,-5.498558585858068781e-01,4.230015953255954588e-04,2.710851746282938782e-04,2.307859887747951872e-08,1.000000000000000000e+00
1.000000000000000000e+00,6.016171646118164062e+01,2.473735809326171875e+01,1.650000000000000000e+01,6.000000000000000000e+00,4.500516718804409289e-01,5.498457382539300164e-01,-4.486425583622953295e-01,-5.511894288451056889e-01,6.926092141185535714e-04,4.230015953255954588e-04,7.268826811120902180e-08,1.000000000000000000e+00
1.000000000000000000e+00,6.016171646118164062e+01,2.473735809326171875e+01,1.650000000000000000e+01,6.000000000000000000e+00,0.000000000000000000e+00,0.000000000000000000e+00,4.500516718804409289e-01,5.498457382539300164e-01,0.000000000000000000e+00,6.926092141185535714e-04,4.797075234819203615e-07,1.000000000000000000e+00
1.000000000000000000e+00,6.016171646118164062e+01,2.473735809326171875e+01,1.651666641235351562e+01,6.000000000000000000e+00,0.000000000000000000e+00,0.000000000000000000e+00,0.000000000000000000e+00,0.000000000000000000e+00,0.000000000000000000e+00,0.000000000000000000e+00,0.000000000000000000e+00,1.000000000000000000e+00
1.000000000000000000e+00,6.016171264648437500e+01,2.473735237121582031e+01,1.651666641235351562e+01,6.000000000000000000e+00,-3.958492200820326046e-01,-5.937738301230488513e-01,0.000000000000000000e+00,0.000000000000000000e+00,6.877043295791605234e-06,0.000000000000000000e+00,4.729372449219226191e-11,1.000000000000000000e+00
1.000000000000000000e+00,6.016169738769531250e+01,2.473735046386718750e+01,1.651666641235351562e+01,6.000000000000000000e+00,-8.837407260248211216e-01,-1.104675907531026402e-01,-3.958492200820326046e-01,-5.937738301230488513e-01,1.537753629359922243e-05,6.877043295791605234e-06,7.225838120577631895e-11,1.000000000000000000e+00
1.000000000000000000e+00,6.016175079345703125e+01,2.473729515075683594e+01,1.651666641235351562e+01,6.000000000000000000e+00,4.907766520888239281e-01,-5.083043896634248382e-01,-8.837407260248211216e-01,-1.104675907531026402e-01,7.688768146799611217e-05,1.537753629359922243e-05,3.783497959375380643e-09,1.000000000000000000e+00
1.000000000000000000e+00,6.016177368164062500e+01,2.473724365234375000e+01,1.651666641235351562e+01,6.000000000000000000e+00,3.072792235652190840e-01,-6.913782530217429390e-01,4.907766520888239281e-01,-5.083043896634248382e-01,5.635561638906157558e-05,7.688768146799611217e-05,4.215656964056030711e-10,1.000000000000000000e+00
1.000000000000000000e+00,6.016178894042968750e+01,2.473726081848144531e+01,1.651666641235351562e+01,6.000000000000000000e+00,4.691413811972637848e-01,5.277840538469217302e-01,3.072792235652190840e-01,-6.913782530217429390e-01,2.296751895674189716e-05,5.635561638906157558e-05,1.114765050150071803e-09,1.000000000000000000e+00
1.000000000000000000e+00,6.016179275512695312e+01,2.473725509643554688e+01,1.653333282470703125e+01,6.000000000000000000e+00,3.958492200820326046e-01,-5.937738301230488513e-01,4.691413811972637848e-01,5.277840538469217302e-01,6.877043295791605234e-06,2.296751895674189716e-05,2.589034069956336896e-10,1.000000000000000000e+00
1.000000000000000000e+00,6.016179656982421875e+01,2.473724174499511719e+01,1.653333282470703125e+01,6.000000000000000000e+00,2.209351815062052804e-01,-7.732731352717184814e-01,3.958492200820326046e-01,-5.937738301230488513e-01,1.388570764404395686e-05,6.877043295791605234e-06,4.912137594646355907e-11,1.000000000000000000e+00
1.000000000000000000e+00,6.016277694702148438e+01,2.473826789855957031e+01,1.656666755676269531e+01,6.000000000000000000e+00,4.885688069617239448e-01,5.113813582595476692e-01,2.209351815062052804e-01,-7.732731352717184814e-01,1.419200685864496075e-03,1.388570764404395686e-05,1.974910188010749736e-06,1.000000000000000000e+00
1.000000000000000000e+00,6.016281890869140625e+01,2.473813629150390625e+01,1.656666755676269531e+01,6.000000000000000000e+00,2.416190352079877757e-01,-7.578051558795979581e-01,4.885688069617239448e-01,5.113813582595476692e-01,1.381347126655571448e-04,1.419200685864496075e-03,1.641130027688144837e-06,1.000000000000000000e+00
1.000000000000000000e+00,6.016281509399414062e+01,2.473809623718261719e+01,1.656666755676269531e+01,6.000000000000000000e+00,-8.675875402768838673e-02,-9.109669172907280954e-01,2.416190352079877757e-01,-7.578051558795979581e-01,4.023556348748967738e-05,1.381347126655571448e-04,9.584243409789508667e-09,1.000000000000000000e+00
1.000000000000000000e+00,6.016281509399414062e+01,2.473809623718261719e+01,1.656666755676269531e+01,6.000000000000000000e+00,0.000000000000000000e+00,0.000000000000000000e+00,-8.675875402768838673e-02,-9.109669172907280954e-01,0.000000000000000000e+00,4.023556348748967738e-05,1.618900569155812470e-09,1.000000000000000000e+00
1.000000000000000000e+00,6.016277694702148438e+01,2.473787879943847656e+01,1.656666755676269531e+01,6.000000000000000000e+00,-1.491953572123566052e-01,-8.504135361104325774e-01,0.000000000000000000e+00,0.000000000000000000e+00,2.207586104771467152e-04,0.000000000000000000e+00,4.873436409980059332e-08,1.000000000000000000e+00
1.000000000000000000e+00,6.016265869140625000e+01,2.473749923706054688e+01,1.658333396911621094e+01,6.000000000000000000e+00,-2.375001844840143039e-01,-7.622989792309491364e-01,-1.491953572123566052e-01,-8.504135361104325774e-01,3.975575295150369495e-04,2.207586104771467152e-04,3.125785777296646576e-08,1.000000000000000000e+00
1.000000000000000000e+00,6.016260910034179688e+01,2.473733520507812500e+01,1.658333396911621094e+01,6.000000000000000000e+00,-2.320342386009931757e-01,-7.674978661417466430e-01,-2.375001844840143039e-01,-7.622989792309491364e-01,1.713644214265152069e-04,3.975575295150369495e-04,5.116332214674568178e-08,1.000000000000000000e+00
1.000000000000000000e+00,6.016259765625000000e+01,2.473728752136230469e+01,1.658333396911621094e+01,6.000000000000000000e+00,-1.932216007528531898e-01,-8.050900031368882770e-01,-2.320342386009931757e-01,-7.674978661417466430e-01,4.903778126595474685e-05,1.713644214265152069e-04,1.496380689297124170e-08,1.000000000000000000e+00
1.000000000000000000e+00,6.016262817382812500e+01,2.473737144470214844e+01,1.658333396911621094e+01,6.000000000000000000e+00,2.664338532132775050e-01,7.326930963365131388e-01,-1.932216007528531898e-01,-8.050900031368882770e-01,8.929977348876667539e-05,4.903778126595474685e-05,1.621028017749768265e-09,1.000000000000000000e+00
1.000000000000000000e+00,6.016215515136718750e+01,2.473443222045898438e+01,1.664999961853027344e+01,6.000000000000000000e+00,-1.386208676770557535e-01,-8.613498269771892035e-01,2.664338532132775050e-01,7.326930963365131388e-01,2.977043735008729191e-03,8.929977348876667539e-05,8.339065187295007544e-06,1.000000000000000000e+00
1.000000000000000000e+00,6.016231155395507812e+01,2.473891067504882812e+01,1.664999961853027344e+01,6.000000000000000000e+00,3.374412791599436939e-02,9.662342969116436420e-01,-1.386208676770557535e-01,-8.613498269771892035e-01,4.481184807926519124e-03,2.977043735008729191e-03,2.262440367238280251e-06,1.000000000000000000e+00
1.000000000000000000e+00,6.016231155395507812e+01,2.473891067504882812e+01,1.664999961853027344e+01,6.000000000000000000e+00,0.000000000000000000e+00,0.000000000000000000e+00,3.374412791599436939e-02,9.662342969116436420e-01,0.000000000000000000e+00,4.481184807926519124e-03,2.008101728279143572e-05,1.000000000000000000e+00
1.000000000000000000e+00,6.016214752197265625e+01,2.473446083068847656e+01,1.664999961853027344e+01,6.000000000000000000e+00,-3.555111041667721739e-02,-9.644272163035807477e-01,0.000000000000000000e+00,0.000000000000000000e+00,4.452866641008896773e-03,0.000000000000000000e+00,1.982802132260985672e-05,1.000000000000000000e+00
1.000000000000000000e+00,6.016213989257812500e+01,2.473450279235839844e+01,1.664999961853027344e+01,6.000000000000000000e+00,-1.535365485769986937e-01,8.444510171734928017e-01,-3.555111041667721739e-02,-9.644272163035807477e-01,4.264961199760036097e-05,4.452866641008896773e-03,1.945001424298122320e-05,1.000000000000000000e+00
1.000000000000000000e+00,6.016213607788085938e+01,2.473450851440429688e+01,1.664999961853027344e+01,6.000000000000000000e+00,-3.958492200820326046e-01,5.937738301230488513e-01,-1.535365485769986937e-01,8.444510171734928017e-01,6.877043295791605234e-06,4.264961199760036097e-05,1.279676671525627648e-09,1.000000000000000000e+00
1.000000000000000000e+00,6.016213226318359375e+01,2.473453521728515625e+01,1.666666603088378906e+01,6.000000000000000000e+00,-1.245917377935979314e-01,8.721421645551854507e-01,-3.958492200820326046e-01,5.937738301230488513e-01,2.697398304697218134e-05,6.877043295791605234e-06,4.038869873625819421e-10,1.000000000000000000e+00
1.000000000000000000e+00,6.016213226318359375e+01,2.473453521728515625e+01,1.666666603088378906e+01,6.000000000000000000e+00,0.000000000000000000e+00,0.000000000000000000e+00,-1.245917377935979314e-01,8.721421645551854507e-01,0.000000000000000000e+00,2.697398304697218134e-05,7.275957614183426937e-10,1.000000000000000000e+00
1.000000000000000000e+00,6.016232681274414062e+01,2.473890495300292969e+01,1.666666603088378906e+01,6.000000000000000000e+00,4.262338709024777322e-02,9.573547041544867575e-01,0.000000000000000000e+00,0.000000000000000000e+00,4.374064445649368527e-03,0.000000000000000000e+00,1.913243977469391782e-05,1.000000000000000000e+00
1.000000000000000000e+00,6.016251373291015625e+01,2.473725509643554688e+01,1.668333244323730469e+01,6.000000000000000000e+00,1.017597765908879182e-01,-8.981857831746740128e-01,4.262338709024777322e-02,9.573547041544867575e-01,1.660411347046118497e-03,4.374064445649368527e-03,7.363913139559019974e-06,1.000000000000000000e+00
1.000000000000000000e+00,6.016232681274414062e+01,2.473900985717773438e+01,1.668333244323730469e+01,6.000000000000000000e+00,-9.626223289454224896e-02,9.036862679895804051e-01,1.017597765908879182e-01,-8.981857831746740128e-01,1.764688190810414711e-03,1.660411347046118497e-03,1.087366014544344283e-08,1.000000000000000000e+00
1.000000000000000000e+00,6.016231918334960938e+01,2.473897171020507812e+01,1.668333244323730469e+01,6.000000000000000000e+00,-1.663033714083793357e-01,-8.315168570418967064e-01,-9.626223289454224896e-02,9.036862679895804051e-01,3.890243159174182504e-05,1.764688190810414711e-03,2.978336486721971006e-06,1.000000000000000000e+00
1.000000000000000000e+00,6.016231918334960938e+01,2.473897171020507812e+01,1.668333244323730469e+01,6.000000000000000000e+00,0.000000000000000000e+00,0.000000000000000000e+00,-1.663033714083793357e-01,-8.315168570418967064e-01,0.000000000000000000e+00,3.890243159174182504e-05,1.513399183750152381e-09,1.000000000000000000e+00
1.000000000000000000e+00,6.016212081909179688e+01,2.473458290100097656e+01,1.668333244323730469e+01,6.000000000000000000e+00,-4.324230056468696126e-02,-9.567358999936991237e-01,0.000000000000000000e+00,0.000000000000000000e+00,4.393289725113071892e-03,0.000000000000000000e+00,1.930099460878409106e-05,1.000000000000000000e+00
1.000000000000000000e+00,6.016211700439453125e+01,2.473461151123046875e+01,1.668333244323730469e+01,6.000000000000000000e+00,-1.172853452993159462e-01,8.796400897448696243e-01,-4.324230056468696126e-02,-9.567358999936991237e-01,2.886342229923545162e-05,4.393289725113071892e-03,1.904821695269325548e-05,1.000000000000000000e+00
1.000000000000000000e+00,6.016211700439453125e+01,2.473461341857910156e+01,1.670000076293945312e+01,6.000000000000000000e+00,0.000000000000000000e+00,9.501830432614539745e-01,-1.172853452993159462e-01,8.796400897448696243e-01,1.907348632812500000e-06,2.886342229923545162e-05,7.266299075096208898e-10,1.000000000000000000e+00
1.000000000000000000e+00,6.016212081909179688e+01,2.473460960388183594e+01,1.670000076293945312e+01,6.000000000000000000e+00,4.935311880124827466e-01,-4.935311880124827466e-01,0.000000000000000000e+00,9.501830432614539745e-01,5.394796609394436438e-06,1.907348632812500000e-06,1.216229338936544193e-11,1.000000000000000000e+00
1.000000000000000000e+00,6.016212081909179688e+01,2.473460006713867188e+01,1.670000076293945312e+01,6.000000000000000000e+00,0.000000000000000000e+00,-9.896230502050814559e-01,4.935311880124827466e-01,-4.935311880124827466e-01,9.536743164062500000e-06,5.394796609394436438e-06,1.715572126172664131e-11,1.000000000000000000e+00
1.000000000000000000e+00,6.016212081909179688e+01,2.473458480834960938e+01,1.670000076293945312e+01,6.000000000000000000e+00,0.000000000000000000e+00,-9.934890700306472366e-01,0.000000000000000000e+00,-9.896230502050814559e-01,1.525878906250000000e-05,9.536743164062500000e-06,3.274180926382541656e-11,1.000000000000000000e+00
1.000000000000000000e+00,6.016212081909179688e+01,2.473458480834960938e+01,1.670000076293945312e+01,6.000000000000000000e+00,0.000000000000000000e+00,0.000000000000000000e+00,0.000000000000000000e+00,-9.934890700306472366e-01,0.000000000000000000e+00,1.525878906250000000e-05,2.328306436538696289e-10,1.000000000000000000e+00
1.000000000000000000e+00,6.016243743896484375e+01,2.473866653442382812e+01,1.671666717529296875e+01,6.000000000000000000e+00,7.198448653068194314e-02,9.279927781666227338e-01,0.000000000000000000e+00,0.000000000000000000e+00,4.093987773426469891e-03,0.000000000000000000e+00,1.676073588896542449e-05,1.000000000000000000e+00
1.000000000000000000e+00,6.016242980957031250e+01,2.473863029479980469e+01,1.671666717529296875e+01,6.000000000000000000e+00,-1.735175080553767735e-01,-8.242081632630396948e-01,7.198448653068194314e-02,9.279927781666227338e-01,3.703401153363723649e-05,4.093987773426469891e-03,1.645887382613640937e-05,1.000000000000000000e+00
1.000000000000000000e+00,6.016242218017578125e+01,2.473864746093750000e+01,1.671666717529296875e+01,6.000000000000000000e+00,-3.064563738512789404e-01,6.895268411653776575e-01,-1.735175080553767735e-01,-8.242081632630396948e-01,1.878520546302052293e-05,3.703401153363723649e-05,3.330189230029774198e-10,1.000000000000000000e+00
1.000000000000000000e+00,6.016203689575195312e+01,2.473678970336914062e+01,1.671666717529296875e+01,6.000000000000000000e+00,-1.717610499781147271e-01,-8.281943696964542134e-01,-3.064563738512789404e-01,6.895268411653776575e-01,1.897289453415347505e-03,1.878520546302052293e-05,3.528778209574937204e-06,1.000000000000000000e+00
1.000000000000000000e+00,6.016183853149414062e+01,2.473729896545410156e+01,1.671666717529296875e+01,6.000000000000000000e+00,-2.802838411173876887e-01,7.195748613302164198e-01,-1.717610499781147271e-01,-8.281943696964542134e-01,5.465311061195556909e-04,1.897289453415347505e-03,1.824548112789258838e-06,1.000000000000000000e+00
1.000000000000000000e+00,6.016186523437500000e+01,2.473719978332519531e+01,1.671666717529296875e+01,6.000000000000000000e+00,2.119528419218401072e-01,-7.872534128525490171e-01,-2.802838411173876887e-01,7.195748613302164198e-01,1.027138673235798629e-04,5.465311061195556909e-04,1.969737414524842205e-07,1.000000000000000000e+00
1.000000000000000000e+00,6.016192245483398438e+01,2.473696708679199219e+01,1.673333358764648438e+01,6.000000000000000000e+00,1.973003669639507851e-01,-8.023548256533998835e-01,2.119528419218401072e-01,-7.872534128525490171e-01,2.396285823751741033e-04,1.027138673235798629e-04,1.874563919765924633e-08,1.000000000000000000e+00
1.000000000000000000e+00,6.016196823120117188e+01,2.473695755004882812e+01,1.673333358764648438e+01,6.000000000000000000e+00,8.260927224094943844e-01,-1.721026505019779829e-01,1.973003669639507851e-01,-8.023548256533998835e-01,4.675922650196557076e-05,2.396285823751741033e-04,3.719858843494635819e-08,1.000000000000000000e+00
1.000000000000000000e+00,6.016196823120117188e+01,2.473695755004882812e+01,1.673333358764648438e+01,6.000000000000000000e+00,0.000000000000000000e+00,0.000000000000000000e+00,8.260927224094943844e-01,-1.721026505019779829e-01,0.000000000000000000e+00,4.675922650196557076e-05,2.186425263062119484e-09,1.000000000000000000e+00
1.000000000000000000e+00,6.016203308105468750e+01,2.473712158203125000e+01,1.673333358764648438e+01,6.000000000000000000e+00,2.832095971722647931e-01,7.163536869651403460e-01,0.000000000000000000e+00,0.000000000000000000e+00,1.763859256240370393e-04,0.000000000000000000e+00,3.111199475824832916e-08,1.000000000000000000e+00
1.000000000000000000e+00,6.016203308105468750e+01,2.473708724975585938e+01,1.673333358764648438e+01,6.000000000000000000e+00,0.000000000000000000e+00,-9.970957481355637864e-01,2.832095971722647931e-01,7.163536869651403460e-01,3.433227539062500000e-05,1.763859256240370393e-04,2.017923954463656521e-08,1.000000000000000000e+00
1.000000000000000000e+00,6.016223144531250000e+01,2.473888397216796875e+01,1.673333358764648438e+01,6.000000000000000000e+00,9.942140292079403030e-02,9.005284764556535926e-01,0.000000000000000000e+00,-9.970957481355637864e-01,1.807639290609062413e-03,3.433227539062500000e-05,3.144617770222923628e-06,1.000000000000000000e+00
1.000000000000000000e+00,6.016220855712890625e+01,2.473887634277343750e+01,1.675000000000000000e+01,6.000000000000000000e+00,-7.475504267615875609e-01,-2.491834755871958629e-01,9.942140292079403030e-02,9.005284764556535926e-01,2.412626388678268069e-05,1.807639290609062413e-03,3.180918716488067616e-06,1.000000000000000000e+00
1.000000000000000000e+00,6.016218566894531250e+01,2.473888587951660156e+01,1.675000000000000000e+01,6.000000000000000000e+00,-7.037120717958956773e-01,2.932133632482898378e-01,-7.475504267615875609e-01,-2.491834755871958629e-01,2.479553222656250000e-05,2.412626388678268069e-05,4.479201106316356678e-13,1.000000000000000000e+00
1.000000000000000000e+00,6.016218566894531250e+01,2.473888587951660156e+01,1.675000000000000000e+01,6.000000000000000000e+00,0.000000000000000000e+00,0.000000000000000000e+00,-7.037120717958956773e-01,2.932133632482898378e-01,0.000000000000000000e+00,2.479553222656250000e-05,6.148184183984994888e-10,1.000000000000000000e+00
1.000000000000000000e+00,6.016207122802734375e+01,2.473612785339355469e+01,1.675000000000000000e+01,6.000000000000000000e+00,-3.983925051520756377e-02,-9.601259374165023175e-01,0.000000000000000000e+00,0.000000000000000000e+00,2.760399394854756716e-03,0.000000000000000000e+00,7.619804819114507092e-06,1.000000000000000000e+00
1.000000000000000000e+00,6.016229248046875000e+01,2.473900985717773438e+01,1.675000000000000000e+01,6.000000000000000000e+00,7.129456798485189761e-02,9.286732088371657534e-01,-3.983925051520756377e-02,-9.601259374165023175e-01,2.890484121190473477e-03,2.760399394854756716e-03,1.692203602583832231e-08,1.000000000000000000e+00
1.000000000000000000e+00,6.016228103637695312e+01,2.473882293701171875e+01,1.675000000000000000e+01,6.000000000000000000e+00,-5.766323832317886422e-02,-9.418328926119213795e-01,7.129456798485189761e-02,9.286732088371657534e-01,1.872701676732418420e-04,2.890484121190473477e-03,7.307365678490261742e-06,1.000000000000000000e+00
1.000000000000000000e+00,6.016228866577148438e+01,2.473883247375488281e+01,1.676666641235351562e+01,6.000000000000000000e+00,4.418703630124105608e-01,5.523379537655132010e-01,-5.766323832317886422e-02,-9.418328926119213795e-01,1.221299025999612528e-05,1.872701676732418420e-04,3.064501536389258926e-08,1.000000000000000000e+00
1.000000000000000000e+00,6.016196060180664062e+01,2.473681068420410156e+01,1.678333282470703125e+01,6.000000000000000000e+00,-1.396044486252304706e-01,-8.603529973415365850e-01,4.418703630124105608e-01,5.523379537655132010e-01,2.048233129474584264e-03,1.221299025999612528e-05,4.145378007287391182e-06,1.000000000000000000e+00
1.000000000000000000e+00,6.016184234619140625e+01,2.473716354370117188e+01,1.678333282470703125e+01,6.000000000000000000e+00,-2.509588766285385519e-01,7.488289060690263010e-01,-1.396044486252304706e-01,-8.603529973415365850e-01,3.721481092349851407e-04,2.048233129474584264e-03,2.809260995071577679e-06,1.000000000000000000e+00
1.000000000000000000e+00,6.016180038452148438e+01,2.473724555969238281e+01,1.678333282470703125e+01,6.000000000000000000e+00,-3.381887564511657507e-01,6.610052967000057400e-01,-2.509588766285385519e-01,7.488289060690263010e-01,9.212711086832673377e-05,3.721481092349851407e-04,7.841175952626011452e-08,1.000000000000000000e+00
1.000000000000000000e+00,6.016177368164062500e+01,2.473727989196777344e+01,1.679999923706054688e+01,6.000000000000000000e+00,-4.367843724841219966e-01,5.615799074795854162e-01,-3.381887564511657507e-01,6.610052967000057400e-01,4.349424076458503410e-05,9.212711086832673377e-05,2.365156054527413138e-09,1.000000000000000000e+00
1.000000000000000000e+00,6.016177368164062500e+01,2.473729515075683594e+01,1.679999923706054688e+01,6.000000000000000000e+00,0.000000000000000000e+00,9.934890700306472366e-01,-4.367843724841219966e-01,5.615799074795854162e-01,1.525878906250000000e-05,4.349424076458503410e-05,7.972407328207766455e-10,1.000000000000000000e+00
1.000000000000000000e+00,6.016178894042968750e+01,2.473730468750000000e+01,1.679999923706054688e+01,6.000000000000000000e+00,6.129127477025578807e-01,3.830704673140986616e-01,0.000000000000000000e+00,9.934890700306472366e-01,1.799389101420708305e-05,1.525878906250000000e-05,7.480782686231894452e-12,1.000000000000000000e+00
1.000000000000000000e+00,6.016180038452148438e+01,2.473730468750000000e+01,1.679999923706054688e+01,6.000000000000000000e+00,9.913375602204522741e-01,0.000000000000000000e+00,6.129127477025578807e-01,3.830704673140986616e-01,1.144409179687500000e-05,1.799389101420708305e-05,4.289986978736396728e-11,1.000000000000000000e+00
1.000000000000000000e+00,6.016182708740234375e+01,2.473730278015136719e+01,1.679999923706054688e+01,6.000000000000000000e+00,9.300824595164336461e-01,-6.643446139403097472e-02,9.913375602204522741e-01,0.000000000000000000e+00,2.677091378711356925e-05,1.144409179687500000e-05,2.349114723204605643e-10,1.000000000000000000e+00
1.000000000000000000e+00,6.016183090209960938e+01,2.473729324340820312e+01,1.679999923706054688e+01,6.000000000000000000e+00,2.835902434066402411e-01,-7.089756085166006860e-01,9.300824595164336461e-01,-6.643446139403097472e-02,1.027138673235798595e-05,2.677091378711356925e-05,2.722343930306115207e-10,1.000000000000000000e+00
1.000000000000000000e+00,6.016315841674804688e+01,2.473971939086914062e+01,1.685000038146972656e+01,6.000000000000000000e+00,3.536491151429227986e-01,6.463242449163760783e-01,2.835902434066402411e-01,-7.089756085166006860e-01,2.765589746153542753e-03,1.027138673235798595e-05,7.591779261763449367e-06,1.000000000000000000e+00
1.000000000000000000e+00,6.016315841674804688e+01,2.473971939086914062e+01,1.685000038146972656e+01,6.000000000000000000e+00,0.000000000000000000e+00,0.000000000000000000e+00,3.536491151429227986e-01,6.463242449163760783e-01,0.000000000000000000e+00,2.765589746153542753e-03,7.648486644029617310e-06,1.000000000000000000e+00
1.000000000000000000e+00,6.016315841674804688e+01,2.473971939086914062e+01,1.685000038146972656e+01,6.000000000000000000e+00,0.000000000000000000e+00,0.000000000000000000e+00,0.000000000000000000e+00,0.000000000000000000e+00,0.000000000000000000e+00,0.000000000000000000e+00,0.000000000000000000e+00,1.000000000000000000e+00
1.000000000000000000e+00,6.016315841674804688e+01,2.473971939086914062e+01,1.686666679382324219e+01,6.000000000000000000e+00,0.000000000000000000e+00,0.000000000000000000e+00,0.000000000000000000e+00,0.000000000000000000e+00,0.000000000000000000e+00,0.000000000000000000e+00,0.000000000000000000e+00,1.000000000000000000e+00
1.000000000000000000e+00,6.016772079467773438e+01,2.471590423583984375e+01,1.686666679382324219e+01,6.000000000000000000e+00,1.607737310677650744e-01,-8.392227450301482650e-01,0.000000000000000000e+00,0.000000000000000000e+00,2.424823501706348597e-02,0.000000000000000000e+00,5.879769014427438378e-04,1.000000000000000000e+00
1.000000000000000000e+00,6.016772079467773438e+01,2.471590423583984375e+01,1.686666679382324219e+01,6.000000000000000000e+00,0.000000000000000000e+00,0.000000000000000000e+00,1.607737310677650744e-01,-8.392227450301482650e-01,0.000000000000000000e+00,2.424823501706348597e-02,5.879769014427438378e-04,1.000000000000000000e+00
1.000000000000000000e+00,6.016772079467773438e+01,2.471590423583984375e+01,1.686666679382324219e+01,6.000000000000000000e+00,0.000000000000000000e+00,0.000000000000000000e+00,0.000000000000000000e+00,0.000000000000000000e+00,0.000000000000000000e+00,0.000000000000000000e+00,0.000000000000000000e+00,1.000000000000000000e+00
1.000000000000000000e+00,6.016232681274414062e+01,2.473569869995117188e+01,1.686666679382324219e+01,6.000000000000000000e+00,-2.141442353986605374e-01,7.858517945428922236e-01,0.000000000000000000e+00,0.000000000000000000e+00,2.051623382969186560e-02,0.000000000000000000e+00,4.209158505545929616e-04,1.000000000000000000e+00
1.000000000000000000e+00,6.016227722167968750e+01,2.473578834533691406e+01,1.686666679382324219e+01,6.000000000000000000e+00,-3.559087689087210848e-01,6.433735437965342197e-01,-2.141442353986605374e-01,7.858517945428922236e-01,1.024478836211836590e-04,2.051623382969186560e-02,4.167226566519928303e-04,1.000000000000000000e+00
1.000000000000000000e+00,6.016227722167968750e+01,2.473578834533691406e+01,1.688333320617675781e+01,6.000000000000000000e+00,0.000000000000000000e+00,0.000000000000000000e+00,-3.559087689087210848e-01,6.433735437965342197e-01,0.000000000000000000e+00,1.024478836211836590e-04,1.049556885845959021e-08,1.000000000000000000e+00
1.000000000000000000e+00,6.016212463378906250e+01,2.473586463928222656e+01,1.688333320617675781e+01,6.000000000000000000e+00,-6.663755227582700558e-01,3.331877613791350279e-01,0.000000000000000000e+00,0.000000000000000000e+00,1.705984479904014439e-04,0.000000000000000000e+00,2.910383045673370692e-08,1.000000000000000000e+00
1.000000000000000000e+00,6.016205215454101562e+01,2.473578262329101562e+01,1.688333320617675781e+01,6.000000000000000000e+00,-4.688323417644456592e-01,-5.305208077860832372e-01,-6.663755227582700558e-01,3.331877613791350279e-01,1.094525660354886848e-04,1.705984479904014439e-04,3.738818880044126047e-09,1.000000000000000000e+00
1.000000000000000000e+00,6.016205215454101562e+01,2.473578262329101562e+01,1.688333320617675781e+01,6.000000000000000000e+00,0.000000000000000000e+00,0.000000000000000000e+00,-4.688323417644456592e-01,-5.305208077860832372e-01,0.000000000000000000e+00,1.094525660354886848e-04,1.197986421175301075e-08,1.000000000000000000e+00
1.000000000000000000e+00,6.016054534912109375e+01,2.473548126220703125e+01,1.688333320617675781e+01,6.000000000000000000e+00,-8.332872486809033141e-01,-1.666574497361806573e-01,0.000000000000000000e+00,0.000000000000000000e+00,1.536646047873802164e-03,0.000000000000000000e+00,2.361281076446175575e-06,1.000000000000000000e+00
1.000000000000000000e+00,6.016054534912109375e+01,2.473548126220703125e+01,1.688333320617675781e+01,6.000000000000000000e+00,0.000000000000000000e+00,0.000000000000000000e+00,-8.332872486809033141e-01,-1.666574497361806573e-01,0.000000000000000000e+00,1.536646047873802164e-03,2.361281076446175575e-06,1.000000000000000000e+00
1.000000000000000000e+00,6.015876007080078125e+01,2.473668861389160156e+01,1.689999961853027344e+01,6.000000000000000000e+00,-5.965383838166874453e-01,4.034282018760290134e-01,0.000000000000000000e+00,0.000000000000000000e+00,2.155206897541995376e-03,0.000000000000000000e+00,4.644916771212592721e-06,1.000000000000000000e+00
1.000000000000000000e+00,6.015876007080078125e+01,2.473668861389160156e+01,1.689999961853027344e+01,6.000000000000000000e+00,0.000000000000000000e+00,0.000000000000000000e+00,-5.965383838166874453e-01,4.034282018760290134e-01,0.000000000000000000e+00,2.155206897541995376e-03,4.644916771212592721e-06,1.000000000000000000e+00
1.000000000000000000e+00,6.015815353393554688e+01,2.473297119140625000e+01,1.689999961853027344e+01,6.000000000000000000e+00,-1.402702451695500840e-01,-8.597066284133745295e-01,0.000000000000000000e+00,0.000000000000000000e+00,3.766578938969118630e-03,0.000000000000000000e+00,1.418711690348573198e-05,1.000000000000000000e+00
1.000000000000000000e+00,6.015769577026367188e+01,2.472779846191406250e+01,1.689999961853027344e+01,6.000000000000000000e+00,-8.129936909608316553e-02,-9.186828707857398468e-01,-1.402702451695500840e-01,-8.597066284133745295e-01,5.192945019797035565e-03,3.766578938969118630e-03,2.034520196536391825e-06,1.000000000000000000e+00
1.000000000000000000e+00,6.015769577026367188e+01,2.472779846191406250e+01,1.689999961853027344e+01,6.000000000000000000e+00,0.000000000000000000e+00,0.000000000000000000e+00,-8.129936909608316553e-02,-9.186828707857398468e-01,0.000000000000000000e+00,5.192945019797035565e-03,2.696667797863483429e-05,1.000000000000000000e+00
1.000000000000000000e+00,6.015778350830078125e+01,2.472652435302734375e+01,1.689999961853027344e+01,6.000000000000000000e+00,6.442103989101366501e-02,-9.355055358086332706e-01,0.000000000000000000e+00,0.000000000000000000e+00,1.277126234313389393e-03,0.000000000000000000e+00,1.631051418371498373e-06,1.000000000000000000e+00
1.000000000000000000e+00,6.015778350830078125e+01,2.472652435302734375e+01,1.691666603088378906e+01,6.000000000000000000e+00,0.000000000000000000e+00,0.000000000000000000e+00,6.442103989101366501e-02,-9.355055358086332706e-01,0.000000000000000000e+00,1.277126234313389393e-03,1.631051418371498373e-06,1.000000000000000000e+00
1.000000000000000000e+00,6.015778350830078125e+01,2.472652435302734375e+01,1.691666603088378906e+01,6.000000000000000000e+00,0.000000000000000000e+00,0.000000000000000000e+00,0.000000000000000000e+00,0.000000000000000000e+00,0.000000000000000000e+00,0.000000000000000000e+00,0.000000000000000000e+00,1.000000000000000000e+00
1.000000000000000000e+00,6.015928268432617188e+01,2.472593879699707031e+01,1.691666603088378906e+01,6.000000000000000000e+00,7.190871904130936576e-01,-2.808648440926460044e-01,0.000000000000000000e+00,0.000000000000000000e+00,1.609473398256590837e-03,0.000000000000000000e+00,2.590404619695618749e-06,1.000000000000000000e+00
1.000000000000000000e+00,6.016097259521484375e+01,2.472567367553710938e+01,1.691666603088378906e+01,6.000000000000000000e+00,8.643460325607104089e-01,-1.356028200067028733e-01,7.190871904130936576e-01,-2.808648440926460044e-01,1.710581246297171757e-03,1.609473398256590837e-03,1.022279693539720385e-08,1.000000000000000000e+00
1.000000000000000000e+00,6.016097259521484375e+01,2.472567367553710938e+01,1.691666603088378906e+01,6.000000000000000000e+00,0.000000000000000000e+00,0.000000000000000000e+00,8.643460325607104089e-01,-1.356028200067028733e-01,0.000000000000000000e+00,1.710581246297171757e-03,2.926088200183585286e-06,1.000000000000000000e+00
1.000000000000000000e+00,6.016097259521484375e+01,2.472567367553710938e+01,1.691666603088378906e+01,6.000000000000000000e+00,0.000000000000000000e+00,0.000000000000000000e+00,0.000000000000000000e+00,0.000000000000000000e+00,0.000000000000000000e+00,0.000000000000000000e+00,0.000000000000000000e+00,1.000000000000000000e+00
1.000000000000000000e+00,6.016097259521484375e+01,2.472567367553710938e+01,1.693333244323730469e+01,6.000000000000000000e+00,0.000000000000000000e+00,0.000000000000000000e+00,0.000000000000000000e+00,0.000000000000000000e+00,0.000000000000000000e+00,0.000000000000000000e+00,0.000000000000000000e+00,1.000000000000000000e+00
1.000000000000000000e+00,6.016097259521484375e+01,2.472567367553710938e+01,1.693333244323730469e+01,6.000000000000000000e+00,0.000000000000000000e+00,0.000000000000000000e+00,0.000000000000000000e+00,0.000000000000000000e+00,0.000000000000000000e+00,0.000000000000000000e+00,0.000000000000000000e+00,1.000000000000000000e+00
1.000000000000000000e+00,6.016228866577148438e+01,2.472372245788574219e+01,1.693333244323730469e+01,6.000000000000000000e+00,4.027897736226017100e-01,-5.971796208926398730e-01,0.000000000000000000e+00,0.000000000000000000e+00,2.353570061218328725e-03,0.000000000000000000e+00,5.539292033063247800e-06,1.000000000000000000e+00
1.000000000000000000e+00,6.016310882568359375e+01,2.472269439697265625e+01,1.693333244323730469e+01,6.000000000000000000e+00,4.437324413215484320e-01,-5.562134555170107353e-01,4.027897736226017100e-01,-5.971796208926398730e-01,1.315131750984040778e-03,2.353570061218328725e-03,1.078354124162243175e-06,1.000000000000000000e+00
1.000000000000000000e+00,6.016310882568359375e+01,2.472269439697265625e+01,1.693333244323730469e+01,6.000000000000000000e+00,0.000000000000000000e+00,0.000000000000000000e+00,4.437324413215484320e-01,-5.562134555170107353e-01,0.000000000000000000e+00,1.315131750984040778e-03,1.729571522446349051e-06,1.000000000000000000e+00
1.000000000000000000e+00,6.016441726684570312e+01,2.471986579895019531e+01,1.693333244323730469e+01,6.000000000000000000e+00,3.162671362349320781e-01,-6.837086924728925652e-01,0.000000000000000000e+00,0.000000000000000000e+00,3.116566227015248047e-03,0.000000000000000000e+00,9.712985047372058034e-06,1.000000000000000000e+00
1.000000000000000000e+00,6.016441726684570312e+01,2.471986579895019531e+01,1.695000076293945312e+01,6.000000000000000000e+00,0.000000000000000000e+00,0.000000000000000000e+00,3.162671362349320781e-01,-6.837086924728925652e-01,0.000000000000000000e+00,3.116566227015248047e-03,9.712985047372058034e-06,1.000000000000000000e+00
1.000000000000000000e+00,6.016534042358398438e+01,2.471901702880859375e+01,1.695000076293945312e+01,6.000000000000000000e+00,5.209609113504531930e-01,-4.789826560970075198e-01,0.000000000000000000e+00,0.000000000000000000e+00,1.254045101544762038e-03,0.000000000000000000e+00,1.572629116708412555e-06,1.000000000000000000e+00
1.000000000000000000e+00,6.016534042358398438e+01,2.471901702880859375e+01,1.695000076293945312e+01,6.000000000000000000e+00,0.000000000000000000e+00,0.000000000000000000e+00,5.209609113504531930e-01,-4.789826560970075198e-01,0.000000000000000000e+00,1.254045101544762038e-03,1.572629116708412555e-06,1.000000000000000000e+00
1.000000000000000000e+00,6.016534042358398438e+01,2.471901702880859375e+01,1.695000076293945312e+01,6.000000000000000000e+00,0.000000000000000000e+00,0.000000000000000000e+00,0.000000000000000000e+00,0.000000000000000000e+00,0.000000000000000000e+00,0.000000000000000000e+00,0.000000000000000000e+00,1.000000000000000000e+00
1.000000000000000000e+00,6.016688537597656250e+01,2.471338462829589844e+01,1.695000076293945312e+01,6.000000000000000000e+00,2.152507878446702771e-01,-7.847352796361868332e-01,0.000000000000000000e+00,0.000000000000000000e+00,5.840446338315530977e-03,0.000000000000000000e+00,3.411081343074329197e-05,1.000000000000000000e+00
1.000000000000000000e+00,6.016692352294921875e+01,2.471271705627441406e+01,1.695000076293945312e+01,6.000000000000000000e+00,5.404639570899635870e-02,-9.458119249074363744e-01,2.152507878446702771e-01,-7.847352796361868332e-01,6.686610467131845091e-04,5.840446338315530977e-03,2.674736310243436708e-05,1.000000000000000000e+00
1.000000000000000000e+00,6.016700363159179688e+01,2.471224021911621094e+01,1.696666717529296875e+01,6.000000000000000000e+00,1.438097952911117916e-01,-8.560106862566178032e-01,5.404639570899635870e-02,-9.458119249074363744e-01,4.835194619236560265e-04,6.686610467131845091e-04,3.427740641837816683e-08,1.000000000000000000e+00
1.000000000000000000e+00,6.016782379150390625e+01,2.470973587036132812e+01,1.696666717529296875e+01,6.000000000000000000e+00,2.466936696195836387e-01,-7.532762516523565655e-01,1.438097952911117916e-01,-8.560106862566178032e-01,2.635227687983402855e-03,4.835194619236560265e-04,4.629848290093182691e-06,1.000000000000000000e+00
1.000000000000000000e+00,6.016785049438476562e+01,2.470962715148925781e+01,1.696666717529296875e+01,6.000000000000000000e+00,1.970375993677502546e-01,-8.022245117115546220e-01,2.466936696195836387e-01,-7.532762516523565655e-01,1.119501540438018000e-04,2.635227687983402855e-03,6.366929513284313164e-06,1.000000000000000000e+00
1.000000000000000000e+00,6.016785049438476562e+01,2.470962715148925781e+01,1.696666717529296875e+01,6.000000000000000000e+00,0.000000000000000000e+00,0.000000000000000000e+00,1.970375993677502546e-01,-8.022245117115546220e-01,0.000000000000000000e+00,1.119501540438018000e-04,1.253283699043095277e-08,1.000000000000000000e+00
1.000000000000000000e+00,6.016785049438476562e+01,2.470962715148925781e+01,1.696666717529296875e+01,6.000000000000000000e+00,0.000000000000000000e+00,0.000000000000000000e+00,0.000000000000000000e+00,0.000000000000000000e+00,0.000000000000000000e+00,0.000000000000000000e+00,0.000000000000000000e+00,1.000000000000000000e+00
1.000000000000000000e+00,6.016944885253906250e+01,2.470809745788574219e+01,1.696666717529296875e+01,6.000000000000000000e+00,5.109592750111965342e-01,-4.890087572302859731e-01,0.000000000000000000e+00,0.000000000000000000e+00,2.212399446312516768e-03,0.000000000000000000e+00,4.894711310043931007e-06,1.000000000000000000e+00
1.000000000000000000e+00,6.017069625854492188e+01,2.470705223083496094e+01,1.698333358764648438e+01,6.000000000000000000e+00,5.440694468317687216e-01,-4.558869371006257776e-01,5.109592750111965342e-01,-4.890087572302859731e-01,1.627427826706581964e-03,2.212399446312516768e-03,3.421917957443904695e-07,1.000000000000000000e+00
1.000000000000000000e+00,6.017057037353515625e+01,2.470612716674804688e+01,1.698333358764648438e+01,6.000000000000000000e+00,-1.197708177127990853e-01,-8.801340392531448176e-01,5.440694468317687216e-01,-4.558869371006257776e-01,9.335901673549479177e-04,1.627427826706581964e-03,4.814106975345541365e-07,1.000000000000000000e+00
1.000000000000000000e+00,6.017065048217773438e+01,2.470579910278320312e+01,1.698333358764648438e+01,6.000000000000000000e+00,1.962136110085568041e-01,-8.035414546064706398e-01,-1.197708177127990853e-01,-8.801340392531448176e-01,3.377030643105137986e-04,9.335901673549479177e-04,3.550814395746880379e-07,1.000000000000000000e+00
1.000000000000000000e+00,6.017065048217773438e+01,2.470579910278320312e+01,1.698333358764648438e+01,6.000000000000000000e+00,0.000000000000000000e+00,0.000000000000000000e+00,1.962136110085568041e-01,-8.035414546064706398e-01,0.000000000000000000e+00,3.377030643105137986e-04,1.140433596447110176e-07,1.000000000000000000e+00
1.000000000000000000e+00,6.017102432250976562e+01,2.470526313781738281e+01,1.698333358764648438e+01,6.000000000000000000e+00,4.108563087982333162e-01,-5.890337896546099516e-01,0.000000000000000000e+00,0.000000000000000000e+00,6.534638769205257380e-04,0.000000000000000000e+00,4.270150384400039911e-07,1.000000000000000000e+00
1.000000000000000000e+00,6.017098236083984375e+01,2.470524024963378906e+01,1.698333358764648438e+01,6.000000000000000000e+00,-6.460625798298416100e-01,-3.523977708162772671e-01,4.108563087982333162e-01,-5.890337896546099516e-01,4.779801973778407165e-05,6.534638769205257380e-04,3.668311305569052430e-07,1.000000000000000000e+00
1.000000000000000000e+00,6.017094421386718750e+01,2.470521545410156250e+01,1.700000000000000000e+01,6.000000000000000000e+00,-6.050992537044660446e-01,-3.933145149079029235e-01,-6.460625798298416100e-01,-3.523977708162772671e-01,4.549736191511750548e-05,4.779801973778407165e-05,5.293026416996865279e-12,1.000000000000000000e+00
1.000000000000000000e+00,6.017093276977539062e+01,2.470522117614746094e+01,1.700000000000000000e+01,6.000000000000000000e+00,-6.628055445186158412e-01,3.314027722593079206e-01,-6.050992537044660446e-01,-3.933145149079029235e-01,1.279488359928010829e-05,4.549736191511750548e-05,1.069452087997815188e-09,1.000000000000000000e+00
1.000000000000000000e+00,6.017092132568359375e+01,2.470522117614746094e+01,1.700000000000000000e+01,6.000000000000000000e+00,-9.913375602204522741e-01,0.000000000000000000e+00,-6.628055445186158412e-01,3.314027722593079206e-01,1.144409179687500000e-05,1.279488359928010829e-05,1.824638493444840962e-12,1.000000000000000000e+00
1.000000000000000000e+00,6.017092514038085938e+01,2.470520591735839844e+01,1.700000000000000000e+01,6.000000000000000000e+00,1.989568928854288654e-01,-7.958275715417154617e-01,-9.913375602204522741e-01,0.000000000000000000e+00,1.572839975592674479e-05,1.144409179687500000e-05,1.835529468799412583e-11,1.000000000000000000e+00
1.000000000000000000e+00,6.017095184326171875e+01,2.470522689819335938e+01,1.700000000000000000e+01,6.000000000000000000e+00,5.588280526317671582e-01,4.390791842106742116e-01,1.989568928854288654e-01,-7.958275715417154617e-01,3.395937693551036313e-05,1.572839975592674479e-05,3.323685289224986396e-10,1.000000000000000000e+00
1.000000000000000000e+00,6.017096328735351562e+01,2.470524787902832031e+01,1.700000000000000000e+01,6.000000000000000000e+00,3.518560358979478386e-01,6.450693991462377319e-01,5.588280526317671582e-01,4.390791842106742116e-01,2.389900986889203582e-05,3.395937693551036313e-05,1.012109855150986526e-10,1.000000000000000000e+00
1.000000000000000000e+00,6.017097091674804688e+01,2.470526123046875000e+01,1.701666641235351562e+01,6.000000000000000000e+00,3.619114017726131061e-01,6.333449531020729495e-01,3.518560358979478386e-01,6.450693991462377319e-01,1.537753629359922243e-05,2.389900986889203582e-05,7.261551189441368836e-11,1.000000000000000000e+00
1.000000000000000000e+00,6.017097473144531250e+01,2.470526885986328125e+01,1.701666641235351562e+01,6.000000000000000000e+00,3.304458534068174247e-01,6.608917068136348494e-01,3.619114017726131061e-01,6.333449531020729495e-01,8.529922399520072193e-06,1.537753629359922243e-05,4.688981604238582302e-11,1.000000000000000000e+00
1.000000000000000000e+00,6.017071914672851562e+01,2.470517539978027344e+01,2.278333282470703125e+01,6.000000000000000000e+00,0.000000000000000000e+00,0.000000000000000000e+00,3.304458534068174247e-01,6.608917068136348494e-01,0.000000000000000000e+00,8.529922399520072193e-06,7.275957614183427196e-11,1.000000000000000000e+00
1.000000000000000000e+00,6.017080307006835938e+01,2.470522880554199219e+01,2.278333282470703125e+01,6.000000000000000000e+00,6.106664373817749514e-01,3.886059146974931711e-01,0.000000000000000000e+00,0.000000000000000000e+00,9.947513435672987599e-05,0.000000000000000000e+00,9.895302355289460883e-09,1.000000000000000000e+00
1.000000000000000000e+00,6.017088317871093750e+01,2.470532226562500000e+01,2.278333282470703125e+01,6.000000000000000000e+00,4.612727035788857233e-01,5.381514875087000105e-01,6.106664373817749514e-01,3.886059146974931711e-01,1.230941986104015600e-04,9.947513435672987599e-05,5.578601962190715053e-10,1.000000000000000000e+00
1.000000000000000000e+00,6.017092132568359375e+01,2.470535087585449219e+01,2.278333282470703125e+01,6.000000000000000000e+00,5.705738713318490030e-01,4.279304034988867800e-01,4.612727035788857233e-01,5.381514875087000105e-01,4.768371582031250000e-05,1.230941986104015600e-04,5.686740914634318125e-09,1.000000000000000000e+00
1.000000000000000000e+00,6.017097854614257812e+01,2.470531845092773438e+01,2.278333282470703125e+01,6.000000000000000000e+00,6.375866403733870813e-01,-3.612990962115860127e-01,5.705738713318490030e-01,4.279304034988867800e-01,6.576896533800760745e-05,4.768371582031250000e-05,3.270762501172911250e-10,1.000000000000000000e+00
1.000000000000000000e+00,6.016980743408203125e+01,2.470766830444335938e+01,1.886666679382324219e+01,0.000000000000000000e+00,0.000000000000000000e+00,0.000000000000000000e+00,6.375866403733870813e-01,-3.612990962115860127e-01,0.000000000000000000e+00,6.576896533800760745e-05,4.325556801632045872e-09,1.000000000000000000e+00
1.000000000000000000e+00,6.016980743408203125e+01,2.470766830444335938e+01,1.886666679382324219e+01,0.000000000000000000e+00,0.000000000000000000e+00,0.000000000000000000e+00,0.000000000000000000e+00,0.000000000000000000e+00,0.000000000000000000e+00,0.000000000000000000e+00,0.000000000000000000e+00,1.000000000000000000e+00
1.000000000000000000e+00,6.016802978515625000e+01,2.470894622802734375e+01,1.888333320617675781e+01,0.000000000000000000e+00,-5.817537449121465976e-01,4.182135290677448380e-01,0.000000000000000000e+00,0.000000000000000000e+00,2.189320531542766641e-03,0.000000000000000000e+00,4.793124389834702015e-06,1.000000000000000000e+00
1.000000000000000000e+00,6.016802978515625000e+01,2.470894622802734375e+01,1.888333320617675781e+01,0.000000000000000000e+00,0.000000000000000000e+00,0.000000000000000000e+00,-5.817537449121465976e-01,4.182135290677448380e-01,0.000000000000000000e+00,2.189320531542766641e-03,4.793124389834702015e-06,1.000000000000000000e+00
1.000000000000000000e+00,6.016720962524414062e+01,2.471128463745117188e+01,1.888333320617675781e+01,0.000000000000000000e+00,-2.596536151404242321e-01,7.403147259585118878e-01,0.000000000000000000e+00,0.000000000000000000e+00,2.478067980278071854e-03,0.000000000000000000e+00,6.140820914879442108e-06,1.000000000000000000e+00
1.000000000000000000e+00,6.016720962524414062e+01,2.471128463745117188e+01,1.888333320617675781e+01,0.000000000000000000e+00,0.000000000000000000e+00,0.000000000000000000e+00,-2.596536151404242321e-01,7.403147259585118878e-01,0.000000000000000000e+00,2.478067980278071854e-03,6.140820914879442108e-06,1.000000000000000000e+00
1.000000000000000000e+00,6.016720962524414062e+01,2.471128463745117188e+01,1.888333320617675781e+01,0.000000000000000000e+00,0.000000000000000000e+00,0.000000000000000000e+00,0.000000000000000000e+00,0.000000000000000000e+00,0.000000000000000000e+00,0.000000000000000000e+00,0.000000000000000000e+00,1.000000000000000000e+00
1.000000000000000000e+00,6.016586303710937500e+01,2.471516609191894531e+01,1.888333320617675781e+01,0.000000000000000000e+00,-2.575653032324807801e-01,7.424155695157200752e-01,0.000000000000000000e+00,0.000000000000000000e+00,4.108404603990451799e-03,0.000000000000000000e+00,1.687898839008994062e-05,1.000000000000000000e+00
1.000000000000000000e+00,6.016586303710937500e+01,2.471516609191894531e+01,1.889999961853027344e+01,0.000000000000000000e+00,0.000000000000000000e+00,0.000000000000000000e+00,-2.575653032324807801e-01,7.424155695157200752e-01,0.000000000000000000e+00,4.108404603990451799e-03,1.687898839008994062e-05,1.000000000000000000e+00
1.000000000000000000e+00,6.016579437255859375e+01,2.471537017822265625e+01,1.889999961853027344e+01,0.000000000000000000e+00,-2.516559858646734149e-01,7.479775135422237486e-01,0.000000000000000000e+00,0.000000000000000000e+00,2.153277499450172671e-04,0.000000000000000000e+00,4.636603989638388157e-08,1.000000000000000000e+00
1.000000000000000000e+00,6.016515731811523438e+01,2.471871185302734375e+01,1.889999961853027344e+01,0.000000000000000000e+00,-1.601110285574812719e-01,8.398638384212789854e-01,-2.516559858646734149e-01,7.479775135422237486e-01,3.401856678945655316e-03,2.153277499450172671e-04,1.015396661535795382e-05,1.000000000000000000e+00
1.000000000000000000e+00,6.016494750976562500e+01,2.471904182434082031e+01,1.889999961853027344e+01,0.000000000000000000e+00,-3.886205833539203569e-01,6.111941901838929825e-01,-1.601110285574812719e-01,8.398638384212789854e-01,3.910250775631373679e-04,3.401856678945655316e-03,9.065106931883615962e-06,1.000000000000000000e+00
1.000000000000000000e+00,6.016494750976562500e+01,2.471904182434082031e+01,1.889999961853027344e+01,0.000000000000000000e+00,0.000000000000000000e+00,0.000000000000000000e+00,-3.886205833539203569e-01,6.111941901838929825e-01,0.000000000000000000e+00,3.910250775631373679e-04,1.529006112832576036e-07,1.000000000000000000e+00
1.000000000000000000e+00,6.016325759887695312e+01,2.472290039062500000e+01,1.889999961853027344e+01,0.000000000000000000e+00,-3.045665286842147990e-01,6.954154486773889143e-01,0.000000000000000000e+00,0.000000000000000000e+00,4.212402234006150034e-03,0.000000000000000000e+00,1.774433258106000383e-05,1.000000000000000000e+00
1.000000000000000000e+00,6.016312789916992188e+01,2.472286796569824219e+01,1.891666603088378906e+01,0.000000000000000000e+00,-7.995068566460502568e-01,-1.998767141615125642e-01,-3.045665286842147990e-01,6.954154486773889143e-01,1.336913979253773188e-04,4.212402234006150034e-03,1.663588208436271481e-05,1.000000000000000000e+00
1.000000000000000000e+00,6.016312789916992188e+01,2.472286796569824219e+01,1.891666603088378906e+01,0.000000000000000000e+00,0.000000000000000000e+00,0.000000000000000000e+00,-7.995068566460502568e-01,-1.998767141615125642e-01,0.000000000000000000e+00,1.336913979253773188e-04,1.787338987924158242e-08,1.000000000000000000e+00
1.000000000000000000e+00,6.016322708129882812e+01,2.472291183471679688e+01,1.891666603088378906e+01,0.000000000000000000e+00,6.928489967802348160e-01,3.064524408835653801e-01,0.000000000000000000e+00,0.000000000000000000e+00,1.084508436266288752e-04,0.000000000000000000e+00,1.176158548332750963e-08,1.000000000000000000e+00
1.000000000000000000e+00,6.016323471069335938e+01,2.472291755676269531e+01,1.891666603088378906e+01,0.000000000000000000e+00,5.671804868132804822e-01,4.253853651099603894e-01,6.928489967802348160e-01,3.064524408835653801e-01,9.536743164062500000e-06,1.084508436266288752e-04,9.783999270318673377e-09,1.000000000000000000e+00
1.000000000000000000e+00,6.016323471069335938e+01,2.472291755676269531e+01,1.891666603088378906e+01,0.000000000000000000e+00,0.000000000000000000e+00,0.000000000000000000e+00,5.671804868132804822e-01,4.253853651099603894e-01,0.000000000000000000e+00,9.536743164062500000e-06,9.094947017729282379e-11,1.000000000000000000e+00
1.000000000000000000e+00,6.016577148437500000e+01,2.472892570495605469e+01,1.891666603088378906e+01,0.000000000000000000e+00,2.968715257549443542e-01,7.031167715248681782e-01,0.000000000000000000e+00,0.000000000000000000e+00,6.521737914485068940e-03,0.000000000000000000e+00,4.253306542523205958e-05,1.000000000000000000e+00
1.000000000000000000e+00,6.016577148437500000e+01,2.472892570495605469e+01,1.893333244323730469e+01,0.000000000000000000e+00,0.000000000000000000e+00,0.000000000000000000e+00,2.968715257549443542e-01,7.031167715248681782e-01,0.000000000000000000e+00,6.521737914485068940e-03,4.253306542523205958e-05,1.000000000000000000e+00
1.000000000000000000e+00,6.016577529907226562e+01,2.472918510437011719e+01,1.893333244323730469e+01,0.000000000000000000e+00,1.448724964410042990e-02,9.851329757988293023e-01,0.000000000000000000e+00,0.000000000000000000e+00,2.594274617907608581e-04,0.000000000000000000e+00,6.730260793119668961e-08,1.000000000000000000e+00
1.000000000000000000e+00,6.016577529907226562e+01,2.472918510437011719e+01,1.893333244323730469e+01,0.000000000000000000e+00,0.000000000000000000e+00,0.000000000000000000e+00,1.448724964410042990e-02,9.851329757988293023e-01,0.000000000000000000e+00,2.594274617907608581e-04,6.730260793119668961e-08,1.000000000000000000e+00
1.000000000000000000e+00,6.016662979125976562e+01,2.473838996887207031e+01,1.893333244323730469e+01,0.000000000000000000e+00,8.494416884322346373e-02,9.150458902620456358e-01,0.000000000000000000e+00,0.000000000000000000e+00,9.244440891574529084e-03,0.000000000000000000e+00,8.545968739781527356e-05,1.000000000000000000e+00
1.000000000000000000e+00,6.016662979125976562e+01,2.473838996887207031e+01,1.893333244323730469e+01,0.000000000000000000e+00,0.000000000000000000e+00,0.000000000000000000e+00,8.494416884322346373e-02,9.150458902620456358e-01,0.000000000000000000e+00,9.244440891574529084e-03,8.545968739781527356e-05,1.000000000000000000e+00
1.000000000000000000e+00,6.016669082641601562e+01,2.473897933959960938e+01,1.893333244323730469e+01,0.000000000000000000e+00,9.382721628047822893e-02,9.060190572083679506e-01,0.000000000000000000e+00,0.000000000000000000e+00,5.925226955808408132e-04,0.000000000000000000e+00,3.510831447783857584e-07,1.000000000000000000e+00
1.000000000000000000e+00,6.016669082641601562e+01,2.473904609680175781e+01,1.895000076293945312e+01,0.000000000000000000e+00,0.000000000000000000e+00,9.985042748307357829e-01,9.382721628047822893e-02,9.060190572083679506e-01,6.675720214843750000e-05,5.925226955808408132e-04,2.764293540842185076e-07,1.000000000000000000e+00
1.000000000000000000e+00,6.016664123535156250e+01,2.473862838745117188e+01,1.895000076293945312e+01,0.000000000000000000e+00,-1.060997441540150882e-01,-8.936863065280502560e-01,0.000000000000000000e+00,9.985042748307357829e-01,4.206428119444330089e-04,6.675720214843750000e-05,1.252350248206835824e-07,1.000000000000000000e+00
1.000000000000000000e+00,6.016664123535156250e+01,2.473862838745117188e+01,1.895000076293945312e+01,0.000000000000000000e+00,0.000000000000000000e+00,0.000000000000000000e+00,-1.060997441540150882e-01,-8.936863065280502560e-01,0.000000000000000000e+00,4.206428119444330089e-04,1.769403752405196428e-07,1.000000000000000000e+00
1.000000000000000000e+00,6.016472244262695312e+01,2.473761749267578125e+01,1.895000076293945312e+01,0.000000000000000000e+00,-6.549255618741547380e-01,-3.450403059575566922e-01,0.000000000000000000e+00,0.000000000000000000e+00,2.168795464520785823e-03,0.000000000000000000e+00,4.703673766925930977e-06,1.000000000000000000e+00
1.000000000000000000e+00,6.016741180419921875e+01,2.473594474792480469e+01,1.895000076293945312e+01,0.000000000000000000e+00,6.165140694827957457e-01,-3.834630063378807185e-01,-6.549255618741547380e-01,-3.450403059575566922e-01,3.167134456934008260e-03,2.168795464520785823e-03,9.966807437726482579e-07,1.000000000000000000e+00
1.000000000000000000e+00,6.016741180419921875e+01,2.473594474792480469e+01,1.895000076293945312e+01,0.000000000000000000e+00,0.000000000000000000e+00,0.000000000000000000e+00,6.165140694827957457e-01,-3.834630063378807185e-01,0.000000000000000000e+00,3.167134456934008260e-03,1.003074066829867492e-05,1.000000000000000000e+00
1.000000000000000000e+00,6.016752243041992188e+01,2.473632431030273438e+01,1.896666717529296875e+01,0.000000000000000000e+00,2.256349036294342247e-01,7.741611348665071723e-01,0.000000000000000000e+00,0.000000000000000000e+00,3.953552319708131214e-04,0.000000000000000000e+00,1.563057594466954470e-07,1.000000000000000000e+00
1.000000000000000000e+00,6.016760635375976562e+01,2.473648643493652344e+01,1.896666717529296875e+01,0.000000000000000000e+00,3.409467021204950488e-01,6.586470381873200663e-01,2.256349036294342247e-01,7.741611348665071723e-01,1.825582752212760631e-04,3.953552319708131214e-04,4.528254480186434240e-08,1.000000000000000000e+00
1.000000000000000000e+00,6.016783905029296875e+01,2.473673439025878906e+01,1.896666717529296875e+01,0.000000000000000000e+00,4.840262820748506001e-01,5.157657104076277532e-01,3.409467021204950488e-01,6.586470381873200663e-01,3.400434066477440120e-04,1.825582752212760631e-04,2.480156662041188284e-08,1.000000000000000000e+00
1.000000000000000000e+00,6.016783905029296875e+01,2.473673439025878906e+01,1.896666717529296875e+01,0.000000000000000000e+00,0.000000000000000000e+00,0.000000000000000000e+00,4.840262820748506001e-01,5.157657104076277532e-01,0.000000000000000000e+00,3.400434066477440120e-04,1.156295184046029912e-07,1.000000000000000000e+00
1.000000000000000000e+00,6.016921234130859375e+01,2.473715209960937500e+01,1.896666717529296875e+01,0.000000000000000000e+00,7.667303527664333096e-01,2.332138156331234613e-01,0.000000000000000000e+00,0.000000000000000000e+00,1.435412594052061942e-03,0.000000000000000000e+00,2.060409315163269639e-06,1.000000000000000000e+00
1.000000000000000000e+00,6.016921234130859375e+01,2.473715209960937500e+01,1.896666717529296875e+01,0.000000000000000000e+00,0.000000000000000000e+00,0.000000000000000000e+00,7.667303527664333096e-01,2.332138156331234613e-01,0.000000000000000000e+00,1.435412594052061942e-03,2.060409315163269639e-06,1.000000000000000000e+00
1.000000000000000000e+00,6.016921234130859375e+01,2.473715209960937500e+01,1.898333358764648438e+01,0.000000000000000000e+00,0.000000000000000000e+00,0.000000000000000000e+00,0.000000000000000000e+00,0.000000000000000000e+00,0.000000000000000000e+00,0.000000000000000000e+00,0.000000000000000000e+00,1.000000000000000000e+00
1.000000000000000000e+00,6.016944503784179688e+01,2.473783493041992188e+01,1.898333358764648438e+01,0.000000000000000000e+00,2.541389079208841717e-01,7.457518773416109692e-01,0.000000000000000000e+00,0.000000000000000000e+00,7.213914280034490261e-04,0.000000000000000000e+00,5.204055923968553543e-07,1.000000000000000000e+00
1.000000000000000000e+00,6.016925430297851562e+01,2.473760414123535156e+01,1.898333358764648438e+01,0.000000000000000000e+00,-4.523813673654600298e-01,-5.473814545122066555e-01,2.541389079208841717e-01,7.457518773416109692e-01,2.994051365383481570e-04,7.213914280034490261e-04,1.780724301844690648e-07,1.000000000000000000e+00
1.000000000000000000e+00,6.016925430297851562e+01,2.473760414123535156e+01,1.898333358764648438e+01,0.000000000000000000e+00,0.000000000000000000e+00,0.000000000000000000e+00,-4.523813673654600298e-01,-5.473814545122066555e-01,0.000000000000000000e+00,2.994051365383481570e-04,8.964343578554689884e-08,1.000000000000000000e+00
1.000000000000000000e+00,6.016812133789062500e+01,2.473747634887695312e+01,1.898333358764648438e+01,0.000000000000000000e+00,-8.985671546177972369e-01,-1.013535342750714052e-01,0.000000000000000000e+00,0.000000000000000000e+00,1.140149453906831633e-03,0.000000000000000000e+00,1.299940777244046330e-06,1.000000000000000000e+00
1.000000000000000000e+00,6.016810989379882812e+01,2.473745155334472656e+01,1.898333358764648438e+01,0.000000000000000000e+00,-3.149204788000572464e-01,-6.823277040667906634e-01,-8.985671546177972369e-01,-1.013535342750714052e-01,2.730907642989416771e-05,1.140149453906831633e-03,1.238413705743012566e-06,1.000000000000000000e+00
1.000000000000000000e+00,6.016752243041992188e+01,2.473572158813476562e+01,1.900000000000000000e+01,0.000000000000000000e+00,-2.534870040992259210e-01,-7.464698464870062056e-01,-3.149204788000572464e-01,-6.823277040667906634e-01,1.826990106495144425e-03,2.730907642989416771e-05,3.238851809976720063e-06,1.000000000000000000e+00
1.000000000000000000e+00,6.016742706298828125e+01,2.473576736450195312e+01,1.900000000000000000e+01,0.000000000000000000e+00,-6.751973002133321300e-01,3.240947041023993780e-01,-2.534870040992259210e-01,-7.464698464870062056e-01,1.057847947987521921e-04,1.826990106495144425e-03,2.962547725011874364e-06,1.000000000000000000e+00
1.000000000000000000e+00,6.016742706298828125e+01,2.473576736450195312e+01,1.900000000000000000e+01,0.000000000000000000e+00,0.000000000000000000e+00,0.000000000000000000e+00,-6.751973002133321300e-01,3.240947041023993780e-01,0.000000000000000000e+00,1.057847947987521921e-04,1.119042281061410904e-08,1.000000000000000000e+00
1.000000000000000000e+00,6.016666412353515625e+01,2.473863983154296875e+01,1.900000000000000000e+01,0.000000000000000000e+00,-2.098578160579923912e-01,7.901146774583412968e-01,0.000000000000000000e+00,0.000000000000000000e+00,2.972060482368374303e-03,0.000000000000000000e+00,8.833143510855734348e-06,1.000000000000000000e+00
1.000000000000000000e+00,6.016666412353515625e+01,2.473863983154296875e+01,1.900000000000000000e+01,0.000000000000000000e+00,0.000000000000000000e+00,0.000000000000000000e+00,-2.098578160579923912e-01,7.901146774583412968e-01,0.000000000000000000e+00,2.972060482368374303e-03,8.833143510855734348e-06,1.000000000000000000e+00
1.000000000000000000e+00,6.016666412353515625e+01,2.473866081237792969e+01,1.900000000000000000e+01,0.000000000000000000e+00,0.000000000000000000e+00,9.952563548746860000e-01,0.000000000000000000e+00,0.000000000000000000e+00,2.098083496093750000e-05,0.000000000000000000e+00,4.401954356580972672e-10,1.000000000000000000e+00
1.000000000000000000e+00,6.016666412353515625e+01,2.473866081237792969e+01,1.901666641235351562e+01,0.000000000000000000e+00,0.000000000000000000e+00,0.000000000000000000e+00,0.000000000000000000e+00,9.952563548746860000e-01,0.000000000000000000e+00,2.098083496093750000e-05,4.401954356580972672e-10,1.000000000000000000e+00
1.000000000000000000e+00,6.016657257080078125e+01,2.473791885375976562e+01,1.901666641235351562e+01,0.000000000000000000e+00,-1.098266405515511551e-01,-8.900533994698625051e-01,0.000000000000000000e+00,0.000000000000000000e+00,7.475857771784214911e-04,0.000000000000000000e+00,5.588844942394645081e-07,1.000000000000000000e+00
1.000000000000000000e+00,6.016657257080078125e+01,2.473791885375976562e+01,1.901666641235351562e+01,0.000000000000000000e+00,0.000000000000000000e+00,0.000000000000000000e+00,-1.098266405515511551e-01,-8.900533994698625051e-01,0.000000000000000000e+00,7.475857771784214911e-04,5.588844942394645081e-07,1.000000000000000000e+00
1.000000000000000000e+00,6.016657257080078125e+01,2.473791694641113281e+01,1.901666641235351562e+01,0.000000000000000000e+00,0.000000000000000000e+00,-9.501830432614539745e-01,0.000000000000000000e+00,0.000000000000000000e+00,1.907348632812500000e-06,0.000000000000000000e+00,3.637978807091712952e-12,1.000000000000000000e+00
1.000000000000000000e+00,6.016657257080078125e+01,2.473791694641113281e+01,1.901666641235351562e+01,0.000000000000000000e+00,0.000000000000000000e+00,0.000000000000000000e+00,0.000000000000000000e+00,-9.501830432614539745e-01,0.000000000000000000e+00,1.907348632812500000e-06,3.637978807091712952e-12,1.000000000000000000e+00
1.000000000000000000e+00,6.016657257080078125e+01,2.473791694641113281e+01,1.901666641235351562e+01,0.000000000000000000e+00,0.000000000000000000e+00,0.000000000000000000e+00,0.000000000000000000e+00,0.000000000000000000e+00,0.000000000000000000e+00,0.000000000000000000e+00,0.000000000000000000e+00,1.000000000000000000e+00
1.000000000000000000e+00,6.016582489013671875e+01,2.472990608215332031e+01,1.903333282470703125e+01,0.000000000000000000e+00,-8.536487901172284953e-02,-9.146237036970304990e-01,0.000000000000000000e+00,0.000000000000000000e+00,8.045680364798912798e-03,0.000000000000000000e+00,6.473297253251077100e-05,1.000000000000000000e+00
1.000000000000000000e+00,6.016575241088867188e+01,2.473017120361328125e+01,1.903333282470703125e+01,0.000000000000000000e+00,-2.146256917092345395e-01,7.850781880943052959e-01,-8.536487901172284953e-02,-9.146237036970304990e-01,2.748501954324562824e-04,8.045680364798912798e-03,6.038580152113591948e-05,1.000000000000000000e+00
1.000000000000000000e+00,6.016578292846679688e+01,2.473004722595214844e+01,1.903333282470703125e+01,0.000000000000000000e+00,1.974030912692402717e-01,-8.019500582812886247e-01,-2.146256917092345395e-01,7.850781880943052959e-01,1.276784360594143729e-04,2.748501954324562824e-04,2.165952675695654983e-08,1.000000000000000000e+00
1.000000000000000000e+00,6.016578674316406250e+01,2.473002052307128906e+01,1.903333282470703125e+01,0.000000000000000000e+00,1.245917377935979314e-01,-8.721421645551854507e-01,1.974030912692402717e-01,-8.019500582812886247e-01,2.697398304697218134e-05,1.276784360594143729e-04,1.014138685653517651e-08,1.000000000000000000e+00
1.000000000000000000e+00,6.016399002075195312e+01,2.472449493408203125e+01,1.903333282470703125e+01,0.000000000000000000e+00,-2.453730490714990387e-01,-7.546132942251939646e-01,1.245917377935979314e-01,-8.721421645551854507e-01,5.810365315914594458e-03,2.697398304697218134e-05,3.344761530908832870e-05,1.000000000000000000e+00
1.000000000000000000e+00,6.016399002075195312e+01,2.472449493408203125e+01,1.903333282470703125e+01,0.000000000000000000e+00,0.000000000000000000e+00,0.000000000000000000e+00,-2.453730490714990387e-01,-7.546132942251939646e-01,0.000000000000000000e+00,5.810365315914594458e-03,3.376034510438330472e-05,1.000000000000000000e+00
1.000000000000000000e+00,6.016419982910156250e+01,2.472522926330566406e+01,1.904999923706054688e+01,0.000000000000000000e+00,2.221986876554437607e-01,7.776954067940531345e-01,0.000000000000000000e+00,0.000000000000000000e+00,7.637139204224176019e-04,0.000000000000000000e+00,5.832589522469787731e-07,1.000000000000000000e+00
1.000000000000000000e+00,6.016318893432617188e+01,2.472264289855957031e+01,1.904999923706054688e+01,0.000000000000000000e+00,-2.810102157855772220e-01,-7.189619860476277324e-01,2.221986876554437607e-01,7.776954067940531345e-01,2.776903103593758842e-03,7.637139204224176019e-04,4.052930687238092299e-06,1.000000000000000000e+00
1.000000000000000000e+00,6.016322708129882812e+01,2.472277641296386719e+01,1.904999923706054688e+01,0.000000000000000000e+00,2.220928437634765995e-01,7.773249531721680983e-01,-2.810102157855772220e-01,-7.189619860476277324e-01,1.388570764404395788e-04,2.776903103593758842e-03,6.959286841379411922e-06,1.000000000000000000e+00
1.000000000000000000e+00,6.016322708129882812e+01,2.472277641296386719e+01,1.904999923706054688e+01,0.000000000000000000e+00,0.000000000000000000e+00,0.000000000000000000e+00,2.220928437634765995e-01,7.773249531721680983e-01,0.000000000000000000e+00,1.388570764404395788e-04,1.928128767758608195e-08,1.000000000000000000e+00
1.000000000000000000e+00,6.016476058959960938e+01,2.471933746337890625e+01,1.904999923706054688e+01,0.000000000000000000e+00,3.083942582505228014e-01,-6.915856313752396511e-01,0.000000000000000000e+00,0.000000000000000000e+00,3.765371423441252110e-03,0.000000000000000000e+00,1.417802195646800101e-05,1.000000000000000000e+00
1.000000000000000000e+00,6.016485214233398438e+01,2.471925926208496094e+01,1.904999923706054688e+01,0.000000000000000000e+00,5.390083195574785213e-01,-4.604029396220128412e-01,3.083942582505228014e-01,-6.915856313752396511e-01,1.204049232642107379e-04,3.765371423441252110e-03,1.328578078741286906e-05,1.000000000000000000e+00
1.000000000000000000e+00,6.016491317749023438e+01,2.471911621093750000e+01,1.906666755676269531e+01,0.000000000000000000e+00,2.989189536258330948e-01,-7.005912975605462778e-01,5.390083195574785213e-01,-4.604029396220128412e-01,1.555278788139052501e-04,1.204049232642107379e-04,1.233622006545816583e-09,1.000000000000000000e+00
1.000000000000000000e+00,6.016491317749023438e+01,2.471911621093750000e+01,1.906666755676269531e+01,0.000000000000000000e+00,0.000000000000000000e+00,0.000000000000000000e+00,2.989189536258330948e-01,-7.005912975605462778e-01,0.000000000000000000e+00,1.555278788139052501e-04,2.418892108835279611e-08,1.000000000000000000e+00
1.000000000000000000e+00,6.016591644287109375e+01,2.471513175964355469e+01,1.906666755676269531e+01,0.000000000000000000e+00,2.011431947623978644e-01,-7.988367563852645237e-01,0.000000000000000000e+00,0.000000000000000000e+00,4.108818995557407538e-03,0.000000000000000000e+00,1.688239353825338185e-05,1.000000000000000000e+00
1.000000000000000000e+00,6.016588211059570312e+01,2.471504974365234375e+01,1.906666755676269531e+01,0.000000000000000000e+00,-2.948285654443938975e-01,-7.043126841171631902e-01,2.011431947623978644e-01,-7.988367563852645237e-01,8.891191116948444367e-05,4.108818995557407538e-03,1.615965296711221642e-05,1.000000000000000000e+00
1.000000000000000000e+00,6.016683578491210938e+01,2.471312141418457031e+01,1.906666755676269531e+01,0.000000000000000000e+00,3.308952028865565498e-01,-6.690701002366172823e-01,-2.948285654443938975e-01,-7.043126841171631902e-01,2.151266891405228913e-03,8.891191116948444367e-05,4.253308064503177413e-06,1.000000000000000000e+00
1.000000000000000000e+00,6.016683578491210938e+01,2.471312141418457031e+01,1.906666755676269531e+01,0.000000000000000000e+00,0.000000000000000000e+00,0.000000000000000000e+00,3.308952028865565498e-01,-6.690701002366172823e-01,0.000000000000000000e+00,2.151266891405228913e-03,4.627949238056316972e-06,1.000000000000000000e+00
1.000000000000000000e+00,6.016683578491210938e+01,2.471312141418457031e+01,1.908333396911621094e+01,0.000000000000000000e+00,0.000000000000000000e+00,0.000000000000000000e+00,0.000000000000000000e+00,0.000000000000000000e+00,0.000000000000000000e+00,0.000000000000000000e+00,0.000000000000000000e+00,1.000000000000000000e+00
1.000000000000000000e+00,6.016804885864257812e+01,2.470889282226562500e+01,1.908333396911621094e+01,0.000000000000000000e+00,2.229191421720570776e-01,-7.770624814393876090e-01,0.000000000000000000e+00,0.000000000000000000e+00,4.399151906052230221e-03,0.000000000000000000e+00,1.935253749252296984e-05,1.000000000000000000e+00
1.000000000000000000e+00,6.016804885864257812e+01,2.470889282226562500e+01,1.908333396911621094e+01,0.000000000000000000e+00,0.000000000000000000e+00,0.000000000000000000e+00,2.229191421720570776e-01,-7.770624814393876090e-01,0.000000000000000000e+00,4.399151906052230221e-03,1.935253749252296984e-05,1.000000000000000000e+00
1.000000000000000000e+00,6.016955184936523438e+01,2.470740890502929688e+01,1.908333396911621094e+01,0.000000000000000000e+00,5.031760019706436049e-01,-4.967905197121329497e-01,0.000000000000000000e+00,0.000000000000000000e+00,2.112105934053132988e-03,0.000000000000000000e+00,4.460991476662456989e-06,1.000000000000000000e+00
1.000000000000000000e+00,6.016974639892578125e+01,2.470772171020507812e+01,1.908333396911621094e+01,0.000000000000000000e+00,3.833830815229152811e-01,6.164198565662559748e-01,5.031760019706436049e-01,-4.967905197121329497e-01,3.683702071347802194e-04,2.112105934053132988e-03,3.040614285331475961e-06,1.000000000000000000e+00
1.000000000000000000e+00,6.016977310180664062e+01,2.470774269104003906e+01,1.908333396911621094e+01,0.000000000000000000e+00,5.588280526317671582e-01,4.390791842106742116e-01,3.833830815229152811e-01,6.164198565662559748e-01,3.395937693551036313e-05,3.683702071347802194e-04,1.118306033545648879e-07,1.000000000000000000e+00
1.000000000000000000e+00,6.017079544067382812e+01,2.470751953125000000e+01,1.910000038146972656e+01,0.000000000000000000e+00,8.207610543381842483e-01,-1.791586629805364816e-01,5.588280526317671582e-01,4.390791842106742116e-01,1.046411511429657000e-03,3.395937693551036313e-05,1.025059324641753432e-06,1.000000000000000000e+00
1.000000000000000000e+00,6.017079544067382812e+01,2.470751953125000000e+01,1.910000038146972656e+01,0.000000000000000000e+00,0.000000000000000000e+00,0.000000000000000000e+00,8.207610543381842483e-01,-1.791586629805364816e-01,0.000000000000000000e+00,1.046411511429657000e-03,1.094977051252499223e-06,1.000000000000000000e+00
1.000000000000000000e+00,6.017050552368164062e+01,2.470577049255371094e+01,1.910000038146972656e+01,0.000000000000000000e+00,-1.421819883713452692e-01,-8.577689693192342979e-01,0.000000000000000000e+00,0.000000000000000000e+00,1.772903895724635892e-03,0.000000000000000000e+00,3.143188223475590772e-06,1.000000000000000000e+00
1.000000000000000000e+00,6.017050552368164062e+01,2.470577049255371094e+01,1.910000038146972656e+01,0.000000000000000000e+00,0.000000000000000000e+00,0.000000000000000000e+00,-1.421819883713452692e-01,-8.577689693192342979e-01,0.000000000000000000e+00,1.772903895724635892e-03,3.143188223475590772e-06,1.000000000000000000e+00
1.000000000000000000e+00,6.017067718505859375e+01,2.470557594299316406e+01,1.910000038146972656e+01,0.000000000000000000e+00,4.686220349429915388e-01,-5.311049729353903848e-01,0.000000000000000000e+00,0.000000000000000000e+00,2.594555064869987870e-04,0.000000000000000000e+00,6.731715984642506969e-08,1.000000000000000000e+00
1.000000000000000000e+00,6.017067718505859375e+01,2.470557594299316406e+01,1.910000038146972656e+01,0.000000000000000000e+00,0.000000000000000000e+00,0.000000000000000000e+00,4.686220349429915388e-01,-5.311049729353903848e-01,0.000000000000000000e+00,2.594555064869987870e-04,6.731715984642506969e-08,1.000000000000000000e+00
1.000000000000000000e+00,6.017103195190429688e+01,2.470525169372558594e+01,1.911666679382324219e+01,0.000000000000000000e+00,5.223949760064100500e-01,-4.774577737692994872e-01,0.000000000000000000e+00,0.000000000000000000e+00,4.806215791400708930e-04,0.000000000000000000e+00,2.309971023350954320e-07,1.000000000000000000e+00
1.000000000000000000e+00,6.017101287841796875e+01,2.470524406433105469e+01,1.911666679382324219e+01,0.000000000000000000e+00,-7.116207555522359174e-01,-2.846483022208943781e-01,5.223949760064100500e-01,-4.774577737692994872e-01,2.054277346471597191e-05,4.806215791400708930e-04,2.116725074316610170e-07,1.000000000000000000e+00
1.000000000000000000e+00,6.017100143432617188e+01,2.470526313781738281e+01,1.911666679382324219e+01,0.000000000000000000e+00,-3.737752133807937804e-01,6.229586889679896711e-01,-7.116207555522359174e-01,-2.846483022208943781e-01,2.224331624925728127e-05,2.054277346471597191e-05,2.891845762055509993e-12,1.000000000000000000e+00
1.000000000000000000e+00,6.017098999023437500e+01,2.470529174804687500e+01,1.911666679382324219e+01,0.000000000000000000e+00,-2.850027451464412498e-01,7.125068628661030967e-01,-3.737752133807937804e-01,6.229586889679896711e-01,3.081416019707395617e-05,2.224331624925728127e-05,7.345936597782572403e-11,1.000000000000000000e+00
1.000000000000000000e+00,6.017098617553710938e+01,2.470529365539550781e+01,1.911666679382324219e+01,0.000000000000000000e+00,-6.552159382063228454e-01,3.276079691031614227e-01,-2.850027451464412498e-01,7.125068628661030967e-01,4.264961199760036097e-06,3.081416019707395617e-05,7.048599673989744609e-10,1.000000000000000000e+00
1.000000000000000000e+00,6.017098236083984375e+01,2.470529937744140625e+01,1.911666679382324219e+01,0.000000000000000000e+00,-3.958492200820326046e-01,5.937738301230488513e-01,-6.552159382063228454e-01,3.276079691031614227e-01,6.877043295791605234e-06,4.264961199760036097e-06,6.822972876408675659e-12,1.000000000000000000e+00
1.000000000000000000e+00,6.017098236083984375e+01,2.470530128479003906e+01,1.913333320617675781e+01,0.000000000000000000e+00,0.000000000000000000e+00,9.501830432614539745e-01,-3.958492200820326046e-01,5.937738301230488513e-01,1.907348632812500000e-06,6.877043295791605234e-06,2.469786504324300354e-11,1.000000000000000000e+00
1.000000000000000000e+00,6.017097854614257812e+01,2.470530891418457031e+01,1.913333320617675781e+01,0.000000000000000000e+00,-3.304458534068174247e-01,6.608917068136348494e-01,0.000000000000000000e+00,9.501830432614539745e-01,8.529922399520072193e-06,1.907348632812500000e-06,4.385848329548332024e-11,1.000000000000000000e+00
1.000000000000000000e+00,6.017097854614257812e+01,2.470530509948730469e+01,1.913333320617675781e+01,0.000000000000000000e+00,0.000000000000000000e+00,-9.744552405423272390e-01,-3.304458534068174247e-01,6.608917068136348494e-01,3.814697265625000000e-06,8.529922399520072193e-06,2.223334806331580089e-11,1.000000000000000000e+00
1.000000000000000000e+00,6.017097854614257812e+01,2.470530891418457031e+01,1.913333320617675781e+01,0.000000000000000000e+00,0.000000000000000000e+00,9.744552405423272390e-01,0.000000000000000000e+00,-9.744552405423272390e-01,3.814697265625000000e-06,3.814697265625000000e-06,0.000000000000000000e+00,1.000000000000000000e+00
1.000000000000000000e+00,6.018685531616210938e+01,2.482172012329101562e+01,1.464999961853027344e+01,1.000000000000000000e+00,0.000000000000000000e+00,0.000000000000000000e+00,0.000000000000000000e+00,9.744552405423272390e-01,0.000000000000000000e+00,3.814697265625000000e-06,1.455191522836685181e-11,0.000000000000000000e+00
1.000000000000000000e+00,6.018685531616210938e+01,2.482175827026367188e+01,1.466666698455810547e+01,1.000000000000000000e+00,0.000000000000000000e+00,9.973854139803751684e-01,0.000000000000000000e+00,0.000000000000000000e+00,3.814697265625000000e-05,0.000000000000000000e+00,1.455191522836685181e-09,0.000000000000000000e+00
1.000000000000000000e+00,6.018685913085937500e+01,2.482181358337402344e+01,1.466666698455810547e+01,1.000000000000000000e+00,6.440720025095106327e-02,9.339044036387903480e-01,0.000000000000000000e+00,9.973854139803751684e-01,5.544449559688046926e-05,3.814697265625000000e-05,2.992042998816373679e-10,0.000000000000000000e+00
1.000000000000000000e+00,6.018685913085937500e+01,2.482185173034667969e+01,1.466666698455810547e+01,1.000000000000000000e+00,0.000000000000000000e+00,9.973854139803751684e-01,6.440720025095106327e-02,9.339044036387903480e-01,3.814697265625000000e-05,5.544449559688046926e-05,2.992042998816373679e-10,0.000000000000000000e+00
1.000000000000000000e+00,6.018686676025390625e+01,2.482186126708984375e+01,1.466666698455810547e+01,1.000000000000000000e+00,4.418703630124105608e-01,5.523379537655132010e-01,0.000000000000000000e+00,9.973854139803751684e-01,1.221299025999612528e-05,3.814697265625000000e-05,6.725714429292058731e-10,0.000000000000000000e+00
1.000000000000000000e+00,6.018687057495117188e+01,2.482186317443847656e+01,1.466666698455810547e+01,1.000000000000000000e+00,6.552159382063228454e-01,3.276079691031614227e-01,4.418703630124105608e-01,5.523379537655132010e-01,4.264961199760036097e-06,1.221299025999612528e-05,6.317116594235737721e-11,0.000000000000000000e+00
1.000000000000000000e+00,6.018687057495117188e+01,2.482187843322753906e+01,1.466666698455810547e+01,1.000000000000000000e+00,0.000000000000000000e+00,9.934890700306472366e-01,6.552159382063228454e-01,3.276079691031614227e-01,1.525878906250000000e-05,4.264961199760036097e-06,1.208642510755575608e-10,0.000000000000000000e+00
1.000000000000000000e+00,6.018687057495117188e+01,2.482191467285156250e+01,1.468333339691162109e+01,1.000000000000000000e+00,0.000000000000000000e+00,9.972481828668479098e-01,0.000000000000000000e+00,9.934890700306472366e-01,3.623962402343750000e-05,1.525878906250000000e-05,4.401954356580972672e-10,0.000000000000000000e+00
1.000000000000000000e+00,6.018687057495117188e+01,2.482187271118164062e+01,1.468333339691162109e+01,1.000000000000000000e+00,0.000000000000000000e+00,-9.976225385205641505e-01,0.000000000000000000e+00,9.972481828668479098e-01,4.196166992187500000e-05,3.623962402343750000e-05,3.274180926382541656e-11,0.000000000000000000e+00
1.000000000000000000e+00,6.018703079223632812e+01,2.481592750549316406e+01,1.488333320617675781e+01,1.000000000000000000e+00,0.000000000000000000e+00,0.000000000000000000e+00,0.000000000000000000e+00,-9.976225385205641505e-01,0.000000000000000000e+00,4.196166992187500000e-05,1.760781742632389069e-09,0.000000000000000000e+00
1.000000000000000000e+00,6.018712997436523438e+01,2.481263732910156250e+01,1.488333320617675781e+01,1.000000000000000000e+00,2.926193912866956182e-02,-9.707085576337499688e-01,0.000000000000000000e+00,0.000000000000000000e+00,3.291670971185706954e-03,0.000000000000000000e+00,1.083509778254665604e-05,0.000000000000000000e+00
1.000000000000000000e+00,6.018649291992187500e+01,2.481225776672363281e+01,1.489999961853027344e+01,1.000000000000000000e+00,-6.265800171887332404e-01,-3.733216270076584187e-01,2.926193912866956182e-02,-9.707085576337499688e-01,7.415564459591475260e-04,3.291670971185706954e-03,6.503084091771479765e-06,0.000000000000000000e+00
1.000000000000000000e+00,6.018639373779296875e+01,2.481211853027343750e+01,1.489999961853027344e+01,1.000000000000000000e+00,-4.158255901064114024e-01,-5.837551553416929773e-01,-6.265800171887332404e-01,-3.733216270076584187e-01,1.709499451809439212e-04,7.415564459591475260e-04,3.255917787303460956e-07,0.000000000000000000e+00
1.000000000000000000e+00,6.018616867065429688e+01,2.481098937988281250e+01,1.489999961853027344e+01,1.000000000000000000e+00,-1.661849114429787833e-01,-8.337412506291816960e-01,-4.158255901064114024e-01,-5.837551553416929773e-01,1.151362593433769314e-03,1.709499451809439212e-04,9.612089608541184856e-07,0.000000000000000000e+00
1.000000000000000000e+00,6.018595504760742188e+01,2.481043434143066406e+01,1.489999961853027344e+01,1.000000000000000000e+00,-2.778794816680683066e-01,-7.219904389768561082e-01,-1.661849114429787833e-01,-8.337412506291816960e-01,5.947289210383935451e-04,1.151362593433769314e-03,3.098410452443624997e-07,0.000000000000000000e+00
1.000000000000000000e+00,6.018603897094726562e+01,2.481040954589843750e+01,1.489999961853027344e+01,1.000000000000000000e+00,7.712204532824376013e-01,-2.278605884698111095e-01,-2.778794816680683066e-01,-7.219904389768561082e-01,8.750968740047043964e-05,5.947289210383935451e-04,2.572713509722419932e-07,0.000000000000000000e+00
1.000000000000000000e+00,6.018603515625000000e+01,2.481048393249511719e+01,1.489999961853027344e+01,1.000000000000000000e+00,-4.871818936082047274e-02,9.500046925359991734e-01,7.712204532824376013e-01,-2.278605884698111095e-01,7.448434520632413842e-05,8.750968740047043964e-05,1.696595392746079732e-10,0.000000000000000000e+00
1.000000000000000000e+00,6.018603897094726562e+01,2.481044197082519531e+01,1.491666698455810547e+01,1.000000000000000000e+00,8.315168570418966787e-02,-9.146685427460863327e-01,-4.871818936082047274e-02,9.500046925359991734e-01,4.213470847010521375e-05,7.448434520632413842e-05,1.046498996965324913e-09,0.000000000000000000e+00
1.000000000000000000e+00,6.018597412109375000e+01,2.481036376953125000e+01,1.491666698455810547e+01,1.000000000000000000e+00,-4.530166517409227600e-01,-5.462847859228774361e-01,8.315168570418966787e-02,-9.146685427460863327e-01,1.015920561644422502e-04,4.213470847010521375e-05,3.535176194845285683e-09,0.000000000000000000e+00
1.000000000000000000e+00,6.018597793579101562e+01,2.481028366088867188e+01,1.491666698455810547e+01,1.000000000000000000e+00,4.540044793171540277e-02,-9.534094065660234651e-01,-4.530166517409227600e-01,-5.462847859228774361e-01,8.019941727305846836e-05,1.015920561644422502e-04,4.576449987371459180e-10,0.000000000000000000e+00
1.000000000000000000e+00,6.018604278564453125e+01,2.481029129028320312e+01,1.491666698455810547e+01,1.000000000000000000e+00,8.935040698374553392e-01,1.051181258632300497e-01,4.540044793171540277e-02,-9.534094065660234651e-01,6.529709918450809516e-05,8.019941727305846836e-05,2.220790844123356397e-10,0.000000000000000000e+00
1.000000000000000000e+00,6.018575668334960938e+01,2.480953407287597656e+01,1.491666698455810547e+01,1.000000000000000000e+00,-2.741967535525545174e-01,-7.257074077357610342e-01,8.935040698374553392e-01,1.051181258632300497e-01,8.094644680073865076e-04,6.529709918450809516e-05,5.537850728207658751e-07,0.000000000000000000e+00
1.000000000000000000e+00,6.018503189086914062e+01,2.480733871459960938e+01,1.491666698455810547e+01,1.000000000000000000e+00,-2.481952889737645274e-01,-7.517704673915867053e-01,-2.741967535525545174e-01,-7.257074077357610342e-01,2.311908757143748411e-03,8.094644680073865076e-04,2.257338841958467907e-06,0.000000000000000000e+00
1.000000000000000000e+00,6.018471145629882812e+01,2.480507087707519531e+01,1.493333339691162109e+01,1.000000000000000000e+00,-1.237977225010807314e-01,-8.761636431772915623e-01,-2.481952889737645274e-01,-7.517704673915867053e-01,2.290363584890368464e-03,2.311908757143748411e-03,4.641944474278131245e-10,0.000000000000000000e+00
1.000000000000000000e+00,6.018466949462890625e+01,2.480465126037597656e+01,1.493333339691162109e+01,1.000000000000000000e+00,-9.088939990838877658e-02,-9.088939990838876826e-01,-1.237977225010807314e-01,-8.761636431772915623e-01,4.217095635693732811e-04,2.290363584890368464e-03,3.491867851399126934e-06,0.000000000000000000e+00
1.000000000000000000e+00,6.018457794189453125e+01,2.480228614807128906e+01,1.493333339691162109e+01,1.000000000000000000e+00,-3.726556382857697941e-02,-9.626937322382386197e-01,-9.088939990838877658e-02,-9.088939990838876826e-01,2.366883629787437660e-03,4.217095635693732811e-04,3.783702147887319250e-06,0.000000000000000000e+00
1.000000000000000000e+00,6.018424606323242188e+01,2.480040931701660156e+01,1.493333339691162109e+01,1.000000000000000000e+00,-1.502522646408183116e-01,-8.497024621066966432e-01,-3.726556382857697941e-02,-9.626937322382386197e-01,1.905948124740781697e-03,2.366883629787437660e-03,2.124615398126158104e-07,0.000000000000000000e+00
1.000000000000000000e+00,6.018405151367187500e+01,2.479977035522460938e+01,1.493333339691162109e+01,1.000000000000000000e+00,-2.333816111720461994e-01,-7.664984288493674747e-01,-1.502522646408183116e-01,-8.497024621066966432e-01,6.679234261012632770e-04,1.905948124740781697e-03,1.532705154441470622e-06,0.000000000000000000e+00
1.000000000000000000e+00,6.018306350708007812e+01,2.479680442810058594e+01,1.493333339691162109e+01,1.000000000000000000e+00,-2.498730822258304618e-01,-7.501016271451088624e-01,-2.333816111720461994e-01,-7.664984288493674747e-01,3.126160701315915287e-03,6.679234261012632770e-04,6.042930501254757638e-06,0.000000000000000000e+00
1.000000000000000000e+00,6.018270874023437500e+01,2.479599952697753906e+01,1.494999980926513672e+01,1.000000000000000000e+00,-3.058946748507749835e-01,-6.940191010055216658e-01,-2.498730822258304618e-01,-7.501016271451088624e-01,8.796165827747141766e-04,3.126160701315915287e-03,5.046960476552062521e-06,0.000000000000000000e+00
1.000000000000000000e+00,6.018273162841796875e+01,2.479583168029785156e+01,1.494999980926513672e+01,1.000000000000000000e+00,1.199371184080640779e-01,-8.795388683258031914e-01,-3.058946748507749835e-01,-6.940191010055216658e-01,1.694000496763192623e-04,8.796165827747141766e-04,5.044075238863034754e-07,0.000000000000000000e+00
1.000000000000000000e+00,6.018276977539062500e+01,2.479574775695800781e+01,1.494999980926513672e+01,1.000000000000000000e+00,3.122442095435419285e-01,-6.869372609957922204e-01,1.199371184080640779e-01,-8.795388683258031914e-01,9.218632487178476205e-05,1.694000496763192623e-04,5.961959298190386218e-09,0.000000000000000000e+00
1.000000000000000000e+00,6.018278121948242188e+01,2.479413032531738281e+01,1.494999980926513672e+01,1.000000000000000000e+00,7.025329824809930720e-03,-9.929132819064702131e-01,3.122442095435419285e-01,-6.869372609957922204e-01,1.617472126292114577e-03,9.218632487178476205e-05,2.326496776014457832e-06,0.000000000000000000e+00
1.000000000000000000e+00,6.018291854858398438e+01,2.479228210449218750e+01,1.494999980926513672e+01,1.000000000000000000e+00,6.916078192430033522e-02,-9.307888567312087025e-01,7.025329824809930720e-03,-9.929132819064702131e-01,1.853315812488957751e-03,1.617472126292114577e-03,5.562224431891503665e-08,0.000000000000000000e+00
1.000000000000000000e+00,6.018290328979492188e+01,2.479190826416015625e+01,1.494999980926513672e+01,1.000000000000000000e+00,-3.920561027892063150e-02,-9.605374518335554335e-01,6.916078192430033522e-02,-9.307888567312087025e-01,3.741516063000252979e-04,1.853315812488957751e-03,2.187926748870535028e-06,0.000000000000000000e+00
1.000000000000000000e+00,6.018294525146484375e+01,2.478899574279785156e+01,1.496666622161865234e+01,1.000000000000000000e+00,1.420223072568478455e-02,-9.857639235509393361e-01,-3.920561027892063150e-02,-9.605374518335554335e-01,2.912823624530634821e-03,3.741516063000252979e-04,6.444855616147075254e-06,0.000000000000000000e+00
1.000000000000000000e+00,6.018306350708007812e+01,2.478850555419921875e+01,1.496666622161865234e+01,1.000000000000000000e+00,1.943254286864090630e-01,-8.055102447162439949e-01,1.420223072568478455e-02,-9.857639235509393361e-01,5.042511802307071429e-04,2.912823624530634821e-03,5.801221219440929391e-06,0.000000000000000000e+00
1.000000000000000000e+00,6.018313980102539062e+01,2.478842163085937500e+01,1.496666622161865234e+01,1.000000000000000000e+00,4.758934461629739099e-01,-5.234827907792712898e-01,1.943254286864090630e-01,-8.055102447162439949e-01,1.134191036019783480e-04,5.042511802307071429e-04,1.527497121219245186e-07,0.000000000000000000e+00
1.000000000000000000e+00,6.018315887451171875e+01,2.478788757324218750e+01,1.496666622161865234e+01,1.000000000000000000e+00,3.447652564528361913e-02,-9.653427180679413633e-01,4.758934461629739099e-01,-5.234827907792712898e-01,5.343981066178092555e-04,1.134191036019783480e-04,1.772233209802029586e-07,0.000000000000000000e+00
1.000000000000000000e+00,6.018307495117187500e+01,2.478635978698730469e+01,1.496666622161865234e+01,1.000000000000000000e+00,-5.206777532428529670e-02,-9.478701826080119242e-01,3.447652564528361913e-02,-9.653427180679413633e-01,1.530089529269245069e-03,5.343981066178092555e-04,9.914014091416405047e-07,0.000000000000000000e+00
1.000000000000000000e+00,6.018294143676757812e+01,2.478581047058105469e+01,1.496666622161865234e+01,1.000000000000000000e+00,-1.955020951389787320e-01,-8.043514771432267452e-01,-5.206777532428529670e-02,-9.478701826080119242e-01,5.653093050093589743e-04,1.530089529269245069e-03,9.308008811229561130e-07,0.000000000000000000e+00
1.000000000000000000e+00,6.018219757080078125e+01,2.478239250183105469e+01,1.498333358764648438e+01,1.000000000000000000e+00,-1.787308108882044444e-01,-8.212451618247752494e-01,-1.955020951389787320e-01,-8.043514771432267452e-01,3.497977551748326051e-03,5.653093050093589743e-04,8.600543045431007890e-06,0.000000000000000000e+00
1.000000000000000000e+00,6.018210983276367188e+01,2.478181838989257812e+01,1.498333358764648438e+01,1.000000000000000000e+00,-1.325448150847230167e-01,-8.673041160978615105e-01,-1.787308108882044444e-01,-8.212451618247752494e-01,5.807774798122964342e-04,3.497977551748326051e-03,8.510056259703575947e-06,0.000000000000000000e+00
1.000000000000000000e+00,6.018193435668945312e+01,2.477942848205566406e+01,1.498333358764648438e+01,1.000000000000000000e+00,-6.839882076721617854e-02,-9.315622002317595074e-01,-1.325448150847230167e-01,-8.673041160978615105e-01,2.396341236461634744e-03,5.807774798122964342e-04,3.296271754458657672e-06,0.000000000000000000e+00
1.000000000000000000e+00,6.018280792236328125e+01,2.477840805053710938e+01,1.498333358764648438e+01,1.000000000000000000e+00,4.612042493601723470e-01,-5.387429550386292343e-01,-6.839882076721617854e-02,-9.315622002317595074e-01,1.343278627296143465e-03,2.396341236461634744e-03,1.108940858822432217e-06,0.000000000000000000e+00
1.000000000000000000e+00,6.018386077880859375e+01,2.477720069885253906e+01,1.498333358764648438e+01,1.000000000000000000e+00,4.658021759922998939e-01,-5.341535822520395715e-01,4.612042493601723470e-01,-5.387429550386292343e-01,1.601937821724315437e-03,1.343278627296143465e-03,6.690457886223086936e-08,0.000000000000000000e+00
1.000000000000000000e+00,6.018464279174804688e+01,2.477617645263671875e+01,1.498333358764648438e+01,1.000000000000000000e+00,4.329221778349764405e-01,-5.670224621887374195e-01,4.658021759922998939e-01,-5.341535822520395715e-01,1.288652221545575445e-03,1.601937821724315437e-03,9.814786727935332593e-08,0.000000000000000000e+00
1.000000000000000000e+00,6.018487930297851562e+01,2.477442359924316406e+01,1.500000000000000000e+01,1.000000000000000000e+00,1.188818477156112219e-01,-8.810678875052153636e-01,4.329221778349764405e-01,-5.670224621887374195e-01,1.768737567146134353e-03,1.288652221545575445e-03,2.304819390604080894e-07,0.000000000000000000e+00
1.000000000000000000e+00,6.018440628051757812e+01,2.477243232727050781e+01,1.500000000000000000e+01,1.000000000000000000e+00,-1.919426754457102258e-01,-8.080167466343607385e-01,1.188818477156112219e-01,-8.810678875052153636e-01,2.046683736593829864e-03,1.768737567146134353e-03,7.725407311064706510e-08,0.000000000000000000e+00
1.000000000000000000e+00,6.018350601196289062e+01,2.477000045776367188e+01,1.500000000000000000e+01,1.000000000000000000e+00,-2.701693390645427129e-01,-7.298006510747709896e-01,-1.919426754457102258e-01,-8.080167466343607385e-01,2.593158839878032928e-03,2.046683736593829864e-03,2.986350385094803974e-07,0.000000000000000000e+00
1.000000000000000000e+00,6.018261718750000000e+01,2.476742935180664062e+01,1.500000000000000000e+01,1.000000000000000000e+00,-2.568834244268563549e-01,-7.430876740931381397e-01,-2.701693390645427129e-01,-7.298006510747709896e-01,2.720403420104155600e-03,2.593158839878032928e-03,1.619118319692216817e-08,0.000000000000000000e+00
1.000000000000000000e+00,6.018235397338867188e+01,2.476664733886718750e+01,1.500000000000000000e+01,1.000000000000000000e+00,-2.518007269891329170e-01,-7.481036091706122493e-01,-2.568834244268563549e-01,-7.430876740931381397e-01,8.251217521519909216e-04,2.720403420104155600e-03,3.592092600875539558e-06,0.000000000000000000e+00
1.000000000000000000e+00,6.018143844604492188e+01,2.476405334472656250e+01,1.500000000000000000e+01,1.000000000000000000e+00,-2.608621322344790716e-01,-7.391093746643574436e-01,-2.518007269891329170e-01,-7.481036091706122493e-01,2.750817318316642161e-03,8.251217521519909216e-04,3.708303413546196622e-06,0.000000000000000000e+00
1.000000000000000000e+00,6.018093109130859375e+01,2.476111412048339844e+01,1.501666641235351562e+01,1.000000000000000000e+00,-1.472010417410198058e-01,-8.527699448229756340e-01,-2.608621322344790716e-01,-7.391093746643574436e-01,2.982691398733354916e-03,2.750817318316642161e-03,5.376558916909617620e-08,0.000000000000000000e+00
1.000000000000000000e+00,6.018103027343750000e+01,2.475964927673339844e+01,1.501666641235351562e+01,1.000000000000000000e+00,6.341057982852717212e-02,-9.365254866982475335e-01,-1.472010417410198058e-01,-8.527699448229756340e-01,1.468197638810401573e-03,2.982691398733354916e-03,2.293691348845564311e-06,0.000000000000000000e+00
1.000000000000000000e+00,6.018101119995117188e+01,2.475742721557617188e+01,1.501666641235351562e+01,1.000000000000000000e+00,-8.510258567962206491e-03,-9.914451231675970311e-01,6.341057982852717212e-02,-9.365254866982475335e-01,2.222143016175097494e-03,1.468197638810401573e-03,5.684336320495937343e-07,0.000000000000000000e+00
1.000000000000000000e+00,6.018104934692382812e+01,2.475517463684082031e+01,1.501666641235351562e+01,1.000000000000000000e+00,1.665206240828510237e-02,-9.833042852092354069e-01,-8.510258567962206491e-03,-9.914451231675970311e-01,2.252901717892034743e-03,2.222143016175097494e-03,9.460977313115185293e-10,0.000000000000000000e+00
1.000000000000000000e+00,6.018143463134765625e+01,2.475267791748046875e+01,1.501666641235351562e+01,1.000000000000000000e+00,1.336816619661688466e-01,-8.662836411570050688e-01,1.665206240828510237e-02,-9.833042852092354069e-01,2.526272283741181571e-03,2.252901717892034743e-03,7.473146627268272824e-08,0.000000000000000000e+00
1.000000000000000000e+00,6.018167495727539062e+01,2.475018310546875000e+01,1.501666641235351562e+01,1.000000000000000000e+00,8.786289641128078309e-02,-9.121005436980575976e-01,1.336816619661688466e-01,-8.662836411570050688e-01,2.506360613590459269e-03,2.526272283741181571e-03,3.964746081911655233e-10,0.000000000000000000e+00
1.000000000000000000e+00,6.018189620971679688e+01,2.474802398681640625e+01,1.503333377838134766e+01,1.000000000000000000e+00,9.294481331327865414e-02,-9.070131781950986349e-01,8.786289641128078309e-02,-9.121005436980575976e-01,2.170425303420257801e-03,2.506360613590459269e-03,1.128525326191494608e-07,0.000000000000000000e+00
1.000000000000000000e+00,6.018193817138671875e+01,2.474704551696777344e+01,1.503333377838134766e+01,1.000000000000000000e+00,4.111746590766994502e-02,-9.587845459379400470e-01,9.294481331327865414e-02,-9.070131781950986349e-01,9.793691982220755887e-04,2.170425303420257801e-03,1.418614645729863234e-06,0.000000000000000000e+00
1.000000000000000000e+00,6.018178558349609375e+01,2.474657058715820312e+01,1.503333377838134766e+01,1.000000000000000000e+00,-2.431223507200564460e-01,-7.567183166161757235e-01,4.111746590766994502e-02,-9.587845459379400470e-01,4.988400428833678242e-04,9.793691982220755887e-04,2.309082691305319480e-07,0.000000000000000000e+00
1.000000000000000000e+00,6.018162918090820312e+01,2.474521636962890625e+01,1.503333377838134766e+01,1.000000000000000000e+00,-1.035285001577915670e-01,-8.964053062442928210e-01,-2.431223507200564460e-01,-7.567183166161757235e-01,1.363219309632099190e-03,4.988400428833678242e-04,7.471515167850745091e-07,0.000000000000000000e+00
1.000000000000000000e+00,6.018070220947265625e+01,2.474375343322753906e+01,1.503333377838134766e+01,1.000000000000000000e+00,-3.878528853460852521e-01,-6.121052737869288052e-01,-1.035285001577915670e-01,-8.964053062442928210e-01,1.731894614797624150e-03,1.363219309632099190e-03,1.359214806388929547e-07,0.000000000000000000e+00
1.000000000000000000e+00,6.018030166625976562e+01,2.474331092834472656e+01,1.503333377838134766e+01,1.000000000000000000e+00,-4.750567722703574747e-01,-5.248246246034425910e-01,-3.878528853460852521e-01,-6.121052737869288052e-01,5.968629965960772343e-04,1.731894614797624150e-03,1.288296774317222269e-06,0.000000000000000000e+00
1.000000000000000000e+00,6.018030166625976562e+01,2.474331092834472656e+01,1.505000019073486328e+01,1.000000000000000000e+00,0.000000000000000000e+00,0.000000000000000000e+00,-4.750567722703574747e-01,-5.248246246034425910e-01,0.000000000000000000e+00,5.968629965960772343e-04,3.562454367056488991e-07,0.000000000000000000e+00
1.000000000000000000e+00,6.017737197875976562e+01,2.474091339111328125e+01,1.505000019073486328e+01,1.000000000000000000e+00,-5.499359711840150489e-01,-4.500452576681685524e-01,0.000000000000000000e+00,0.000000000000000000e+00,3.785664224917828502e-03,0.000000000000000000e+00,1.433125362382270396e-05,0.000000000000000000e+00
1.000000000000000000e+00,6.017860031127929688e+01,2.474171829223632812e+01,1.505000019073486328e+01,1.000000000000000000e+00,6.040978685494085010e-01,3.958529511302024684e-01,-5.499359711840150489e-01,-4.500452576681685524e-01,1.468559360877220174e-03,3.785664224917828502e-03,5.368974950960646902e-06,0.000000000000000000e+00
1.000000000000000000e+00,6.017616271972656250e+01,2.474218368530273438e+01,1.505000019073486328e+01,1.000000000000000000e+00,-8.396557016157366604e-01,1.603098522646633495e-01,6.040978685494085010e-01,3.958529511302024684e-01,2.481621100051535460e-03,1.468559360877220174e-03,1.026294087378888494e-06,0.000000000000000000e+00
1.000000000000000000e+00,6.017535018920898438e+01,2.474143981933593750e+01,1.505000019073486328e+01,1.000000000000000000e+00,-5.220252828931963851e-01,-4.779104702543346961e-01,-8.396557016157366604e-01,1.603098522646633495e-01,1.101609013468220167e-03,2.481621100051535460e-03,1.904433359116035807e-06,0.000000000000000000e+00
1.000000000000000000e+00,6.017485427856445312e+01,2.474068641662597656e+01,1.505000019073486328e+01,1.000000000000000000e+00,-3.969147942498247872e-01,-6.030051681872338198e-01,-5.220252828931963851e-01,-4.779104702543346961e-01,9.019661915703295089e-04,1.101609013468220167e-03,3.985725633535289019e-08,0.000000000000000000e+00
1.000000000000000000e+00,6.017458724975585938e+01,2.473876190185546875e+01,1.506666660308837891e+01,1.000000000000000000e+00,-1.218395231505732396e-01,-8.781148489923457090e-01,-3.969147942498247872e-01,-6.030051681872338198e-01,1.942951745803723086e-03,9.019661915703295089e-04,1.083650924122605434e-06,0.000000000000000000e+00
1.000000000000000000e+00,6.017493438720703125e+01,2.473685836791992188e+01,1.506666660308837891e+01,1.000000000000000000e+00,1.542304354943589417e-01,-8.457251352932431132e-01,-1.218395231505732396e-01,-8.781148489923457090e-01,1.934927867850551320e-03,1.942951745803723086e-03,6.438261740739593200e-11,0.000000000000000000e+00
1.000000000000000000e+00,6.017489624023437500e+01,2.473490142822265625e+01,1.506666660308837891e+01,1.000000000000000000e+00,-1.911950056169115994e-02,-9.808303788147564317e-01,1.542304354943589417e-01,-8.457251352932431132e-01,1.957311464804953414e-03,1.934927867850551320e-03,5.010254126171187052e-10,0.000000000000000000e+00
1.000000000000000000e+00,6.017483139038085938e+01,2.473374176025390625e+01,1.506666660308837891e+01,1.000000000000000000e+00,-5.295517698382702643e-02,-9.469631648872597340e-01,-1.911950056169115994e-02,-9.808303788147564317e-01,1.161479789426294283e-03,1.957311464804953414e-03,6.333480555360034835e-07,0.000000000000000000e+00
1.000000000000000000e+00,6.017479324340820312e+01,2.473356246948242188e+01,1.506666660308837891e+01,1.000000000000000000e+00,-1.753579490628085491e-01,-8.241823605952002252e-01,-5.295517698382702643e-02,-9.469631648872597340e-01,1.833040432240900163e-04,1.161479789426294283e-03,9.568277904582390037e-07,0.000000000000000000e+00
1.000000000000000000e+00,6.017482376098632812e+01,2.473375320434570312e+01,1.506666660308837891e+01,1.000000000000000000e+00,1.378687216238597135e-01,8.616795101491232511e-01,-1.753579490628085491e-01,-8.241823605952002252e-01,1.931608413875147013e-04,1.833040432240900163e-04,9.715647003449223753e-11,0.000000000000000000e+00
1.000000000000000000e+00,6.017482757568359375e+01,2.473367118835449219e+01,1.508333301544189453e+01,1.000000000000000000e+00,4.439272317322878747e-02,-9.544435482244189028e-01,1.378687216238597135e-01,8.616795101491232511e-01,8.210465717327455101e-05,1.931608413875147013e-04,1.233347605222724240e-08,0.000000000000000000e+00
1.000000000000000000e+00,6.017485046386718750e+01,2.473366355895996094e+01,1.508333301544189453e+01,1.000000000000000000e+00,7.475504267615875609e-01,-2.491834755871958629e-01,4.439272317322878747e-02,-9.544435482244189028e-01,2.412626388678268069e-05,8.210465717327455101e-05,3.361494088083125109e-09,0.000000000000000000e+00
1.000000000000000000e+00,6.017485427856445312e+01,2.473368453979492188e+01,1.508333301544189453e+01,1.000000000000000000e+00,1.532281869256394702e-01,8.427550280910170999e-01,7.475504267615875609e-01,-2.491834755871958629e-01,2.132480599880018048e-05,2.412626388678268069e-05,7.848166298139370662e-12,0.000000000000000000e+00
1.000000000000000000e+00,6.017480468750000000e+01,2.473367500305175781e+01,1.508333301544189453e+01,1.000000000000000000e+00,-8.372936032623637947e-01,-1.610180006273776443e-01,1.532281869256394702e-01,8.427550280910170999e-01,5.049973409604540471e-05,2.132480599880018048e-05,8.511764294794288438e-10,0.000000000000000000e+00
1.000000000000000000e+00,6.017477035522460938e+01,2.473355674743652344e+01,1.508333301544189453e+01,1.000000000000000000e+00,-2.248526405734737610e-01,-7.744924286419652137e-01,-8.372936032623637947e-01,-1.610180006273776443e-01,1.231385222745435583e-04,5.049973409604540471e-05,5.276393548040722744e-09,0.000000000000000000e+00
1.000000000000000000e+00,6.017435455322265625e+01,2.472968482971191406e+01,1.511666679382324219e+01,1.000000000000000000e+00,-9.697282732697092011e-02,-9.030038507970227224e-01,-2.248526405734737610e-01,-7.744924286419652137e-01,3.894180038335729680e-03,1.231385222745435583e-04,1.422075411585704823e-05,0.000000000000000000e+00
1.000000000000000000e+00,6.017435455322265625e+01,2.472964477539062500e+01,1.511666679382324219e+01,1.000000000000000000e+00,0.000000000000000000e+00,-9.975096080125442910e-01,-9.697282732697092011e-02,-9.030038507970227224e-01,4.005432128906250000e-05,3.894180038335729680e-03,1.485428504280048676e-05,0.000000000000000000e+00
1.000000000000000000e+00,6.017408752441406250e+01,2.472927856445312500e+01,1.511666679382324219e+01,1.000000000000000000e+00,-4.216201655441708662e-01,-5.782219413177200895e-01,0.000000000000000000e+00,-9.975096080125442910e-01,4.532271344079329199e-04,4.005432128906250000e-05,1.707117735005610262e-07,0.000000000000000000e+00
1.000000000000000000e+00,6.017354965209960938e+01,2.472931289672851562e+01,1.511666679382324219e+01,1.000000000000000000e+00,-9.398357517977872222e-01,5.998951607219918380e-02,-4.216201655441708662e-01,-5.782219413177200895e-01,5.389669115898110046e-04,4.532271344079329199e-04,7.351309391198101937e-09,0.000000000000000000e+00
1.000000000000000000e+00,6.017355346679687500e+01,2.472935485839843750e+01,1.511666679382324219e+01,1.000000000000000000e+00,8.315168570418966787e-02,9.146685427460863327e-01,-9.398357517977872222e-01,5.998951607219918380e-02,4.213470847010521375e-05,5.389669115898110046e-04,2.468422380567805599e-07,0.000000000000000000e+00
1.000000000000000000e+00,6.017339706420898438e+01,2.472930335998535156e+01,1.511666679382324219e+01,1.000000000000000000e+00,-7.519319001173864203e-01,-2.475873329654809107e-01,8.315168570418966787e-02,9.146685427460863327e-01,1.646628557059986704e-04,4.213470847010521375e-05,1.501314686506078661e-08,0.000000000000000000e+00
1.000000000000000000e+00,6.017314147949218750e+01,2.472897529602050781e+01,1.513333320617675781e+01,1.000000000000000000e+00,-4.378334801177699576e-01,-5.619952132854958426e-01,-7.519319001173864203e-01,-2.475873329654809107e-01,4.158719905080648948e-04,1.646628557059986704e-04,6.310602940800267682e-08,0.000000000000000000e+00
1.000000000000000000e+00,6.017266082763671875e+01,2.472649192810058594e+01,1.513333320617675781e+01,1.000000000000000000e+00,-1.621566913251363262e-01,-8.378095718465377040e-01,-4.378334801177699576e-01,-5.619952132854958426e-01,2.529454967352186626e-03,4.158719905080648948e-04,4.467233000005259694e-06,0.000000000000000000e+00
1.000000000000000000e+00,6.017260742187500000e+01,2.472620773315429688e+01,1.513333320617675781e+01,1.000000000000000000e+00,-1.581452465225938742e-01,-8.415586332809459336e-01,-1.621566913251363262e-01,-8.378095718465377040e-01,2.891694017025366677e-04,2.529454967352186626e-03,5.018879415658171601e-06,0.000000000000000000e+00
1.000000000000000000e+00,6.017259216308593750e+01,2.472521591186523438e+01,1.513333320617675781e+01,1.000000000000000000e+00,-1.515001080135170049e-02,-9.847507020878605299e-01,-1.581452465225938742e-01,-8.415586332809459336e-01,9.919386574185184297e-04,2.891694017025366677e-04,4.938846267795950145e-07,0.000000000000000000e+00
1.000000000000000000e+00,6.017242050170898438e+01,2.472284889221191406e+01,1.513333320617675781e+01,1.000000000000000000e+00,-6.761566866388486752e-02,-9.323449423542347070e-01,-1.515001080135170049e-02,-9.847507020878605299e-01,2.373236117107199294e-03,9.919386574185184297e-04,1.907982672142402776e-06,0.000000000000000000e+00
1.000000000000000000e+00,6.017346191406250000e+01,2.472229766845703125e+01,1.513333320617675781e+01,1.000000000000000000e+00,6.538511609200651220e-01,-3.460860540401077268e-01,-6.761566866388486752e-02,-9.323449423542347070e-01,1.178298484256879754e-03,2.373236117107199294e-03,1.427875946401925084e-06,0.000000000000000000e+00
1.000000000000000000e+00,6.017477416992187500e+01,2.472082138061523438e+01,1.514999961853027344e+01,1.000000000000000000e+00,4.705713601287784820e-01,-5.293927801448757853e-01,6.538511609200651220e-01,-3.460860540401077268e-01,1.975206630279802925e-03,1.178298484256879754e-03,6.350625931976926257e-07,0.000000000000000000e+00
1.000000000000000000e+00,6.017581558227539062e+01,2.471879577636718750e+01,1.514999961853027344e+01,1.000000000000000000e+00,3.395411680746314165e-01,-6.604262280132939811e-01,4.705713601287784820e-01,-5.293927801448757853e-01,2.277633038871823990e-03,1.975206630279802925e-03,9.146173261386806626e-08,0.000000000000000000e+00
1.000000000000000000e+00,6.017677307128906250e+01,2.471605491638183594e+01,1.514999961853027344e+01,1.000000000000000000e+00,2.588893381860062348e-01,-7.410836234527709010e-01,3.395411680746314165e-01,-6.604262280132939811e-01,2.903291006875423092e-03,2.277633038871823990e-03,3.914478929263926331e-07,0.000000000000000000e+00
1.000000000000000000e+00,6.017670440673828125e+01,2.471546745300292969e+01,1.514999961853027344e+01,1.000000000000000000e+00,-1.046352154105182758e-01,-8.952123985122119043e-01,2.588893381860062348e-01,-7.410836234527709010e-01,5.914626294956758104e-04,2.903291006875423092e-03,5.344550446458275808e-06,0.000000000000000000e+00
1.000000000000000000e+00,6.017527770996093750e+01,2.471037673950195312e+01,1.514999961853027344e+01,1.000000000000000000e+00,-2.189021139083553724e-01,-7.810825428093589595e-01,-1.046352154105182758e-01,-8.952123985122119043e-01,5.286854229455176767e-03,5.914626294956758104e-04,2.204670227697023852e-05,0.000000000000000000e+00
1.000000000000000000e+00,6.017515182495117188e+01,2.471008491516113281e+01,1.514999961853027344e+01,1.000000000000000000e+00,-3.012977320614853571e-01,-6.984629243243524188e-01,-2.189021139083553724e-01,-7.810825428093589595e-01,3.178183153609958744e-04,5.286854229455176767e-03,2.469131791555778909e-05,0.000000000000000000e+00
1.000000000000000000e+00,6.017421722412109375e+01,2.471077728271484375e+01,1.516666698455810547e+01,1.000000000000000000e+00,-5.744078364436396855e-01,4.255307033245738779e-01,-3.012977320614853571e-01,-6.984629243243524188e-01,1.163121464428538629e-03,3.178183153609958744e-04,7.145374138235043610e-07,0.000000000000000000e+00
1.000000000000000000e+00,6.017234420776367188e+01,2.471076583862304688e+01,1.516666698455810547e+01,1.000000000000000000e+00,-9.938743849783854278e-01,-6.072552250377100287e-03,-5.744078364436396855e-01,4.255307033245738779e-01,1.873051318679486805e-03,1.163121464428538629e-03,5.040003979567725481e-07,0.000000000000000000e+00
1.000000000000000000e+00,6.017186737060546875e+01,2.470951461791992188e+01,1.516666698455810547e+01,1.000000000000000000e+00,-2.759222226589101989e-01,-7.240199122569803691e-01,-9.938743849783854278e-01,-6.072552250377100287e-03,1.339002211862195266e-03,1.873051318679486805e-03,2.852084484923468796e-07,0.000000000000000000e+00
1.000000000000000000e+00,6.017138671875000000e+01,2.470834732055664062e+01,1.516666698455810547e+01,1.000000000000000000e+00,-2.916489689751566861e-01,-7.082903532253805867e-01,-2.759222226589101989e-01,-7.240199122569803691e-01,1.262382406598298043e-03,1.339002211862195266e-03,5.870594558677532315e-09,0.000000000000000000e+00
1.000000000000000000e+00,6.017048263549804688e+01,2.470786857604980469e+01,1.516666698455810547e+01,1.000000000000000000e+00,-6.537458274355345544e-01,-3.461818622074244178e-01,-2.916489689751566861e-01,-7.082903532253805867e-01,1.023016534220108544e-03,1.262382406598298043e-03,5.729602085937170144e-08,0.000000000000000000e+00
1.000000000000000000e+00,6.017048645019531250e+01,2.470710945129394531e+01,1.516666698455810547e+01,1.000000000000000000e+00,4.999344725888088536e-03,-9.948696004517296743e-01,-6.537458274355345544e-01,-3.461818622074244178e-01,7.591343404653646274e-04,1.023016534220108544e-03,6.963381218081620895e-08,0.000000000000000000e+00
1.000000000000000000e+00,6.017061233520507812e+01,2.470630073547363281e+01,1.518333339691162109e+01,1.000000000000000000e+00,1.346794671778596408e-01,-8.652135467183711404e-01,4.999344725888088536e-03,-9.948696004517296743e-01,8.184548330283175849e-04,7.591343404653646274e-04,3.518920837911357065e-09,0.000000000000000000e+00
1.000000000000000000e+00,6.017071914672851562e+01,2.470514678955078125e+01,1.518333339691162109e+01,1.000000000000000000e+00,8.471340178214922800e-02,-9.152072871107194141e-01,1.346794671778596408e-01,-8.652135467183711404e-01,1.158878722906233911e-03,8.184548330283175849e-04,1.158884247996117031e-07,0.000000000000000000e+00
1.000000000000000000e+00,6.017083358764648438e+01,2.470511817932128906e+01,1.518333339691162109e+01,1.000000000000000000e+00,7.994411501310401125e-01,-1.998602875327600281e-01,8.471340178214922800e-02,-9.152072871107194141e-01,1.179629981694505842e-04,1.158878722906233911e-03,1.083505546004302804e-06,0.000000000000000000e+00
1.000000000000000000e+00,6.017084503173828125e+01,2.470512771606445312e+01,1.518333339691162109e+01,1.000000000000000000e+00,5.428671026589196869e-01,4.523892522157663687e-01,7.994411501310401125e-01,-1.998602875327600281e-01,1.489686904126482768e-05,1.179629981694505842e-04,1.062262697346785969e-08,0.000000000000000000e+00
1.000000000000000000e+00,6.017096328735351562e+01,2.470509910583496094e+01,1.518333339691162109e+01,1.000000000000000000e+00,8.046469263276487816e-01,-1.946726434663666183e-01,5.428671026589196869e-01,4.523892522157663687e-01,1.216673159318318288e-04,1.489686904126482768e-05,1.139992832921138849e-08,0.000000000000000000e+00
1.000000000000000000e+00,6.017102813720703125e+01,2.470516014099121094e+01,1.518333339691162109e+01,1.000000000000000000e+00,5.147426160958974428e-01,4.844636386784916815e-01,8.046469263276487816e-01,-1.946726434663666183e-01,8.905500434821130549e-05,1.216673159318318288e-04,1.063562866827149369e-09,0.000000000000000000e+00
1.000000000000000000e+00,6.017098617553710938e+01,2.470529174804687500e+01,1.519999980926513672e+01,1.000000000000000000e+00,-2.416190352079877757e-01,7.578051558795979581e-01,5.147426160958974428e-01,4.844636386784916815e-01,1.381347126655571448e-04,8.905500434821130549e-05,2.408817768515746559e-09,0.000000000000000000e+00
1.000000000000000000e+00,6.017098617553710938e+01,2.470529174804687500e+01,1.519999980926513672e+01,1.000000000000000000e+00,0.000000000000000000e+00,0.000000000000000000e+00,-2.416190352079877757e-01,7.578051558795979581e-01,0.000000000000000000e+00,1.381347126655571448e-04,1.908119884319603443e-08,0.000000000000000000e+00
1.000000000000000000e+00,6.017098999023437500e+01,2.470528602600097656e+01,1.519999980926513672e+01,1.000000000000000000e+00,3.958492200820326046e-01,-5.937738301230488513e-01,0.000000000000000000e+00,0.000000000000000000e+00,6.877043295791605234e-06,0.000000000000000000e+00,4.729372449219226191e-11,0.000000000000000000e+00
1.000000000000000000e+00,6.017098617553710938e+01,2.470529747009277344e+01,1.519999980926513672e+01,1.000000000000000000e+00,-2.483722675076618092e-01,7.451168025229853997e-01,3.958492200820326046e-01,-5.937738301230488513e-01,1.206313194339134034e-05,6.877043295791605234e-06,2.689551546076285073e-11,0.000000000000000000e+00
1.000000000000000000e+00,6.017098617553710938e+01,2.470530128479003906e+01,1.519999980926513672e+01,1.000000000000000000e+00,0.000000000000000000e+00,9.744552405423272390e-01,-2.483722675076618092e-01,7.451168025229853997e-01,3.814697265625000000e-06,1.206313194339134034e-05,6.803667463337830621e-11,0.000000000000000000e+00
1.000000000000000000e+00,6.017095184326171875e+01,2.470524215698242188e+01,1.519999980926513672e+01,1.000000000000000000e+00,-3.669543066540264520e-01,-6.319768614597122136e-01,0.000000000000000000e+00,9.744552405423272390e-01,6.837252933095901749e-05,3.814697265625000000e-06,4.167713680975869356e-09,0.000000000000000000e+00
1.000000000000000000e+00,6.017065048217773438e+01,2.470650291442871094e+01,1.525000000000000000e+01,1.000000000000000000e+00,-1.929058439292915816e-01,8.070301445396311779e-01,-3.669543066540264520e-01,-6.319768614597122136e-01,1.296274601044684546e-03,6.837252933095901749e-05,1.507743497718859187e-06,0.000000000000000000e+00
1.000000000000000000e+00,6.017061614990234375e+01,2.470782279968261719e+01,1.525000000000000000e+01,1.000000000000000000e+00,-2.535024072858998306e-02,9.745759213435705171e-01,-1.929058439292915816e-01,8.070301445396311779e-01,1.320331696435658383e-03,1.296274601044684546e-03,5.787438386504146638e-10,0.000000000000000000e+00
1.000000000000000000e+00,6.017128372192382812e+01,2.470820617675781250e+01,1.525000000000000000e+01,1.000000000000000000e+00,6.351482757496921261e-01,3.647565812162517629e-01,-2.535024072858998306e-02,9.745759213435705171e-01,7.698249058416122307e-04,1.320331696435658383e-03,3.030577264901569744e-07,0.000000000000000000e+00
1.000000000000000000e+00,6.017148971557617188e+01,2.470837020874023438e+01,1.526666641235351562e+01,1.000000000000000000e+00,5.565506222615236309e-01,4.431791992082502740e-01,6.351482757496921261e-01,3.647565812162517629e-01,2.633246590488024582e-04,7.698249058416122307e-04,2.565425000011771731e-07,0.000000000000000000e+00
1.000000000000000000e+00,6.017249298095703125e+01,2.471080970764160156e+01,1.526666641235351562e+01,1.000000000000000000e+00,2.914042781292979778e-01,7.085666762877796954e-01,5.565506222615236309e-01,4.431791992082502740e-01,2.637744550596706709e-03,2.633246590488024582e-04,5.637869821378360676e-06,0.000000000000000000e+00
1.000000000000000000e+00,6.017252731323242188e+01,2.471110916137695312e+01,1.526666641235351562e+01,1.000000000000000000e+00,1.028263367917349319e-01,8.968741597945769639e-01,2.914042781292979778e-01,7.085666762877796954e-01,3.014154023096718774e-04,2.637744550596706709e-03,5.458433889135621536e-06,0.000000000000000000e+00
1.000000000000000000e+00,6.017310714721679688e+01,2.471075057983398438e+01,1.526666641235351562e+01,1.000000000000000000e+00,6.178203423187736965e-01,-3.820731064339784600e-01,1.028263367917349319e-01,8.968741597945769639e-01,6.817537476200898625e-04,3.014154023096718774e-04,1.446572569134667456e-07,0.000000000000000000e+00
1.000000000000000000e+00,6.017310714721679688e+01,2.471075057983398438e+01,1.526666641235351562e+01,1.000000000000000000e+00,0.000000000000000000e+00,0.000000000000000000e+00,6.178203423187736965e-01,-3.820731064339784600e-01,0.000000000000000000e+00,6.817537476200898625e-04,4.647881723940371938e-07,0.000000000000000000e+00
1.000000000000000000e+00,6.017604827880859375e+01,2.471311950683593750e+01,1.526666641235351562e+01,1.000000000000000000e+00,5.538688797842225009e-01,4.461122883865138444e-01,0.000000000000000000e+00,0.000000000000000000e+00,3.776515613743472964e-03,0.000000000000000000e+00,1.426207018084824085e-05,0.000000000000000000e+00
1.000000000000000000e+00,6.017680740356445312e+01,2.471568870544433594e+01,1.528333377838134766e+01,1.000000000000000000e+00,2.280733767258145139e-01,7.718965790192767740e-01,5.538688797842225009e-01,4.461122883865138444e-01,2.679002031420473634e-03,3.776515613743472964e-03,1.204536063383462956e-06,0.000000000000000000e+00
1.000000000000000000e+00,6.017680740356445312e+01,2.471602058410644531e+01,1.528333377838134766e+01,1.000000000000000000e+00,0.000000000000000000e+00,9.996987758208174535e-01,2.280733767258145139e-01,7.718965790192767740e-01,3.318786621093750000e-04,2.679002031420473634e-03,5.508988110766283992e-06,0.000000000000000000e+00
1.000000000000000000e+00,6.017646789550781250e+01,2.471770668029785156e+01,1.528333377838134766e+01,1.000000000000000000e+00,-1.676000121774779417e-01,8.323506222746657190e-01,0.000000000000000000e+00,9.996987758208174535e-01,1.719937814921968389e-03,3.318786621093750000e-04,1.926708211706814631e-06,0.000000000000000000e+00
1.000000000000000000e+00,6.017488861083984375e+01,2.472020339965820312e+01,1.528333377838134766e+01,1.000000000000000000e+00,-3.874495491273180492e-01,6.125259176421006257e-01,-1.676000121774779417e-01,8.323506222746657190e-01,2.954276159541534968e-03,1.719937814921968389e-03,1.523591148998171983e-06,0.000000000000000000e+00
1.000000000000000000e+00,6.017386245727539062e+01,2.472204780578613281e+01,1.528333377838134766e+01,1.000000000000000000e+00,-3.574626303410274875e-01,6.425025344605457267e-01,-3.874495491273180492e-01,6.125259176421006257e-01,2.110645660120247930e-03,2.954276159541534968e-03,7.117124195538102036e-07,0.000000000000000000e+00
1.000000000000000000e+00,6.017259216308593750e+01,2.472263717651367188e+01,1.528333377838134766e+01,1.000000000000000000e+00,-6.830401938690088270e-01,3.169060358941798161e-01,-3.574626303410274875e-01,6.425025344605457267e-01,1.400358947641030952e-03,2.110645660120247930e-03,5.045072139245338257e-07,0.000000000000000000e+00
1.000000000000000000e+00,6.017235946655273438e+01,2.472287940979003906e+01,1.530000019073486328e+01,1.000000000000000000e+00,-4.898566963905071625e-01,5.099327905048721687e-01,-6.830401938690088270e-01,3.169060358941798161e-01,3.358937878918502639e-04,1.400358947641030952e-03,1.133086076319848426e-06,0.000000000000000000e+00
1.000000000000000000e+00,6.017246627807617188e+01,2.472463989257812500e+01,1.530000019073486328e+01,1.000000000000000000e+00,5.719816258322119734e-02,9.427482868627351520e-01,-4.898566963905071625e-01,5.099327905048721687e-01,1.763720031265131197e-03,3.358937878918502639e-04,2.038687781265455570e-06,0.000000000000000000e+00
1.000000000000000000e+00,6.017251586914062500e+01,2.472477722167968750e+01,1.530000019073486328e+01,1.000000000000000000e+00,2.651642628152827696e-01,7.343010354884753621e-01,5.719816258322119734e-02,9.427482868627351520e-01,1.460087525101061911e-04,1.763720031265131197e-03,2.616989781411218597e-06,0.000000000000000000e+00
1.000000000000000000e+00,6.017274475097656250e+01,2.472680664062500000e+01,1.530000019073486328e+01,1.000000000000000000e+00,1.013468636026668562e-01,8.986088572769794780e-01,2.651642628152827696e-01,7.343010354884753621e-01,2.042285031628890933e-03,1.460087525101061911e-04,3.595863726748582814e-06,0.000000000000000000e+00
1.000000000000000000e+00,6.017318344116210938e+01,2.472932243347167969e+01,1.530000019073486328e+01,1.000000000000000000e+00,1.484778666776136458e-01,8.514882875990104072e-01,1.013468636026668562e-01,8.986088572769794780e-01,2.553754633143097506e-03,2.042285031628890933e-03,2.616011532731012763e-07,0.000000000000000000e+00
1.000000000000000000e+00,6.017319488525390625e+01,2.472937965393066406e+01,1.530000019073486328e+01,1.000000000000000000e+00,1.664242937219253260e-01,8.321214686096266577e-01,1.484778666776136458e-01,8.514882875990104072e-01,5.835364738761274434e-05,2.553754633143097506e-03,6.227026079709444409e-06,0.000000000000000000e+00
1.000000000000000000e+00,6.017315673828125000e+01,2.472937774658203125e+01,1.531666660308837891e+01,1.000000000000000000e+00,-9.500091504881374993e-01,-4.750045752440687497e-02,1.664242937219253260e-01,8.321214686096266577e-01,3.819462660694272516e-05,5.835364738761274434e-05,4.063861188354856868e-10,0.000000000000000000e+00
1.000000000000000000e+00,6.017320251464843750e+01,2.472933959960937500e+01,1.531666660308837891e+01,1.000000000000000000e+00,5.448053751805848055e-01,-4.540044793171539861e-01,-9.500091504881374993e-01,-4.750045752440687497e-02,5.958747616505931073e-05,3.819462660694272516e-05,4.576540122162089663e-10,0.000000000000000000e+00
1.000000000000000000e+00,6.017321777343750000e+01,2.472931861877441406e+01,1.531666660308837891e+01,1.000000000000000000e+00,4.198939717334096433e-01,-5.773542111334382110e-01,5.448053751805848055e-01,-4.540044793171539861e-01,2.594274617907608784e-05,5.958747616505931073e-05,1.131967855829718433e-09,0.000000000000000000e+00
1.000000000000000000e+00,6.017349624633789062e+01,2.472963142395019531e+01,1.531666660308837891e+01,1.000000000000000000e+00,4.708881029091296910e-01,5.289428005280635281e-01,4.198939717334096433e-01,-5.773542111334382110e-01,4.188009482409342206e-04,2.594274617907608784e-05,1.543375669272757426e-07,0.000000000000000000e+00
1.000000000000000000e+00,6.017498016357421875e+01,2.472933006286621094e+01,1.531666660308837891e+01,1.000000000000000000e+00,8.311500254290029588e-01,-1.687939640331394264e-01,4.708881029091296910e-01,5.289428005280635281e-01,1.514208990599361614e-03,4.188009482409342206e-04,1.199918779263522516e-06,0.000000000000000000e+00
1.000000000000000000e+00,6.017518997192382812e+01,2.472936439514160156e+01,1.531666660308837891e+01,1.000000000000000000e+00,8.590231441201683360e-01,1.405674235833002661e-01,8.311500254290029588e-01,-1.687939640331394264e-01,2.125987975020259652e-04,1.514208990599361614e-03,1.694189094774883158e-06,0.000000000000000000e+00
1.000000000000000000e+00,6.017630386352539062e+01,2.472942543029785156e+01,1.533333301544189453e+01,1.000000000000000000e+00,9.479712646171454260e-01,5.194363093792577629e-02,8.590231441201683360e-01,1.405674235833002661e-01,1.115562544338027408e-03,2.125987975020259652e-04,8.153435281001105927e-07,0.000000000000000000e+00
1.000000000000000000e+00,6.017721939086914062e+01,2.473229408264160156e+01,1.533333301544189453e+01,1.000000000000000000e+00,2.419290906996419133e-01,7.580444841922112653e-01,9.479712646171454260e-01,5.194363093792577629e-02,3.011205171763674335e-03,1.115562544338027408e-03,3.593460970913210007e-06,0.000000000000000000e+00
1.000000000000000000e+00,6.017720794677734375e+01,2.473251914978027344e+01,1.533333301544189453e+01,1.000000000000000000e+00,-4.836664673186955032e-02,9.512107190601011286e-01,2.419290906996419133e-01,7.580444841922112653e-01,2.253579023398121677e-04,3.011205171763674335e-03,7.760945008556389995e-06,0.000000000000000000e+00
1.000000000000000000e+00,6.017743682861328125e+01,2.473589706420898438e+01,1.533333301544189453e+01,1.000000000000000000e+00,6.345672820723859131e-02,9.365155471251628283e-01,-4.836664673186955032e-02,9.512107190601011286e-01,3.385659874015058309e-03,2.253579023398121677e-04,9.987508552174448326e-06,0.000000000000000000e+00
1.000000000000000000e+00,6.017728805541992188e+01,2.473613548278808594e+01,1.533333301544189453e+01,1.000000000000000000e+00,-3.841372420953774736e-01,6.156045546400280566e-01,6.345672820723859131e-02,9.365155471251628283e-01,2.810282582288727536e-04,3.385659874015058309e-03,9.638737469739140439e-06,0.000000000000000000e+00
1.000000000000000000e+00,6.017735671997070312e+01,2.473634910583496094e+01,1.533333301544189453e+01,1.000000000000000000e+00,2.431571051673283856e-01,7.564887716316883726e-01,-3.841372420953774736e-01,6.156045546400280566e-01,2.243872248817862256e-04,2.810282582288727536e-04,3.208206658625768079e-09,0.000000000000000000e+00
1.000000000000000000e+00,6.017789840698242188e+01,2.474126434326171875e+01,1.535000038146972656e+01,1.000000000000000000e+00,9.926417186249082703e-02,9.007175031325311831e-01,2.431571051673283856e-01,7.564887716316883726e-01,4.944995832158562317e-03,2.243872248817862256e-04,2.228414562309558155e-05,0.000000000000000000e+00
1.000000000000000000e+00,6.017876434326171875e+01,2.474209976196289062e+01,1.535000038146972656e+01,1.000000000000000000e+00,5.089386961377667662e-01,4.910025306351141761e-01,9.926417186249082703e-02,9.007175031325311831e-01,1.203233163634637474e-03,4.944995832158562317e-03,1.400078786755928060e-05,0.000000000000000000e+00
1.000000000000000000e+00,6.017901229858398438e+01,2.474226570129394531e+01,1.535000038146972656e+01,1.000000000000000000e+00,5.989336342316939898e-01,4.008248167550567120e-01,5.089386961377667662e-01,4.910025306351141761e-01,2.983583473454817282e-04,1.203233163634637474e-03,8.187984331543334594e-07,0.000000000000000000e+00
1.000000000000000000e+00,6.018040847778320312e+01,2.474340820312500000e+01,1.535000038146972656e+01,1.000000000000000000e+00,5.499407717995968836e-01,4.500198392185226215e-01,5.989336342316939898e-01,4.008248167550567120e-01,1.804058422084613015e-03,2.983583473454817282e-04,2.267132715069425839e-06,0.000000000000000000e+00
1.000000000000000000e+00,6.018146896362304688e+01,2.474555969238281250e+01,1.535000038146972656e+01,1.000000000000000000e+00,3.301559918750197054e-01,6.698128756025579777e-01,5.499407717995968836e-01,4.500198392185226215e-01,2.398653005958070131e-03,1.804058422084613015e-03,3.535427191716496298e-07,0.000000000000000000e+00
1.000000000000000000e+00,6.018148040771484375e+01,2.474559783935546875e+01,1.535000038146972656e+01,1.000000000000000000e+00,2.303048228654980545e-01,7.676827428849934964e-01,3.301559918750197054e-01,6.698128756025579777e-01,3.982660869182796736e-05,2.398653005958070131e-03,5.564061972440039044e-06,0.000000000000000000e+00
1.000000000000000000e+00,6.018141174316406250e+01,2.474554252624511719e+01,1.536666679382324219e+01,1.000000000000000000e+00,-5.533997832837257436e-01,-4.457942698674457471e-01,2.303048228654980545e-01,7.676827428849934964e-01,8.817233529149032755e-05,3.982660869182796736e-05,2.337309280449300691e-09,0.000000000000000000e+00
1.000000000000000000e+00,6.018151855468750000e+01,2.474581909179687500e+01,1.536666679382324219e+01,1.000000000000000000e+00,2.785343123395284115e-01,7.212049158791360437e-01,-5.533997832837257436e-01,-4.457942698674457471e-01,2.964746295353834797e-04,8.817233529149032755e-05,4.338984578726943948e-08,0.000000000000000000e+00
1.000000000000000000e+00,6.018155288696289062e+01,2.474602508544921875e+01,1.536666679382324219e+01,1.000000000000000000e+00,1.427977244973164805e-01,8.567863469838987722e-01,2.785343123395284115e-01,7.212049158791360437e-01,2.088350783259734355e-04,2.964746295353834797e-04,7.680690936186806073e-09,0.000000000000000000e+00
1.000000000000000000e+00,6.018175506591796875e+01,2.474904441833496094e+01,1.536666679382324219e+01,1.000000000000000000e+00,6.275708094822639305e-02,9.372118786890791808e-01,1.427977244973164805e-01,8.567863469838987722e-01,3.026094414389730869e-03,2.088350783259734355e-04,7.936950166638403071e-06,0.000000000000000000e+00
1.000000000000000000e+00,6.018153381347656250e+01,2.475177383422851562e+01,1.536666679382324219e+01,1.000000000000000000e+00,-7.498129852650020633e-02,9.249848119950154768e-01,6.275708094822639305e-02,9.372118786890791808e-01,2.738368814242734574e-03,3.026094414389730869e-03,8.278602097994918930e-08,0.000000000000000000e+00
1.000000000000000000e+00,6.018138122558593750e+01,2.475339317321777344e+01,1.536666679382324219e+01,1.000000000000000000e+00,-8.610924154552944410e-02,9.138343259019312548e-01,-7.498129852650020633e-02,9.249848119950154768e-01,1.626512166107558143e-03,2.738368814242734574e-03,1.236225206002389559e-06,0.000000000000000000e+00
1.000000000000000000e+00,6.018140029907226562e+01,2.475348472595214844e+01,1.538333320617675781e+01,1.000000000000000000e+00,1.722580813018455559e-01,8.268387902488586461e-01,-8.610924154552944410e-02,9.138343259019312548e-01,9.351845300393114152e-05,1.626512166107558143e-03,2.350069724415245651e-06,0.000000000000000000e+00
1.000000000000000000e+00,6.018123626708984375e+01,2.475386810302734375e+01,1.538333320617675781e+01,1.000000000000000000e+00,-2.995968379696914985e-01,7.002205166500929945e-01,1.722580813018455559e-01,8.268387902488586461e-01,4.169945719581522395e-04,9.351845300393114152e-05,1.046367995336854016e-07,0.000000000000000000e+00
1.000000000000000000e+00,6.018121719360351562e+01,2.475497627258300781e+01,1.538333320617675781e+01,1.000000000000000000e+00,-1.691897285711652793e-02,9.829923229984702804e-01,-2.995968379696914985e-01,7.002205166500929945e-01,1.108333687109344656e-03,4.169945719581522395e-04,4.779497721380336886e-07,0.000000000000000000e+00
1.000000000000000000e+00,6.018092727661132812e+01,2.475785636901855469e+01,1.538333320617675781e+01,1.000000000000000000e+00,-9.145319206912373711e-02,9.085152633182687065e-01,-1.691897285711652793e-02,9.829923229984702804e-01,2.894651505865405809e-03,1.108333687109344656e-03,3.190931349605412057e-06,0.000000000000000000e+00
1.000000000000000000e+00,6.018093872070312500e+01,2.475848388671875000e+01,1.538333320617675781e+01,1.000000000000000000e+00,1.790764514523644768e-02,9.819358754637985687e-01,-9.145319206912373711e-02,9.085152633182687065e-01,6.276220449406389812e-04,2.894651505865405809e-03,5.139422576700839322e-06,0.000000000000000000e+00
1.000000000000000000e+00,6.018094635009765625e+01,2.475914382934570312e+01,1.538333320617675781e+01,1.000000000000000000e+00,1.142685972416255386e-02,9.884233661400609883e-01,1.790764514523644768e-02,9.819358754637985687e-01,6.599867260261413262e-04,6.276220449406389812e-04,1.047472581766273197e-09,0.000000000000000000e+00
1.000000000000000000e+00,6.018098449707031250e+01,2.475968551635742188e+01,1.539999961853027344e+01,1.000000000000000000e+00,6.577812938029720113e-02,9.340494372002201562e-01,1.142685972416255386e-02,9.884233661400609883e-01,5.430285537498244020e-04,6.599867260261413262e-04,1.367921406221662799e-08,0.000000000000000000e+00
1.000000000000000000e+00,6.018095016479492188e+01,2.476062011718750000e+01,1.539999961853027344e+01,1.000000000000000000e+00,-3.542941432740573382e-02,9.644673900238227571e-01,6.577812938029720113e-02,9.340494372002201562e-01,9.352312102984042513e-04,5.430285537498244020e-04,1.538229238037632740e-07,0.000000000000000000e+00
1.000000000000000000e+00,6.018181610107421875e+01,2.476526832580566406e+01,1.539999961853027344e+01,1.000000000000000000e+00,1.570362389410016601e-01,8.429456262097380081e-01,-3.542941432740573382e-02,9.644673900238227571e-01,4.728180305125554393e-03,9.352312102984042513e-04,1.438646283595009674e-05,0.000000000000000000e+00
1.000000000000000000e+00,6.018182373046875000e+01,2.476541709899902344e+01,1.539999961853027344e+01,1.000000000000000000e+00,4.874931867952213282e-02,9.506117142506815831e-01,1.570362389410016601e-01,8.429456262097380081e-01,1.489686904126482768e-04,4.728180305125554393e-03,2.096917901232157988e-05,0.000000000000000000e+00
1.000000000000000000e+00,6.018273544311523438e+01,2.476797676086425781e+01,1.539999961853027344e+01,1.000000000000000000e+00,2.626297970521408454e-01,7.373413967447134398e-01,4.874931867952213282e-02,9.506117142506815831e-01,2.717183986058850208e-03,1.489686904126482768e-04,6.595729804791108786e-06,0.000000000000000000e+00
1.000000000000000000e+00,6.018425369262695312e+01,2.477313232421875000e+01,1.539999961853027344e+01,1.000000000000000000e+00,2.274901608927843710e-01,7.724948553934625206e-01,2.626297970521408454e-01,7.373413967447134398e-01,5.374468818591932387e-03,2.717183986058850208e-03,7.061162681210370676e-06,0.000000000000000000e+00
1.000000000000000000e+00,6.018475723266601562e+01,2.477440071105957031e+01,1.541666698455810547e+01,1.000000000000000000e+00,2.841604971002471558e-01,7.157830703472135569e-01,2.274901608927843710e-01,7.724948553934625206e-01,1.364682288631752054e-03,5.374468818591932387e-03,1.607838801585010293e-05,0.000000000000000000e+00
1.000000000000000000e+00,6.018486022949218750e+01,2.477466773986816406e+01,1.541666698455810547e+01,1.000000000000000000e+00,2.782753111307618155e-01,7.214545103390120895e-01,2.841604971002471558e-01,7.157830703472135569e-01,2.862040021042281139e-04,1.364682288631752054e-03,1.163115414511343774e-06,0.000000000000000000e+00
1.000000000000000000e+00,6.018453979492187500e+01,2.477627372741699219e+01,1.541666698455810547e+01,1.000000000000000000e+00,-1.663279996263100913e-01,8.336200933651969347e-01,2.782753111307618155e-01,7.214545103390120895e-01,1.637642916157953455e-03,2.862040021042281139e-04,1.826387138418712664e-06,0.000000000000000000e+00
1.000000000000000000e+00,6.018379592895507812e+01,2.477691268920898438e+01,1.541666698455810547e+01,1.000000000000000000e+00,-5.378921364975917108e-01,4.620355531453672060e-01,-1.663279996263100913e-01,8.336200933651969347e-01,9.806165143339759267e-04,1.637642916157953455e-03,4.316836926937627694e-07,0.000000000000000000e+00
1.000000000000000000e+00,6.018201446533203125e+01,2.477896690368652344e+01,1.541666698455810547e+01,1.000000000000000000e+00,-4.644334412292374648e-01,5.355404884409943334e-01,-5.378921364975917108e-01,4.620355531453672060e-01,2.719082521728677024e-03,9.806165143339759267e-04,3.022264058866873121e-06,0.000000000000000000e+00
1.000000000000000000e+00,6.018179321289062500e+01,2.477925491333007812e+01,1.541666698455810547e+01,1.000000000000000000e+00,-4.343716345185324457e-01,5.654320414853309940e-01,-4.644334412292374648e-01,5.355404884409943334e-01,3.631834214398067134e-04,2.719082521728677024e-03,5.550260570741908476e-06,0.000000000000000000e+00
1.000000000000000000e+00,6.018222427368164062e+01,2.478199386596679688e+01,1.543333339691162109e+01,1.000000000000000000e+00,1.359764566290918852e-01,8.639919987583005723e-01,-4.343716345185324457e-01,5.654320414853309940e-01,2.772665676157082260e-03,3.631834214398067134e-04,5.805604735797445809e-06,0.000000000000000000e+00
1.000000000000000000e+00,6.018255615234375000e+01,2.478435134887695312e+01,1.543333339691162109e+01,1.000000000000000000e+00,1.233996668819467984e-01,8.765631509545186439e-01,1.359764566290918852e-01,8.639919987583005723e-01,2.380728694757613343e-03,2.772665676157082260e-03,1.536145973885276436e-07,0.000000000000000000e+00
1.000000000000000000e+00,6.018261337280273438e+01,2.478473472595214844e+01,1.543333339691162109e+01,1.000000000000000000e+00,1.298406606492249205e-01,8.699324263498068310e-01,1.233996668819467984e-01,8.765631509545186439e-01,3.876237385812365604e-04,2.380728694757613343e-03,3.972467366334836435e-06,0.000000000000000000e+00
1.000000000000000000e+00,6.018311309814453125e+01,2.478833770751953125e+01,1.543333339691162109e+01,1.000000000000000000e+00,1.218008433881646452e-01,8.781747830543626954e-01,1.298406606492249205e-01,8.699324263498068310e-01,3.637471868225830400e-03,3.876237385812365604e-04,1.056151286575446410e-05,0.000000000000000000e+00
1.000000000000000000e+00,6.018311309814453125e+01,2.478833770751953125e+01,1.543333339691162109e+01,1.000000000000000000e+00,0.000000000000000000e+00,0.000000000000000000e+00,1.218008433881646452e-01,8.781747830543626954e-01,0.000000000000000000e+00,3.637471868225830400e-03,1.323120159213431349e-05,0.000000000000000000e+00
1.000000000000000000e+00,6.018279647827148438e+01,2.479052162170410156e+01,1.543333339691162109e+01,1.000000000000000000e+00,-1.266158365245080297e-01,8.733441736178415571e-01,0.000000000000000000e+00,0.000000000000000000e+00,2.206746317449206126e-03,0.000000000000000000e+00,4.869729309575632215e-06,0.000000000000000000e+00
1.000000000000000000e+00,6.018255615234375000e+01,2.479463768005371094e+01,1.544999980926513672e+01,1.000000000000000000e+00,-5.516510847616493823e-02,9.448119372346344136e-01,-1.266158365245080297e-01,8.733441736178415571e-01,4.123068382761853161e-03,2.206746317449206126e-03,3.672290258004128862e-06,0.000000000000000000e+00
1.000000000000000000e+00,6.018170547485351562e+01,2.479572868347167969e+01,1.544999980926513672e+01,1.000000000000000000e+00,-4.380913864384269885e-01,5.618571144456956379e-01,-5.516510847616493823e-02,9.448119372346344136e-01,1.383452438796126463e-03,4.123068382761853161e-03,7.505495520431219625e-06,0.000000000000000000e+00
1.000000000000000000e+00,6.018153381347656250e+01,2.479583549499511719e+01,1.544999980926513672e+01,1.000000000000000000e+00,-6.162170717697780242e-01,3.834239557678619237e-01,-4.380913864384269885e-01,5.618571144456956379e-01,2.021789550781250000e-04,1.383452438796126463e-03,1.395407043335263522e-06,0.000000000000000000e+00
1.000000000000000000e+00,6.018056869506835938e+01,2.479705810546875000e+01,1.544999980926513672e+01,1.000000000000000000e+00,-4.411306643841527153e-01,5.588236282020591084e-01,-6.162170717697780242e-01,3.834239557678619237e-01,1.557636001153409446e-03,2.021789550781250000e-04,1.837263803755135861e-06,0.000000000000000000e+00
1.000000000000000000e+00,6.017959213256835938e+01,2.479789733886718750e+01,1.544999980926513672e+01,1.000000000000000000e+00,-5.377855089822548562e-01,4.621594217816252792e-01,-4.411306643841527153e-01,5.588236282020591084e-01,1.287628445421739503e-03,1.557636001153409446e-03,7.290408015219084454e-08,0.000000000000000000e+00
1.000000000000000000e+00,6.017890167236328125e+01,2.479843139648437500e+01,1.544999980926513672e+01,1.000000000000000000e+00,-5.638168843572171074e-01,4.361014575138695837e-01,-5.377855089822548562e-01,4.621594217816252792e-01,8.728990968448281694e-04,1.287628445421739503e-03,1.720004325710292304e-07,0.000000000000000000e+00
1.000000000000000000e+00,6.017887878417968750e+01,2.479882431030273438e+01,1.546666622161865234e+01,1.000000000000000000e+00,-5.503263626110088680e-02,9.447269224822318900e-01,-5.638168843572171074e-01,4.361014575138695837e-01,3.935798999008525870e-04,8.728990968448281694e-04,2.297468925590176621e-07,0.000000000000000000e+00
1.000000000000000000e+00,6.017915725708007812e+01,2.480147361755371094e+01,1.546666622161865234e+01,1.000000000000000000e+00,9.511075795250388543e-02,9.048550876440266677e-01,-5.503263626110088680e-02,9.447269224822318900e-01,2.663902413064142029e-03,3.935798999008525870e-04,5.154364313776075066e-06,0.000000000000000000e+00
1.000000000000000000e+00,6.017886352539062500e+01,2.480232238769531250e+01,1.546666622161865234e+01,1.000000000000000000e+00,-2.570726577446437733e-01,7.428398227036784318e-01,9.511075795250388543e-02,9.048550876440266677e-01,8.981587046081129875e-04,2.663902413064142029e-03,3.117850843952050127e-06,0.000000000000000000e+00
1.000000000000000000e+00,6.017888259887695312e+01,2.480155563354492188e+01,1.546666622161865234e+01,1.000000000000000000e+00,2.426875635491946431e-02,-9.756040054677624918e-01,-2.570726577446437733e-01,7.428398227036784318e-01,7.669913461193407240e-04,8.981587046081129875e-04,1.720487593292209876e-08,0.000000000000000000e+00
1.000000000000000000e+00,6.017802429199218750e+01,2.480246543884277344e+01,1.546666622161865234e+01,1.000000000000000000e+00,-4.854094396608089612e-01,5.145340060404575144e-01,2.426875635491946431e-02,-9.756040054677624918e-01,1.250774315548109630e-03,7.669913461193407240e-04,2.340459615093171468e-07,0.000000000000000000e+00
1.000000000000000000e+00,6.017785263061523438e+01,2.480242729187011719e+01,1.546666622161865234e+01,1.000000000000000000e+00,-8.177920376801351976e-01,-1.817315639289189266e-01,-4.854094396608089612e-01,5.145340060404575144e-01,1.758488551577165181e-04,1.250774315548109630e-03,1.155464745395498641e-06,0.000000000000000000e+00
1.000000000000000000e+00,6.017767333984375000e+01,2.480284118652343750e+01,1.548333358764648438e+01,1.000000000000000000e+00,-3.021998585982428875e-01,6.976315884661563604e-01,-8.177920376801351976e-01,-1.817315639289189266e-01,4.510587154535471589e-04,1.758488551577165181e-04,7.574046720405063592e-08,0.000000000000000000e+00
1.000000000000000000e+00,6.017766952514648438e+01,2.480332756042480469e+01,1.548333358764648438e+01,1.000000000000000000e+00,-7.780513918256353086e-03,9.920155245776850483e-01,-3.021998585982428875e-01,6.976315884661563604e-01,4.863888607342554959e-04,4.510587154535471589e-04,1.248219165555957561e-09,0.000000000000000000e+00
1.000000000000000000e+00,6.017767715454101562e+01,2.480365562438964844e+01,1.548333358764648438e+01,1.000000000000000000e+00,2.272050449553354723e-02,9.769816933079426002e-01,-7.780513918256353086e-03,9.920155245776850483e-01,3.281526667420435863e-04,4.863888607342554959e-04,2.503869308914092167e-08,0.000000000000000000e+00
1.000000000000000000e+00,6.017776107788085938e+01,2.480378150939941406e+01,1.548333358764648438e+01,1.000000000000000000e+00,3.998094406436216719e-01,5.997141609654325078e-01,2.272050449553354723e-02,9.769816933079426002e-01,1.512949525074153135e-04,3.281526667420435863e-04,3.127865108429743653e-08,0.000000000000000000e+00
1.000000000000000000e+00,6.017767715454101562e+01,2.480380630493164062e+01,1.548333358764648438e+01,1.000000000000000000e+00,-7.712204532824376013e-01,2.278605884698111095e-01,3.998094406436216719e-01,5.997141609654325078e-01,8.750968740047043964e-05,1.512949525074153135e-04,4.068560044763238941e-09,0.000000000000000000e+00
1.000000000000000000e+00,6.017776107788085938e+01,2.480347251892089844e+01,1.548333358764648438e+01,1.000000000000000000e+00,2.008651547076568955e-01,-7.988955016781809082e-01,-7.712204532824376013e-01,2.278605884698111095e-01,3.441747055460544027e-04,8.750968740047043964e-05,6.587693153967296312e-08,0.000000000000000000e+00
1.000000000000000000e+00,6.017765426635742188e+01,2.480289649963378906e+01,1.550000000000000000e+01,1.000000000000000000e+00,-1.564016761111829690e-01,-8.434518961710224527e-01,2.008651547076568955e-01,-7.988955016781809082e-01,5.858386472920954499e-04,3.441747055460544027e-04,5.840146074023392033e-08,0.000000000000000000e+00
1.000000000000000000e+00,6.017756652832031250e+01,2.480321121215820312e+01,1.550000000000000000e+01,1.000000000000000000e+00,-2.179553216304895569e-01,7.817962623702343627e-01,-1.564016761111829690e-01,-8.434518961710224527e-01,3.267138444860853501e-04,5.858386472920954499e-04,6.714566342925361933e-08,0.000000000000000000e+00
1.000000000000000000e+00,6.017767715454101562e+01,2.480323791503906250e+01,1.550000000000000000e+01,1.000000000000000000e+00,8.049693947305215369e-01,1.943029573487465855e-01,-2.179553216304895569e-01,7.817962623702343627e-01,1.138033591474632149e-04,3.267138444860853501e-04,4.533087476712762791e-08,0.000000000000000000e+00
1.000000000000000000e+00,6.017771911621093750e+01,2.480321693420410156e+01,1.550000000000000000e+01,1.000000000000000000e+00,6.656091790749125714e-01,-3.328045895374562857e-01,8.049693947305215369e-01,1.943029573487465855e-01,4.691457319736039706e-05,1.138033591474632149e-04,4.474109685878673137e-09,0.000000000000000000e+00
1.000000000000000000e+00,6.017777633666992188e+01,2.480377769470214844e+01,1.551666641235351562e+01,1.000000000000000000e+00,9.257761193487466789e-02,9.072605969617717481e-01,6.656091790749125714e-01,-3.328045895374562857e-01,5.636723490611916061e-04,4.691457319736039706e-05,2.670385989157336562e-07,0.000000000000000000e+00
1.000000000000000000e+00,6.017744827270507812e+01,2.480388450622558594e+01,1.551666641235351562e+01,1.000000000000000000e+00,-7.542125330787092796e-01,2.455575689093472125e-01,9.257761193487466789e-02,9.072605969617717481e-01,3.450140092344669649e-04,5.636723490611916061e-04,4.781146957577939852e-08,0.000000000000000000e+00
1.000000000000000000e+00,6.017745590209960938e+01,2.480365562438964844e+01,1.551666641235351562e+01,1.000000000000000000e+00,3.224443115457970022e-02,-9.673329346373910065e-01,-7.542125330787092796e-01,2.455575689093472125e-01,2.290089572113591671e-04,3.450140092344669649e-04,1.345717209488394707e-08,0.000000000000000000e+00
1.000000000000000000e+00,6.017780303955078125e+01,2.480410575866699219e+01,1.551666641235351562e+01,1.000000000000000000e+00,4.353520933305483065e-01,5.645224946484033168e-01,3.224443115457970022e-02,-9.673329346373910065e-01,5.684410942620931814e-04,2.290089572113591671e-04,1.152141756628282833e-07,0.000000000000000000e+00
1.000000000000000000e+00,6.017780303955078125e+01,2.480404281616210938e+01,1.551666641235351562e+01,1.000000000000000000e+00,0.000000000000000000e+00,-9.984137686123689681e-01,4.353520933305483065e-01,5.645224946484033168e-01,6.294250488281250000e-05,5.684410942620931814e-04,2.555288238644426287e-07,0.000000000000000000e+00
1.000000000000000000e+00,6.017780685424804688e+01,2.480398368835449219e+01,1.553333377838134766e+01,1.000000000000000000e+00,6.050992537044660308e-02,-9.379038432419223303e-01,0.000000000000000000e+00,-9.984137686123689681e-01,5.925073458484293601e-05,6.294250488281250000e-05,1.362916793297028363e-11,0.000000000000000000e+00
1.000000000000000000e+00,6.017752075195312500e+01,2.480390739440917969e+01,1.553333377838134766e+01,1.000000000000000000e+00,-7.892558961077587032e-01,-2.104682389620689820e-01,6.050992537044660308e-02,-9.379038432419223303e-01,2.961001338245396533e-04,5.925073458484293601e-05,5.609763792020524884e-08,0.000000000000000000e+00
1.000000000000000000e+00,6.017751693725585938e+01,2.480412101745605469e+01,1.553333377838134766e+01,1.000000000000000000e+00,-1.753579490628085630e-02,9.820045147517278972e-01,-7.892558961077587032e-01,-2.104682389620689820e-01,2.136571039572211588e-04,2.961001338245396533e-04,6.796853173703569270e-09,0.000000000000000000e+00
1.000000000000000000e+00,6.017781448364257812e+01,2.480398750305175781e+01,1.553333377838134766e+01,1.000000000000000000e+00,6.901053920461127644e-01,-3.096626759181275168e-01,-1.753579490628085630e-02,9.820045147517278972e-01,3.261287298048629914e-04,2.136571039572211588e-04,1.264986662081193496e-08,0.000000000000000000e+00
1.000000000000000000e+00,6.017781448364257812e+01,2.480396652221679688e+01,1.553333377838134766e+01,1.000000000000000000e+00,0.000000000000000000e+00,-9.952563548746860000e-01,6.901053920461127644e-01,-3.096626759181275168e-01,2.098083496093750000e-05,3.261287298048629914e-04,9.311523772767941048e-08,0.000000000000000000e+00
1.000000000000000000e+00,6.017781448364257812e+01,2.480396270751953125e+01,1.553333377838134766e+01,1.000000000000000000e+00,0.000000000000000000e+00,-9.744552405423272390e-01,0.000000000000000000e+00,-9.952563548746860000e-01,3.814697265625000000e-06,2.098083496093750000e-05,2.946762833744287491e-10,0.000000000000000000e+00
1.000000000000000000e+00,6.017781448364257812e+01,2.480394935607910156e+01,1.555000019073486328e+01,1.000000000000000000e+00,0.000000000000000000e+00,-9.925658519232408716e-01,0.000000000000000000e+00,-9.744552405423272390e-01,1.335144042968750000e-05,3.814697265625000000e-06,9.094947017729282379e-11,0.000000000000000000e+00
1.000000000000000000e+00,6.017781448364257812e+01,2.480393981933593750e+01,1.555000019073486328e+01,1.000000000000000000e+00,0.000000000000000000e+00,-9.896230502050814559e-01,0.000000000000000000e+00,-9.925658519232408716e-01,9.536743164062500000e-06,1.335144042968750000e-05,1.455191522836685181e-11,0.000000000000000000e+00
1.000000000000000000e+00,6.017781448364257812e+01,2.480392646789550781e+01,1.555000019073486328e+01,1.000000000000000000e+00,0.000000000000000000e+00,-9.925658519232408716e-01,0.000000000000000000e+00,-9.896230502050814559e-01,1.335144042968750000e-05,9.536743164062500000e-06,1.455191522836685181e-11,0.000000000000000000e+00
1.000000000000000000e+00,6.017781448364257812e+01,2.480392646789550781e+01,1.555000019073486328e+01,1.000000000000000000e+00,0.000000000000000000e+00,0.000000000000000000e+00,0.000000000000000000e+00,-9.925658519232408716e-01,0.000000000000000000e+00,1.335144042968750000e-05,1.782609615474939346e-10,0.000000000000000000e+00
1.000000000000000000e+00,6.017781829833984375e+01,2.480374336242675781e+01,1.555000019073486328e+01,1.000000000000000000e+00,2.039725098579098228e-02,-9.790680473179670384e-01,0.000000000000000000e+00,0.000000000000000000e+00,1.831452008691071098e-04,0.000000000000000000e+00,3.354216460138559341e-08,0.000000000000000000e+00
1.000000000000000000e+00,6.017783355712890625e+01,2.480382537841796875e+01,1.555000019073486328e+01,1.000000000000000000e+00,1.567016533403401968e-01,8.422713867043285507e-01,2.039725098579098228e-02,-9.790680473179670384e-01,8.342333880855193752e-05,1.831452008691071098e-04,9.944449772824392828e-09,0.000000000000000000e+00
1.000000000000000000e+00,6.017783737182617188e+01,2.480375099182128906e+01,1.556666660308837891e+01,1.000000000000000000e+00,4.871818936082047274e-02,-9.500046925359991734e-01,1.567016533403401968e-01,8.422713867043285507e-01,7.448434520632413842e-05,8.342333880855193752e-05,7.990560662066952664e-11,0.000000000000000000e+00
1.000000000000000000e+00,6.017752456665039062e+01,2.480403518676757812e+01,1.561666679382324219e+01,1.000000000000000000e+00,-5.238739102860460184e-01,4.759586136135418033e-01,4.871818936082047274e-02,-9.500046925359991734e-01,4.226273127612339216e-04,7.448434520632413842e-05,1.212035258579389749e-07,0.000000000000000000e+00
1.000000000000000000e+00,6.017750930786132812e+01,2.480405616760253906e+01,1.561666679382324219e+01,1.000000000000000000e+00,-4.198939717334096433e-01,5.773542111334382110e-01,-5.238739102860460184e-01,4.759586136135418033e-01,2.594274617907608784e-05,4.226273127612339216e-04,1.573586453644744216e-07,0.000000000000000000e+00
1.000000000000000000e+00,6.017749404907226562e+01,2.480406188964843750e+01,1.561666679382324219e+01,1.000000000000000000e+00,-7.238228035452262121e-01,2.714335513294598434e-01,-4.198939717334096433e-01,5.773542111334382110e-01,1.629639386237627101e-05,2.594274617907608784e-05,9.305211301789991979e-11,0.000000000000000000e+00
1.000000000000000000e+00,6.017755508422851562e+01,2.480402946472167969e+01,1.561666679382324219e+01,1.000000000000000000e+00,6.523632118293803961e-01,-3.465679562843583250e-01,-7.238228035452262121e-01,2.714335513294598434e-01,6.911342976376891128e-05,1.629639386237627101e-05,2.789639281408998769e-09,0.000000000000000000e+00
1.000000000000000000e+00,6.017766952514648438e+01,2.480396652221679688e+01,1.561666679382324219e+01,1.000000000000000000e+00,6.447977852244948238e-01,-3.546387818734721420e-01,6.523632118293803961e-01,-3.465679562843583250e-01,1.306081261884307107e-04,6.911342976376891128e-05,3.781597688361312708e-09,0.000000000000000000e+00
1.000000000000000000e+00,6.017771530151367188e+01,2.480392456054687500e+01,1.561666679382324219e+01,1.000000000000000000e+00,5.211451518491897472e-01,-4.777163891950906294e-01,6.447977852244948238e-01,-3.546387818734721420e-01,6.209877241554148143e-05,1.306081261884307107e-04,4.693531554378891609e-09,0.000000000000000000e+00
1.000000000000000000e+00,6.017772674560546875e+01,2.480391883850097656e+01,1.563333320617675781e+01,1.000000000000000000e+00,6.628055445186158412e-01,-3.314027722593079206e-01,5.211451518491897472e-01,-4.777163891950906294e-01,1.279488359928010829e-05,6.209877241554148143e-05,2.430873452406263197e-09,0.000000000000000000e+00
1.000000000000000000e+00,6.017775726318359375e+01,2.480388450622558594e+01,1.563333320617675781e+01,1.000000000000000000e+00,4.698636944217030043e-01,-5.285966562244158728e-01,6.628055445186158412e-01,-3.314027722593079206e-01,4.593503791348379432e-05,1.279488359928010829e-05,1.098269827969233174e-09,0.000000000000000000e+00
1.000000000000000000e+00,6.017776107788085938e+01,2.480306816101074219e+01,1.563333320617675781e+01,1.000000000000000000e+00,4.650595755454085128e-03,-9.952274916671741689e-01,4.698636944217030043e-01,-5.285966562244158728e-01,8.163541276391738993e-04,4.593503791348379432e-05,5.935455738137610161e-07,0.000000000000000000e+00
1.000000000000000000e+00,6.017775344848632812e+01,2.480317306518554688e+01,1.563333320617675781e+01,1.000000000000000000e+00,-6.773641798116862567e-02,9.313757472410685301e-01,4.650595755454085128e-03,-9.952274916671741689e-01,1.051812414471606265e-04,8.163541276391738993e-04,5.057668740546781983e-07,0.000000000000000000e+00
1.000000000000000000e+00,6.017775344848632812e+01,2.480319595336914062e+01,1.563333320617675781e+01,1.000000000000000000e+00,0.000000000000000000e+00,9.956499390396731375e-01,-6.773641798116862567e-02,9.313757472410685301e-01,2.288818359375000000e-05,1.051812414471606265e-04,6.772147370864788066e-09,0.000000000000000000e+00
1.000000000000000000e+00,6.017751693725585938e+01,2.480331420898437500e+01,1.564999961853027344e+01,1.000000000000000000e+00,-6.664788027749735111e-01,3.332394013874867555e-01,0.000000000000000000e+00,9.956499390396731375e-01,2.644275943851222515e-04,2.288818359375000000e-05,5.834128696544327418e-08,0.000000000000000000e+00
1.000000000000000000e+00,6.017745971679687500e+01,2.480301856994628906e+01,1.564999961853027344e+01,1.000000000000000000e+00,-1.621162186010713935e-01,-8.376004627722022366e-01,-6.664788027749735111e-01,3.332394013874867555e-01,3.011255913514507862e-04,2.644275943851222515e-04,1.346742981340658233e-09,0.000000000000000000e+00
1.000000000000000000e+00,6.017745971679687500e+01,2.480301856994628906e+01,1.566666698455810547e+01,1.000000000000000000e+00,0.000000000000000000e+00,0.000000000000000000e+00,-1.621162186010713935e-01,-8.376004627722022366e-01,0.000000000000000000e+00,3.011255913514507862e-04,9.067662176676093209e-08,0.000000000000000000e+00
1.000000000000000000e+00,6.017745971679687500e+01,2.480319213867187500e+01,1.566666698455810547e+01,1.000000000000000000e+00,0.000000000000000000e+00,9.994241910875857338e-01,0.000000000000000000e+00,0.000000000000000000e+00,1.735687255859375000e-04,0.000000000000000000e+00,3.012610250152647495e-08,0.000000000000000000e+00
1.000000000000000000e+00,6.017745971679687500e+01,2.480319213867187500e+01,1.566666698455810547e+01,1.000000000000000000e+00,0.000000000000000000e+00,0.000000000000000000e+00,0.000000000000000000e+00,9.994241910875857338e-01,0.000000000000000000e+00,1.735687255859375000e-04,3.012610250152647495e-08,0.000000000000000000e+00
1.000000000000000000e+00,6.017745971679687500e+01,2.480319213867187500e+01,1.566666698455810547e+01,1.000000000000000000e+00,0.000000000000000000e+00,0.000000000000000000e+00,0.000000000000000000e+00,0.000000000000000000e+00,0.000000000000000000e+00,0.000000000000000000e+00,0.000000000000000000e+00,0.000000000000000000e+00
1.000000000000000000e+00,6.017745971679687500e+01,2.480319213867187500e+01,1.566666698455810547e+01,1.000000000000000000e+00,0.000000000000000000e+00,0.000000000000000000e+00,0.000000000000000000e+00,0.000000000000000000e+00,0.000000000000000000e+00,0.000000000000000000e+00,0.000000000000000000e+00,0.000000000000000000e+00
1.000000000000000000e+00,6.017745971679687500e+01,2.480319213867187500e+01,1.566666698455810547e+01,1.000000000000000000e+00,0.000000000000000000e+00,0.000000000000000000e+00,0.000000000000000000e+00,0.000000000000000000e+00,0.000000000000000000e+00,0.000000000000000000e+00,0.000000000000000000e+00,0.000000000000000000e+00
1.000000000000000000e+00,6.017745971679687500e+01,2.480319213867187500e+01,1.568333339691162109e+01,1.000000000000000000e+00,0.000000000000000000e+00,0.000000000000000000e+00,0.000000000000000000e+00,0.000000000000000000e+00,0.000000000000000000e+00,0.000000000000000000e+00,0.000000000000000000e+00,0.000000000000000000e+00
1.000000000000000000e+00,6.017745971679687500e+01,2.480319213867187500e+01,1.568333339691162109e+01,1.000000000000000000e+00,0.000000000000000000e+00,0.000000000000000000e+00,0.000000000000000000e+00,0.000000000000000000e+00,0.000000000000000000e+00,0.000000000000000000e+00,0.000000000000000000e+00,0.000000000000000000e+00
1.000000000000000000e+00,6.017745971679687500e+01,2.480319213867187500e+01,1.568333339691162109e+01,1.000000000000000000e+00,0.000000000000000000e+00,0.000000000000000000e+00,0.000000000000000000e+00,0.000000000000000000e+00,0.000000000000000000e+00,0.000000000000000000e+00,0.000000000000000000e+00,0.000000000000000000e+00
1.000000000000000000e+00,6.017744064331054688e+01,2.480295753479003906e+01,1.575000000000000000e+01,1.000000000000000000e+00,-7.515834239322055632e-02,-9.244476114366129149e-01,0.000000000000000000e+00,0.000000000000000000e+00,2.353779498024394365e-04,0.000000000000000000e+00,5.540277925319969654e-08,0.000000000000000000e+00
1.000000000000000000e+00,6.017736053466796875e+01,2.480370330810546875e+01,1.575000000000000000e+01,1.000000000000000000e+00,-9.698594721286551978e-02,9.028929847673908826e-01,-7.515834239322055632e-02,-9.244476114366129149e-01,7.500634857281735348e-04,2.353779498024394365e-04,2.649012008911601428e-07,0.000000000000000000e+00
1.000000000000000000e+00,6.017741012573242188e+01,2.480414390563964844e+01,1.575000000000000000e+01,1.000000000000000000e+00,1.011466809373325892e-01,8.986493575586087523e-01,-9.698594721286551978e-02,9.028929847673908826e-01,4.433795899664472618e-04,7.500634857281735348e-04,9.405501191958938355e-08,0.000000000000000000e+00
1.000000000000000000e+00,6.017752075195312500e+01,2.480406379699707031e+01,1.575000000000000000e+01,1.000000000000000000e+00,5.796960723056430176e-01,-4.197799144282242656e-01,1.011466809373325892e-01,8.986493575586087523e-01,1.365853408048107716e-04,4.433795899664472618e-04,9.412271131865231147e-08,0.000000000000000000e+00
1.000000000000000000e+00,6.017757415771484375e+01,2.480380058288574219e+01,1.575000000000000000e+01,1.000000000000000000e+00,1.686214420490307064e-01,-8.310628215273656583e-01,5.796960723056430176e-01,-4.197799144282242656e-01,2.685774446728810775e-04,1.365853408048107716e-04,1.742191548351945858e-08,0.000000000000000000e+00
1.000000000000000000e+00,6.017757415771484375e+01,2.480380058288574219e+01,1.576666641235351562e+01,1.000000000000000000e+00,0.000000000000000000e+00,0.000000000000000000e+00,1.686214420490307064e-01,-8.310628215273656583e-01,0.000000000000000000e+00,2.685774446728810775e-04,7.213384378701449764e-08,0.000000000000000000e+00
1.000000000000000000e+00,6.017779541015625000e+01,2.480369567871093750e+01,1.576666641235351562e+01,1.000000000000000000e+00,6.781546500905341057e-01,-3.215388427153394457e-01,0.000000000000000000e+00,0.000000000000000000e+00,2.448622647932476460e-04,0.000000000000000000e+00,5.995752871967852116e-08,0.000000000000000000e+00
1.000000000000000000e+00,6.017782211303710938e+01,2.480393028259277344e+01,1.576666641235351562e+01,1.000000000000000000e+00,1.021506887734922042e-01,8.974667656528243498e-01,6.781546500905341057e-01,-3.215388427153394457e-01,2.361186676624287939e-04,2.448622647932476460e-04,7.645049078606366485e-11,0.000000000000000000e+00
1.000000000000000000e+00,6.017782211303710938e+01,2.480393028259277344e+01,1.576666641235351562e+01,1.000000000000000000e+00,0.000000000000000000e+00,0.000000000000000000e+00,1.021506887734922042e-01,8.974667656528243498e-01,0.000000000000000000e+00,2.361186676624287939e-04,5.575202521868049437e-08,0.000000000000000000e+00
1.000000000000000000e+00,6.017781448364257812e+01,2.480393600463867188e+01,1.576666641235351562e+01,1.000000000000000000e+00,-5.671804868132804822e-01,4.253853651099603894e-01,0.000000000000000000e+00,0.000000000000000000e+00,9.536743164062500000e-06,0.000000000000000000e+00,9.094947017729282379e-11,0.000000000000000000e+00
1.000000000000000000e+00,6.017780685424804688e+01,2.480392646789550781e+01,1.576666641235351562e+01,1.000000000000000000e+00,-4.418703630124105608e-01,-5.523379537655132010e-01,-5.671804868132804822e-01,4.253853651099603894e-01,1.221299025999612528e-05,9.536743164062500000e-06,7.162298518493162882e-12,0.000000000000000000e+00
1.000000000000000000e+00,6.017780303955078125e+01,2.480395126342773438e+01,1.578333377838134766e+01,1.000000000000000000e+00,-1.328689227880619494e-01,8.636479981224026714e-01,-4.418703630124105608e-01,-5.523379537655132010e-01,2.508725440591031141e-05,1.221299025999612528e-05,1.657466772987715213e-10,0.000000000000000000e+00
1.000000000000000000e+00,6.017780303955078125e+01,2.480395126342773438e+01,1.578333377838134766e+01,1.000000000000000000e+00,0.000000000000000000e+00,0.000000000000000000e+00,-1.328689227880619494e-01,8.636479981224026714e-01,0.000000000000000000e+00,2.508725440591031141e-05,6.293703336268663406e-10,0.000000000000000000e+00
1.000000000000000000e+00,6.017780303955078125e+01,2.480395126342773438e+01,1.578333377838134766e+01,1.000000000000000000e+00,0.000000000000000000e+00,0.000000000000000000e+00,0.000000000000000000e+00,0.000000000000000000e+00,0.000000000000000000e+00,0.000000000000000000e+00,0.000000000000000000e+00,0.000000000000000000e+00
1.000000000000000000e+00,6.017750930786132812e+01,2.480328178405761719e+01,1.580000019073486328e+01,1.000000000000000000e+00,-3.049188385568258886e-01,-6.949773528145837265e-01,0.000000000000000000e+00,0.000000000000000000e+00,7.310820285039793193e-04,0.000000000000000000e+00,5.344809324014931917e-07,0.000000000000000000e+00
1.000000000000000000e+00,6.017742919921875000e+01,2.480318260192871094e+01,1.580000019073486328e+01,1.000000000000000000e+00,-4.465594406850660891e-01,-5.528831170386532268e-01,-3.049188385568258886e-01,-6.949773528145837265e-01,1.274930951467010722e-04,7.310820285039793193e-04,3.643196004713769064e-07,0.000000000000000000e+00
1.000000000000000000e+00,6.017735290527343750e+01,2.480326843261718750e+01,1.580000019073486328e+01,1.000000000000000000e+00,-4.702981509682648831e-01,5.290854198392980212e-01,-4.465594406850660891e-01,-5.528831170386532268e-01,1.148375947837094790e-04,1.274930951467010722e-04,1.601616894376803439e-10,0.000000000000000000e+00
1.000000000000000000e+00,6.017734909057617188e+01,2.480319976806640625e+01,1.580000019073486328e+01,1.000000000000000000e+00,-5.255906293161502485e-02,-9.460631327690703918e-01,-4.702981509682648831e-01,5.290854198392980212e-01,6.877043295791605403e-05,1.148375947837094790e-04,2.122183398683839069e-09,0.000000000000000000e+00
1.000000000000000000e+00,6.017734909057617188e+01,2.480319976806640625e+01,1.580000019073486328e+01,1.000000000000000000e+00,0.000000000000000000e+00,0.000000000000000000e+00,-5.255906293161502485e-02,-9.460631327690703918e-01,0.000000000000000000e+00,6.877043295791605403e-05,4.729372449219226837e-09,0.000000000000000000e+00
1.000000000000000000e+00,6.017703247070312500e+01,2.480293655395507812e+01,1.580000019073486328e+01,1.000000000000000000e+00,-5.459584738564667861e-01,-4.538690927240506823e-01,0.000000000000000000e+00,0.000000000000000000e+00,4.117399815544682345e-04,0.000000000000000000e+00,1.695298124104738500e-07,0.000000000000000000e+00
1.000000000000000000e+00,6.017703247070312500e+01,2.480293655395507812e+01,1.581666660308837891e+01,1.000000000000000000e+00,0.000000000000000000e+00,0.000000000000000000e+00,-5.459584738564667861e-01,-4.538690927240506823e-01,0.000000000000000000e+00,4.117399815544682345e-04,1.695298124104738500e-07,0.000000000000000000e+00
1.000000000000000000e+00,6.017688369750976562e+01,2.480253219604492188e+01,1.581666660308837891e+01,1.000000000000000000e+00,-2.689169000332122250e-01,-7.309023436800127227e-01,0.000000000000000000e+00,0.000000000000000000e+00,4.308581931079829468e-04,0.000000000000000000e+00,1.856387825682759285e-07,0.000000000000000000e+00
1.000000000000000000e+00,6.017657470703125000e+01,2.480262565612792969e+01,1.581666660308837891e+01,1.000000000000000000e+00,-7.675817848725936532e-01,2.321697991281301832e-01,-2.689169000332122250e-01,-7.309023436800127227e-01,3.228155865647476790e-04,4.308581931079829468e-04,1.167320482865634434e-08,0.000000000000000000e+00
1.000000000000000000e+00,6.017659378051757812e+01,2.480263137817382812e+01,1.581666660308837891e+01,1.000000000000000000e+00,7.661409346281973232e-01,2.298422803884591914e-01,-7.675817848725936532e-01,2.321697991281301832e-01,1.991330434591398368e-05,3.228155865647476790e-04,9.174979257337798715e-08,0.000000000000000000e+00
1.000000000000000000e+00,6.017650222778320312e+01,2.480270195007324219e+01,1.581666660308837891e+01,1.000000000000000000e+00,-5.643577811619178153e-01,4.350257896456450335e-01,7.661409346281973232e-01,2.298422803884591914e-01,1.155953985176220669e-04,1.991330434591398368e-05,9.155063145083613352e-09,0.000000000000000000e+00
1.000000000000000000e+00,6.017655181884765625e+01,2.480283546447753906e+01,1.581666660308837891e+01,1.000000000000000000e+00,2.706855029573182470e-01,7.287686618081644641e-01,-5.643577811619178153e-01,4.350257896456450335e-01,1.424267173965032269e-04,1.155953985176220669e-04,7.199196727802045070e-10,0.000000000000000000e+00
1.000000000000000000e+00,6.017663955688476562e+01,2.480297660827636719e+01,1.583333301544189453e+01,1.000000000000000000e+00,3.831659255860053181e-01,6.163973585513998765e-01,2.706855029573182470e-01,7.287686618081644641e-01,1.661912606109006119e-04,1.424267173965032269e-04,5.647535141889607651e-10,0.000000000000000000e+00
1.000000000000000000e+00,6.017683410644531250e+01,2.480311965942382812e+01,1.583333301544189453e+01,1.000000000000000000e+00,5.761005409037348590e-01,4.236033388998050042e-01,3.831659255860053181e-01,6.163973585513998765e-01,2.414811841508010136e-04,1.661912606109006119e-04,5.668572586644048595e-09,0.000000000000000000e+00
1.000000000000000000e+00,6.017677688598632812e+01,2.480292892456054688e+01,1.583333301544189453e+01,1.000000000000000000e+00,-2.306761994128939952e-01,-7.689206647096467062e-01,5.761005409037348590e-01,4.236033388998050042e-01,1.991330434591398165e-04,2.414811841508010136e-04,1.793365020040730917e-09,0.000000000000000000e+00
1.000000000000000000e+00,6.017674255371093750e+01,2.480302810668945312e+01,1.583333301544189453e+01,1.000000000000000000e+00,-2.569504056938565206e-01,7.423011720044744299e-01,-2.306761994128939952e-01,-7.689206647096467062e-01,1.049561805129822095e-04,1.991330434591398165e-04,8.869281514379354009e-09,0.000000000000000000e+00
1.000000000000000000e+00,6.017669296264648438e+01,2.480304336547851562e+01,1.583333301544189453e+01,1.000000000000000000e+00,-7.635285034352674582e-01,2.349318472108515021e-01,-2.569504056938565206e-01,7.423011720044744299e-01,5.188549235815217569e-05,1.049561805129822095e-04,2.816497941227217015e-09,0.000000000000000000e+00
1.000000000000000000e+00,6.017664337158203125e+01,2.480295944213867188e+01,1.583333301544189453e+01,1.000000000000000000e+00,-3.711505860022372150e-01,-6.281009916960937911e-01,-7.635285034352674582e-01,2.349318472108515021e-01,9.748025771469602779e-05,5.188549235815217569e-05,2.078882627918291309e-09,0.000000000000000000e+00
1.000000000000000000e+00,6.017675399780273438e+01,2.480300521850585938e+01,1.585000038146972656e+01,1.000000000000000000e+00,7.068651208530709606e-01,2.924959120771328247e-01,-3.711505860022372150e-01,-6.281009916960937911e-01,1.197231660955445502e-04,9.748025771469602779e-05,4.947469732388214683e-10,0.000000000000000000e+00
1.000000000000000000e+00,6.017689895629882812e+01,2.480289649963378906e+01,1.585000038146972656e+01,1.000000000000000000e+00,5.712034021884762058e-01,-4.284025516413571544e-01,7.068651208530709606e-01,2.924959120771328247e-01,1.811981201171875000e-04,1.197231660955445502e-04,3.779169971963115033e-09,0.000000000000000000e+00
1.000000000000000000e+00,6.017679977416992188e+01,2.480280494689941406e+01,1.585000038146972656e+01,1.000000000000000000e+00,-5.197275131016110272e-01,-4.797484736322563115e-01,5.712034021884762058e-01,-4.284025516413571544e-01,1.349777680431681190e-04,1.811981201171875000e-04,2.136320945846307812e-09,0.000000000000000000e+00
1.000000000000000000e+00,6.017679214477539062e+01,2.480282783508300781e+01,1.585000038146972656e+01,1.000000000000000000e+00,-2.491834755871958629e-01,7.475504267615875609e-01,-5.197275131016110272e-01,-4.797484736322563115e-01,2.412626388678268069e-05,1.349777680431681190e-04,1.228805597373313796e-08,0.000000000000000000e+00
1.000000000000000000e+00,6.017701721191406250e+01,2.480275154113769531e+01,1.604999923706054688e+01,1.000000000000000000e+00,0.000000000000000000e+00,0.000000000000000000e+00,-2.491834755871958629e-01,7.475504267615875609e-01,0.000000000000000000e+00,2.412626388678268069e-05,5.820766091346741757e-10,0.000000000000000000e+00
1.000000000000000000e+00,6.017702102661132812e+01,2.480272674560546875e+01,1.604999923706054688e+01,1.000000000000000000e+00,1.328689227880619494e-01,-8.636479981224026714e-01,0.000000000000000000e+00,0.000000000000000000e+00,2.508725440591031141e-05,0.000000000000000000e+00,6.293703336268663406e-10,0.000000000000000000e+00
1.000000000000000000e+00,6.017704010009765625e+01,2.480271339416503906e+01,1.604999923706054688e+01,1.000000000000000000e+00,5.864267264965796755e-01,-4.104987085476057840e-01,1.328689227880619494e-01,-8.636479981224026714e-01,2.328215716501942076e-05,2.508725440591031141e-05,3.258376049071906016e-12,0.000000000000000000e+00
1.000000000000000000e+00,6.017705154418945312e+01,2.480292320251464844e+01,1.606666755676269531e+01,1.000000000000000000e+00,5.170077060894739257e-02,9.478474611640355096e-01,5.864267264965796755e-01,-4.104987085476057840e-01,2.101202293994203316e-04,2.328215716501942076e-05,3.490846523626721122e-08,0.000000000000000000e+00
1.000000000000000000e+00,6.017701339721679688e+01,2.480299186706542969e+01,1.606666755676269531e+01,1.000000000000000000e+00,-3.568088025473750702e-01,6.422558445852750708e-01,5.170077060894739257e-02,9.478474611640355096e-01,7.854942429341889038e-05,2.101202293994203316e-04,1.731087675624141344e-08,0.000000000000000000e+00
1.000000000000000000e+00,6.017703628540039062e+01,2.480289459228515625e+01,1.606666755676269531e+01,1.000000000000000000e+00,1.903178073926947433e-01,-8.088506814189526661e-01,-3.568088025473750702e-01,6.422558445852750708e-01,9.993123548454083225e-05,7.854942429341889038e-05,4.571818498127875077e-10,0.000000000000000000e+00
1.000000000000000000e+00,6.017705154418945312e+01,2.480292320251464844e+01,1.606666755676269531e+01,1.000000000000000000e+00,3.470350161107535469e-01,6.506906552076628936e-01,1.903178073926947433e-01,-8.088506814189526661e-01,3.242492675781250000e-05,9.993123548454083225e-05,4.557101717908357727e-09,0.000000000000000000e+00
1.000000000000000000e+00,6.017694854736328125e+01,2.480299568176269531e+01,1.606666755676269531e+01,1.000000000000000000e+00,-5.866222184894701597e-01,4.128082278259234683e-01,3.470350161107535469e-01,6.506906552076628936e-01,1.259427949464353739e-04,3.242492675781250000e-05,8.745591670544642582e-09,0.000000000000000000e+00
1.000000000000000000e+00,6.017692565917968750e+01,2.480293655395507812e+01,1.606666755676269531e+01,1.000000000000000000e+00,-2.787299191817024790e-01,-7.200522912193980662e-01,-5.866222184894701597e-01,4.128082278259234683e-01,6.340320640027870692e-05,1.259427949464353739e-04,3.911200135522570296e-09,0.000000000000000000e+00
1.000000000000000000e+00,6.017704010009765625e+01,2.480292320251464844e+01,1.616666603088378906e+01,1.000000000000000000e+00,0.000000000000000000e+00,0.000000000000000000e+00,-2.787299191817024790e-01,-7.200522912193980662e-01,0.000000000000000000e+00,6.340320640027870692e-05,4.019966581836342812e-09,0.000000000000000000e+00
1.000000000000000000e+00,6.017703628540039062e+01,2.480291557312011719e+01,1.616666603088378906e+01,1.000000000000000000e+00,-3.304458534068174247e-01,-6.608917068136348494e-01,0.000000000000000000e+00,0.000000000000000000e+00,8.529922399520072193e-06,0.000000000000000000e+00,7.275957614183427196e-11,0.000000000000000000e+00
1.000000000000000000e+00,6.017705917358398438e+01,2.480289649963378906e+01,1.616666603088378906e+01,1.000000000000000000e+00,5.441577482839441426e-01,-4.534647902366200634e-01,-3.304458534068174247e-01,-6.608917068136348494e-01,2.979373808252965537e-05,8.529922399520072193e-06,4.521498574010042868e-10,0.000000000000000000e+00
1.000000000000000000e+00,6.017702865600585938e+01,2.480287361145019531e+01,1.616666603088378906e+01,1.000000000000000000e+00,-5.703605956572287417e-01,-4.277704467429215840e-01,5.441577482839441426e-01,-4.534647902366200634e-01,3.814697265625000000e-05,2.979373808252965537e-05,6.977652784359691213e-11,0.000000000000000000e+00
1.000000000000000000e+00,6.017702102661132812e+01,2.480295181274414062e+01,1.616666603088378906e+01,1.000000000000000000e+00,-8.878544634645757494e-02,9.100508250511900599e-01,-5.703605956572287417e-01,-4.277704467429215840e-01,7.857257814043418697e-05,3.814697265625000000e-05,1.634229578762902633e-09,0.000000000000000000e+00
1.000000000000000000e+00,6.017737579345703125e+01,2.480277442932128906e+01,1.623333358764648438e+01,1.000000000000000000e+00,6.665414123068188479e-01,-3.332707061534094239e-01,-8.878544634645757494e-02,9.100508250511900599e-01,3.966413915776833502e-04,7.857257814043418697e-05,1.011677700813796127e-07,0.000000000000000000e+00
1.000000000000000000e+00,6.017746734619140625e+01,2.480296516418457031e+01,1.625000000000000000e+01,1.000000000000000000e+00,3.242094735564378660e-01,6.754364032425789199e-01,6.665414123068188479e-01,-3.332707061534094239e-01,2.115695895975043843e-04,3.966413915776833502e-04,3.425157188819057610e-08,0.000000000000000000e+00
1.000000000000000000e+00,6.017763137817382812e+01,2.480298233032226562e+01,1.625000000000000000e+01,1.000000000000000000e+00,9.047638349247525413e-01,9.468458737584620200e-02,3.242094735564378660e-01,6.754364032425789199e-01,1.649277646141629342e-04,2.115695895975043843e-04,2.175459837776654694e-09,0.000000000000000000e+00
1.000000000000000000e+00,6.017730712890625000e+01,2.480262565612792969e+01,1.625000000000000000e+01,1.000000000000000000e+00,-4.761205534194086764e-01,-5.237326087613495273e-01,9.047638349247525413e-01,9.468458737584620200e-02,4.820311903084079823e-04,1.649277646141629342e-04,1.005545825870255914e-07,0.000000000000000000e+00
1.000000000000000000e+00,6.017724990844726562e+01,2.480262756347656250e+01,1.625000000000000000e+01,1.000000000000000000e+00,-9.661080037642658658e-01,3.220360012547553163e-02,-4.761205534194086764e-01,-5.237326087613495273e-01,5.725223930283979178e-05,4.820311903084079823e-04,1.804371572173909034e-07,0.000000000000000000e+00
1.000000000000000000e+00,6.017707443237304688e+01,2.480245590209960938e+01,1.625000000000000000e+01,1.000000000000000000e+00,-5.053489294617968808e-01,-4.943630831691491201e-01,-9.661080037642658658e-01,3.220360012547553163e-02,2.454780661498438864e-04,5.725223930283979178e-05,3.542896189223836437e-08,0.000000000000000000e+00
1.000000000000000000e+00,6.017705154418945312e+01,2.480259895324707031e+01,1.625000000000000000e+01,1.000000000000000000e+00,-1.378479631805517025e-01,8.615497698784482239e-01,-5.053489294617968808e-01,-4.943630831691491201e-01,1.448706310406360192e-04,2.454780661498438864e-04,1.012185599925347115e-08,0.000000000000000000e+00
1.000000000000000000e+00,6.017678451538085938e+01,2.480261611938476562e+01,1.626666641235351562e+01,1.000000000000000000e+00,-9.392668145505590482e-01,6.038143807825022136e-02,-1.378479631805517025e-01,8.615497698784482239e-01,2.675800084131323966e-04,1.448706310406360192e-04,1.505759129514572564e-08,0.000000000000000000e+00
1.000000000000000000e+00,6.017678451538085938e+01,2.480261611938476562e+01,1.626666641235351562e+01,1.000000000000000000e+00,0.000000000000000000e+00,0.000000000000000000e+00,-9.392668145505590482e-01,6.038143807825022136e-02,0.000000000000000000e+00,2.675800084131323966e-04,7.159906090237200260e-08,0.000000000000000000e+00
1.000000000000000000e+00,6.017678451538085938e+01,2.480261611938476562e+01,1.626666641235351562e+01,1.000000000000000000e+00,0.000000000000000000e+00,0.000000000000000000e+00,0.000000000000000000e+00,0.000000000000000000e+00,0.000000000000000000e+00,0.000000000000000000e+00,0.000000000000000000e+00,0.000000000000000000e+00
1.000000000000000000e+00,6.017678451538085938e+01,2.480261611938476562e+01,1.626666641235351562e+01,1.000000000000000000e+00,0.000000000000000000e+00,0.000000000000000000e+00,0.000000000000000000e+00,0.000000000000000000e+00,0.000000000000000000e+00,0.000000000000000000e+00,0.000000000000000000e+00,0.000000000000000000e+00
1.000000000000000000e+00,6.017678451538085938e+01,2.480261611938476562e+01,1.626666641235351562e+01,1.000000000000000000e+00,0.000000000000000000e+00,0.000000000000000000e+00,0.000000000000000000e+00,0.000000000000000000e+00,0.000000000000000000e+00,0.000000000000000000e+00,0.000000000000000000e+00,0.000000000000000000e+00
1.000000000000000000e+00,6.017678451538085938e+01,2.480261611938476562e+01,1.626666641235351562e+01,1.000000000000000000e+00,0.000000000000000000e+00,0.000000000000000000e+00,0.000000000000000000e+00,0.000000000000000000e+00,0.000000000000000000e+00,0.000000000000000000e+00,0.000000000000000000e+00,0.000000000000000000e+00
1.000000000000000000e+00,6.017678451538085938e+01,2.480261611938476562e+01,1.628333282470703125e+01,1.000000000000000000e+00,0.000000000000000000e+00,0.000000000000000000e+00,0.000000000000000000e+00,0.000000000000000000e+00,0.000000000000000000e+00,0.000000000000000000e+00,0.000000000000000000e+00,0.000000000000000000e+00
1.000000000000000000e+00,6.017678451538085938e+01,2.480261802673339844e+01,1.628333282470703125e+01,1.000000000000000000e+00,0.000000000000000000e+00,9.501830432614539745e-01,0.000000000000000000e+00,0.000000000000000000e+00,1.907348632812500000e-06,0.000000000000000000e+00,3.637978807091712952e-12,0.000000000000000000e+00
1.000000000000000000e+00,6.017678451538085938e+01,2.480261802673339844e+01,1.628333282470703125e+01,1.000000000000000000e+00,0.000000000000000000e+00,0.000000000000000000e+00,0.000000000000000000e+00,9.501830432614539745e-01,0.000000000000000000e+00,1.907348632812500000e-06,3.637978807091712952e-12,0.000000000000000000e+00
1.000000000000000000e+00,6.017676162719726562e+01,2.480287933349609375e+01,1.633333396911621094e+01,1.000000000000000000e+00,-8.050858410433363310e-02,9.191396685244755949e-01,0.000000000000000000e+00,0.000000000000000000e+00,2.623072495729494185e-04,0.000000000000000000e+00,6.880509317852556705e-08,0.000000000000000000e+00
1.000000000000000000e+00,6.017681121826171875e+01,2.480295753479003906e+01,1.633333396911621094e+01,1.000000000000000000e+00,3.877562746839678942e-01,6.114618177708724955e-01,-8.050858410433363310e-02,9.191396685244755949e-01,9.259976267958340036e-05,2.623072495729494185e-04,2.880063110766199946e-08,0.000000000000000000e+00
1.000000000000000000e+00,6.017706680297851562e+01,2.480322456359863281e+01,1.653333282470703125e+01,1.000000000000000000e+00,0.000000000000000000e+00,0.000000000000000000e+00,3.877562746839678942e-01,6.114618177708724955e-01,0.000000000000000000e+00,9.259976267958340036e-05,8.574716048315167427e-09,0.000000000000000000e+00
1.000000000000000000e+00,6.017709350585937500e+01,2.480324363708496094e+01,1.653333282470703125e+01,1.000000000000000000e+00,5.820617999293277167e-01,4.157584285209483532e-01,0.000000000000000000e+00,0.000000000000000000e+00,3.281526667420435592e-05,0.000000000000000000e+00,1.076841726899147034e-09,0.000000000000000000e+00
1.000000000000000000e+00,6.017729568481445312e+01,2.480336761474609375e+01,1.654999923706054688e+01,1.000000000000000000e+00,6.196930423241087116e-01,3.800004504817647843e-01,5.820617999293277167e-01,4.157584285209483532e-01,2.371640578511950205e-04,3.281526667420435592e-05,4.175842845549733402e-08,0.000000000000000000e+00
1.000000000000000000e+00,6.017731094360351562e+01,2.480323791503906250e+01,1.654999923706054688e+01,1.000000000000000000e+00,1.051905918881054780e-01,-8.941200310488965908e-01,6.196930423241087116e-01,3.800004504817647843e-01,1.305941983690161903e-04,2.371640578511950205e-04,1.135713495005134101e-08,0.000000000000000000e+00
1.000000000000000000e+00,6.017742156982421875e+01,2.480373764038085938e+01,1.654999923706054688e+01,1.000000000000000000e+00,1.812203088645956417e-01,8.186158779745527081e-01,1.051905918881054780e-01,-8.941200310488965908e-01,5.118237762561056274e-04,1.305941983690161903e-04,1.453359910559683826e-07,0.000000000000000000e+00
1.000000000000000000e+00,6.017747879028320312e+01,2.480393791198730469e+01,1.654999923706054688e+01,1.000000000000000000e+00,2.221359531743571369e-01,7.774758361102499515e-01,1.812203088645956417e-01,8.186158779745527081e-01,2.082856146606593681e-04,5.118237762561056274e-04,9.213541554474322761e-08,0.000000000000000000e+00
1.000000000000000000e+00,6.017722320556640625e+01,2.480396842956542969e+01,1.654999923706054688e+01,1.000000000000000000e+00,-8.930211998007991925e-01,1.066293969911401990e-01,2.221359531743571369e-01,7.774758361102499515e-01,2.574002137426351588e-04,2.082856146606593681e-04,2.412243842983217035e-09,0.000000000000000000e+00
1.000000000000000000e+00,6.017751693725585938e+01,2.480381202697753906e+01,1.654999923706054688e+01,1.000000000000000000e+00,6.523974389201455670e-01,-3.473804544899475877e-01,-8.930211998007991925e-01,1.066293969911401990e-01,3.327763135919858885e-04,2.574002137426351588e-04,5.681556428499291288e-09,0.000000000000000000e+00
1.000000000000000000e+00,6.017771148681640625e+01,2.480397987365722656e+01,1.656666755676269531e+01,1.000000000000000000e+00,5.366940093532759359e-01,4.630301257165517215e-01,6.523974389201455670e-01,-3.473804544899475877e-01,2.569475420997453471e-04,3.327763135919858885e-04,5.750002586022432081e-09,0.000000000000000000e+00
1.000000000000000000e+00,6.017777252197265625e+01,2.480402946472167969e+01,1.656666755676269531e+01,1.000000000000000000e+00,5.512258601659056900e-01,4.478710113847984009e-01,5.366940093532759359e-01,4.630301257165517215e-01,7.864199877963372733e-05,2.569475420997453471e-04,3.179286677868020331e-08,0.000000000000000000e+00
1.000000000000000000e+00,6.017774581909179688e+01,2.480346870422363281e+01,1.656666755676269531e+01,1.000000000000000000e+00,-4.544680934520196197e-02,-9.543829962492411667e-01,5.512258601659056900e-01,4.478710113847984009e-01,5.613959209114092108e-04,7.864199877963372733e-05,2.330513493336123525e-07,0.000000000000000000e+00
1.000000000000000000e+00,6.017779159545898438e+01,2.480393409729003906e+01,1.656666755676269531e+01,1.000000000000000000e+00,8.953472314144539368e-02,9.102696852713614284e-01,-4.544680934520196197e-02,-9.543829962492411667e-01,4.676389441138291999e-04,5.613959209114092108e-04,8.790370698221955761e-09,0.000000000000000000e+00
1.000000000000000000e+00,6.017779541015625000e+01,2.480389022827148438e+01,1.656666755676269531e+01,1.000000000000000000e+00,7.983257894739530236e-02,-9.180746578950460535e-01,8.953472314144539368e-02,9.102696852713614284e-01,4.403456260915830916e-05,4.676389441138291999e-04,1.794406720299547642e-07,0.000000000000000000e+00
1.000000000000000000e+00,6.017773056030273438e+01,2.480391693115234375e+01,1.656666755676269531e+01,1.000000000000000000e+00,-7.075604885969883906e-01,2.913484364811129157e-01,7.983257894739530236e-02,-9.180746578950460535e-01,7.013235592212766606e-05,4.403456260915830916e-05,6.810948158064681307e-10,0.000000000000000000e+00
1.000000000000000000e+00,6.017769622802734375e+01,2.480395889282226562e+01,1.658333396911621094e+01,1.000000000000000000e+00,-4.494109480821297797e-01,5.492800476559364098e-01,-7.075604885969883906e-01,2.913484364811129157e-01,5.421703492565877971e-05,7.013235592212766606e-05,2.532974424206433687e-10,0.000000000000000000e+00
1.000000000000000000e+00,6.017758941650390625e+01,2.480403327941894531e+01,1.658333396911621094e+01,1.000000000000000000e+00,-5.891485436719319235e-01,4.102998786286668476e-01,-4.494109480821297797e-01,5.492800476559364098e-01,1.301616967645478624e-04,5.421703492565877971e-05,5.767591661823214727e-09,0.000000000000000000e+00
1.000000000000000000e+00,6.017754745483398438e+01,2.480405426025390625e+01,1.658333396911621094e+01,1.000000000000000000e+00,-6.656091790749125714e-01,3.328045895374562857e-01,-5.891485436719319235e-01,4.102998786286668476e-01,4.691457319736039706e-05,1.301616967645478624e-04,6.930083582210577676e-09,0.000000000000000000e+00
1.000000000000000000e+00,6.017751312255859375e+01,2.480406379699707031e+01,1.658333396911621094e+01,1.000000000000000000e+00,-7.808287862491954945e-01,2.168968850692209738e-01,-6.656091790749125714e-01,3.328045895374562857e-01,3.563221300557976824e-05,4.691457319736039706e-05,1.272916514970762340e-10,0.000000000000000000e+00
1.000000000000000000e+00,6.017749786376953125e+01,2.480406570434570312e+01,1.658333396911621094e+01,1.000000000000000000e+00,-8.837407260248211216e-01,1.104675907531026402e-01,-7.808287862491954945e-01,2.168968850692209738e-01,1.537753629359922243e-05,3.563221300557976824e-05,4.102519287068470622e-10,0.000000000000000000e+00
1.000000000000000000e+00,6.017749786376953125e+01,2.480407333374023438e+01,1.658333396911621094e+01,1.000000000000000000e+00,0.000000000000000000e+00,9.870623760249654932e-01,-8.837407260248211216e-01,1.104675907531026402e-01,7.629394531250000000e-06,1.537753629359922243e-05,6.003370076946011920e-11,0.000000000000000000e+00
1.000000000000000000e+00,6.017750167846679688e+01,2.480407333374023438e+01,1.660000038146972656e+01,1.000000000000000000e+00,9.744552405423272390e-01,0.000000000000000000e+00,0.000000000000000000e+00,9.870623760249654932e-01,3.814697265625000000e-06,7.629394531250000000e-06,1.455191522836685181e-11,0.000000000000000000e+00
1.000000000000000000e+00,6.017749786376953125e+01,2.480407905578613281e+01,1.660000038146972656e+01,1.000000000000000000e+00,-3.958492200820326046e-01,5.937738301230488513e-01,9.744552405423272390e-01,0.000000000000000000e+00,6.877043295791605234e-06,3.814697265625000000e-06,9.377963208477166220e-12,0.000000000000000000e+00
1.000000000000000000e+00,6.017749786376953125e+01,2.480408477783203125e+01,1.660000038146972656e+01,1.000000000000000000e+00,0.000000000000000000e+00,9.828239073094842126e-01,-3.958492200820326046e-01,5.937738301230488513e-01,5.722045898437500000e-06,6.877043295791605234e-06,1.334018987894756827e-12,0.000000000000000000e+00
1.000000000000000000e+00,6.017757415771484375e+01,2.480546188354492188e+01,1.688333320617675781e+01,1.000000000000000000e+00,0.000000000000000000e+00,0.000000000000000000e+00,0.000000000000000000e+00,9.828239073094842126e-01,0.000000000000000000e+00,5.722045898437500000e-06,3.274180926382541656e-11,0.000000000000000000e+00
1.000000000000000000e+00,6.017770004272460938e+01,2.480505180358886719e+01,1.689999961853027344e+01,1.000000000000000000e+00,2.348316301047386756e-01,-7.649818253411941882e-01,0.000000000000000000e+00,0.000000000000000000e+00,4.289669055317739941e-04,0.000000000000000000e+00,1.840126060415059063e-07,0.000000000000000000e+00
1.000000000000000000e+00,6.017770767211914062e+01,2.480489730834960938e+01,1.689999961853027344e+01,1.000000000000000000e+00,4.702981509682648692e-02,-9.523537557107363272e-01,2.348316301047386756e-01,-7.649818253411941882e-01,1.546835046611053273e-04,4.289669055317739941e-04,7.523138399317991284e-08,0.000000000000000000e+00
1.000000000000000000e+00,6.017764663696289062e+01,2.480477142333984375e+01,1.689999961853027344e+01,1.000000000000000000e+00,-3.263560157726557165e-01,-6.731092825311023597e-01,4.702981509682648692e-02,-9.523537557107363272e-01,1.399011293097858347e-04,1.546835046611053273e-04,2.185186210272980821e-10,0.000000000000000000e+00
1.000000000000000000e+00,6.017761230468750000e+01,2.480465888977050781e+01,1.689999961853027344e+01,1.000000000000000000e+00,-2.336071721596399420e-01,-7.657123976343753746e-01,-3.263560157726557165e-01,-6.731092825311023597e-01,1.176541939795771474e-04,1.399011293097858347e-04,4.949261315864875330e-10,0.000000000000000000e+00
1.000000000000000000e+00,6.017779541015625000e+01,2.480386924743652344e+01,1.689999961853027344e+01,1.000000000000000000e+00,1.882159452232374242e-01,-8.116812637752113258e-01,-2.336071721596399420e-01,-7.657123976343753746e-01,8.105939972060294176e-04,1.176541939795771474e-04,4.801655708955144811e-07,0.000000000000000000e+00
1.000000000000000000e+00,6.017780685424804688e+01,2.480386352539062500e+01,1.689999961853027344e+01,1.000000000000000000e+00,6.628055445186158412e-01,-3.314027722593079206e-01,1.882159452232374242e-01,-8.116812637752113258e-01,1.279488359928010829e-05,8.105939972060294176e-04,6.364834256717148907e-07,0.000000000000000000e+00
1.000000000000000000e+00,6.017781066894531250e+01,2.480387115478515625e+01,1.691666603088378906e+01,1.000000000000000000e+00,3.304458534068174247e-01,6.608917068136348494e-01,6.628055445186158412e-01,-3.314027722593079206e-01,8.529922399520072193e-06,1.279488359928010829e-05,1.818989403545856799e-11,0.000000000000000000e+00
1.000000000000000000e+00,6.017781829833984375e+01,2.480392074584960938e+01,1.691666603088378906e+01,1.000000000000000000e+00,1.331007229605348785e-01,8.651546992434767658e-01,3.304458534068174247e-01,6.608917068136348494e-01,5.017450881182062281e-05,8.529922399520072193e-06,1.734271577451567640e-09,0.000000000000000000e+00
1.000000000000000000e+00,6.017781829833984375e+01,2.480392074584960938e+01,1.691666603088378906e+01,1.000000000000000000e+00,0.000000000000000000e+00,0.000000000000000000e+00,1.331007229605348785e-01,8.651546992434767658e-01,0.000000000000000000e+00,5.017450881182062281e-05,2.517481334507465363e-09,0.000000000000000000e+00
1.000000000000000000e+00,6.017096328735351562e+01,2.470535278320312500e+01,7.916666507720947266e+00,2.000000000000000000e+00,0.000000000000000000e+00,0.000000000000000000e+00,0.000000000000000000e+00,0.000000000000000000e+00,0.000000000000000000e+00,0.000000000000000000e+00,0.000000000000000000e+00,0.000000000000000000e+00
1.000000000000000000e+00,6.017096328735351562e+01,2.470535278320312500e+01,7.916666507720947266e+00,2.000000000000000000e+00,0.000000000000000000e+00,0.000000000000000000e+00,0.000000000000000000e+00,0.000000000000000000e+00,0.000000000000000000e+00,0.000000000000000000e+00,0.000000000000000000e+00,0.000000000000000000e+00
1.000000000000000000e+00,6.017096328735351562e+01,2.470535278320312500e+01,7.916666507720947266e+00,2.000000000000000000e+00,0.000000000000000000e+00,0.000000000000000000e+00,0.000000000000000000e+00,0.000000000000000000e+00,0.000000000000000000e+00,0.000000000000000000e+00,0.000000000000000000e+00,0.000000000000000000e+00
1.000000000000000000e+00,6.017096328735351562e+01,2.470535278320312500e+01,7.916666507720947266e+00,2.000000000000000000e+00,0.000000000000000000e+00,0.000000000000000000e+00,0.000000000000000000e+00,0.000000000000000000e+00,0.000000000000000000e+00,0.000000000000000000e+00,0.000000000000000000e+00,0.000000000000000000e+00
1.000000000000000000e+00,6.017096328735351562e+01,2.470535278320312500e+01,7.916666507720947266e+00,2.000000000000000000e+00,0.000000000000000000e+00,0.000000000000000000e+00,0.000000000000000000e+00,0.000000000000000000e+00,0.000000000000000000e+00,0.000000000000000000e+00,0.000000000000000000e+00,0.000000000000000000e+00
1.000000000000000000e+00,6.017096328735351562e+01,2.470535278320312500e+01,7.916666507720947266e+00,2.000000000000000000e+00,0.000000000000000000e+00,0.000000000000000000e+00,0.000000000000000000e+00,0.000000000000000000e+00,0.000000000000000000e+00,0.000000000000000000e+00,0.000000000000000000e+00,0.000000000000000000e+00
1.000000000000000000e+00,6.017096328735351562e+01,2.470535278320312500e+01,7.933333396911621094e+00,2.000000000000000000e+00,0.000000000000000000e+00,0.000000000000000000e+00,0.000000000000000000e+00,0.000000000000000000e+00,0.000000000000000000e+00,0.000000000000000000e+00,0.000000000000000000e+00,0.000000000000000000e+00
1.000000000000000000e+00,6.017096328735351562e+01,2.470535278320312500e+01,7.933333396911621094e+00,2.000000000000000000e+00,0.000000000000000000e+00,0.000000000000000000e+00,0.000000000000000000e+00,0.000000000000000000e+00,0.000000000000000000e+00,0.000000000000000000e+00,0.000000000000000000e+00,0.000000000000000000e+00
1.000000000000000000e+00,6.017096328735351562e+01,2.470535278320312500e+01,7.933333396911621094e+00,2.000000000000000000e+00,0.000000000000000000e+00,0.000000000000000000e+00,0.000000000000000000e+00,0.000000000000000000e+00,0.000000000000000000e+00,0.000000000000000000e+00,0.000000000000000000e+00,0.000000000000000000e+00
1.000000000000000000e+00,6.017189407348632812e+01,2.470958328247070312e+01,8.116666793823242188e+00,2.000000000000000000e+00,0.000000000000000000e+00,0.000000000000000000e+00,0.000000000000000000e+00,0.000000000000000000e+00,0.000000000000000000e+00,0.000000000000000000e+00,0.000000000000000000e+00,0.000000000000000000e+00
1.000000000000000000e+00,6.017304611206054688e+01,2.471065139770507812e+01,8.116666793823242188e+00,2.000000000000000000e+00,5.188769724252475513e-01,4.810779876790374776e-01,0.000000000000000000e+00,0.000000000000000000e+00,1.571007011566763088e-03,0.000000000000000000e+00,2.468063030391931534e-06,0.000000000000000000e+00
1.000000000000000000e+00,6.017435073852539062e+01,2.471074485778808594e+01,8.116666793823242188e+00,2.000000000000000000e+00,9.330846923455414776e-01,6.684378643995837754e-02,5.188769724252475513e-01,4.810779876790374776e-01,1.307969800831245257e-03,1.571007011566763088e-03,6.918857423152121108e-08,0.000000000000000000e+00
1.000000000000000000e+00,6.017513656616210938e+01,2.471022033691406250e+01,8.116666793823242188e+00,2.000000000000000000e+00,5.996631155494140941e-01,-4.002605746992448088e-01,9.330846923455414776e-01,6.684378643995837754e-02,9.448000962729028243e-04,1.307969800831245257e-03,1.318922343089937306e-07,0.000000000000000000e+00
1.000000000000000000e+00,6.017530441284179688e+01,2.471032524108886719e+01,8.116666793823242188e+00,2.000000000000000000e+00,6.151590765580905451e-01,3.844744228488066184e-01,5.996631155494140941e-01,-4.002605746992448088e-01,1.979328011562779305e-04,9.448000962729028243e-04,5.578107565148236933e-07,0.000000000000000000e+00
1.000000000000000000e+00,6.017587661743164062e+01,2.471214485168457031e+01,8.133333206176757812e+00,2.000000000000000000e+00,2.392244479659190737e-01,7.607337445316225688e-01,6.151590765580905451e-01,3.844744228488066184e-01,1.907459255825228860e-03,1.979328011562779305e-04,2.922480699212992730e-06,0.000000000000000000e+00
1.000000000000000000e+00,6.017650985717773438e+01,2.471462249755859375e+01,8.133333206176757812e+00,2.000000000000000000e+00,2.035495574132215324e-01,7.964182984330565596e-01,2.392244479659190737e-01,7.607337445316225688e-01,2.557287948804013757e-03,1.907459255825228860e-03,4.222773302185158617e-07,0.000000000000000000e+00
1.000000000000000000e+00,6.017665481567382812e+01,2.471729850769042969e+01,8.133333206176757812e+00,2.000000000000000000e+00,5.138425015917867655e-02,9.485803022806273965e-01,2.035495574132215324e-01,7.964182984330565596e-01,2.679933430381873163e-03,2.557287948804013757e-03,1.504191415146505091e-08,0.000000000000000000e+00
1.000000000000000000e+00,6.017572021484375000e+01,2.471908760070800781e+01,8.133333206176757812e+00,2.000000000000000000e+00,-3.431246571330365258e-01,6.568386293689556510e-01,5.138425015917867655e-02,9.485803022806273965e-01,2.018497594036099130e-03,2.679933430381873163e-03,4.374973656024335661e-07,0.000000000000000000e+00
1.000000000000000000e+00,6.017474746704101562e+01,2.472090339660644531e+01,8.133333206176757812e+00,2.000000000000000000e+00,-3.488247000954607935e-01,6.511394401781934738e-01,-3.431246571330365258e-01,6.568386293689556510e-01,2.059940055561569790e-03,2.018497594036099130e-03,1.717477617290115879e-09,0.000000000000000000e+00
1.000000000000000000e+00,6.017382431030273438e+01,2.472211265563964844e+01,8.133333206176757812e+00,2.000000000000000000e+00,-4.328956205743184626e-01,5.670574864547890392e-01,-3.488247000954607935e-01,6.511394401781934738e-01,1.521356556766832692e-03,2.059940055561569790e-03,2.900721851739805552e-07,0.000000000000000000e+00
1.000000000000000000e+00,6.017277145385742188e+01,2.472247314453125000e+01,8.149999618530273438e+00,2.000000000000000000e+00,-7.448865674644152834e-01,2.550426834253161079e-01,-4.328956205743184626e-01,5.670574864547890392e-01,1.112860699011424502e-03,1.521356556766832692e-03,1.668688658033266793e-07,0.000000000000000000e+00
1.000000000000000000e+00,6.017252349853515625e+01,2.472244071960449219e+01,8.149999618530273438e+00,2.000000000000000000e+00,-8.840384416690436620e-01,-1.156050269874903252e-01,-7.448865674644152834e-01,2.550426834253161079e-01,2.500664266052111321e-04,1.112860699011424502e-03,7.444139564969670784e-07,0.000000000000000000e+00
1.000000000000000000e+00,6.017249679565429688e+01,2.472237205505371094e+01,8.149999618530273438e+00,2.000000000000000000e+00,-2.797067062607758725e-01,-7.192458160991379579e-01,-8.840384416690436620e-01,-1.156050269874903252e-01,7.367404142695604930e-05,2.500664266052111321e-04,3.111427354887390301e-08,0.000000000000000000e+00
1.000000000000000000e+00,6.017235565185546875e+01,2.472261619567871094e+01,8.149999618530273438e+00,2.000000000000000000e+00,-3.662415762061851376e-01,6.334989426269148627e-01,-2.797067062607758725e-01,-7.192458160991379579e-01,2.820039303325839368e-04,7.367404142695604930e-05,4.340134261143125822e-08,0.000000000000000000e+00
1.000000000000000000e+00,6.017251205444335938e+01,2.472433471679687500e+01,8.149999618530273438e+00,2.000000000000000000e+00,8.341365892366126022e-02,9.165330084173024527e-01,-3.662415762061851376e-01,6.334989426269148627e-01,1.725623540368739902e-03,2.820039303325839368e-04,2.084037578480942787e-06,0.000000000000000000e+00
1.000000000000000000e+00,6.017252349853515625e+01,2.472582054138183594e+01,8.149999618530273438e+00,2.000000000000000000e+00,7.642801652332139976e-03,9.922904145277895438e-01,8.341365892366126022e-02,9.165330084173024527e-01,1.485868656547878561e-03,1.725623540368739902e-03,5.748240431595471887e-08,0.000000000000000000e+00
1.000000000000000000e+00,6.017271423339843750e+01,2.472694969177246094e+01,8.166666984558105469e+00,2.000000000000000000e+00,1.444977227713762358e-01,8.554265188065474090e-01,7.642801652332139976e-03,9.922904145277895438e-01,1.145146450337033170e-03,1.485868656547878561e-03,1.160916218051858468e-07,0.000000000000000000e+00
1.000000000000000000e+00,6.017272949218750000e+01,2.472739219665527344e+01,8.166666984558105469e+00,2.000000000000000000e+00,3.332605314593675705e-02,9.664555412321660377e-01,1.444977227713762358e-01,8.554265188065474090e-01,4.427678872237215718e-04,1.145146450337033170e-03,4.933356459211202992e-07,0.000000000000000000e+00
1.000000000000000000e+00,6.017308044433593750e+01,2.472932243347167969e+01,8.166666984558105469e+00,2.000000000000000000e+00,1.538394100203511194e-01,8.461167551119311847e-01,3.332605314593675705e-02,9.664555412321660377e-01,1.961882151889616632e-03,4.427678872237215718e-04,2.307708149111403221e-06,0.000000000000000000e+00
1.000000000000000000e+00,6.017308425903320312e+01,2.472921180725097656e+01,8.166666984558105469e+00,2.000000000000000000e+00,3.330423165165968813e-02,-9.658227178981310113e-01,1.538394100203511194e-01,8.461167551119311847e-01,1.106919718059303930e-04,1.961882151889616632e-03,3.426905082838270576e-06,0.000000000000000000e+00
1.000000000000000000e+00,6.017314529418945312e+01,2.472923660278320312e+01,8.166666984558105469e+00,2.000000000000000000e+00,7.102835707716605995e-01,2.885527006259870908e-01,3.330423165165968813e-02,-9.658227178981310113e-01,6.587950149219719937e-05,1.106919718059303930e-04,2.008157495619218648e-09,0.000000000000000000e+00
1.000000000000000000e+00,6.017315292358398438e+01,2.472933387756347656e+01,8.166666984558105469e+00,2.000000000000000000e+00,7.265801141184165257e-02,9.263896455009810182e-01,7.102835707716605995e-01,2.885527006259870908e-01,9.757351350729875797e-05,6.587950149219719937e-05,1.004510397613401955e-09,0.000000000000000000e+00
1.000000000000000000e+00,6.017316818237304688e+01,2.472974586486816406e+01,8.183333396911621094e+00,2.000000000000000000e+00,3.570592848668106140e-02,9.640600691403886646e-01,7.265801141184165257e-02,9.263896455009810182e-01,4.122697780183806160e-04,9.757351350729875797e-05,9.903373889722880904e-08,0.000000000000000000e+00
1.000000000000000000e+00,6.017302322387695312e+01,2.472999763488769531e+01,8.183333396911621094e+00,2.000000000000000000e+00,-3.652925391851998271e-01,6.344554627953470360e-01,3.570592848668106140e-02,9.640600691403886646e-01,2.905186884255946600e-04,4.122697780183806160e-04,1.482332781703059339e-08,0.000000000000000000e+00
1.000000000000000000e+00,6.017205429077148438e+01,2.473116683959960938e+01,8.183333396911621094e+00,2.000000000000000000e+00,-4.531456218722747509e-01,5.468076106450874274e-01,-3.652925391851998271e-01,6.344554627953470360e-01,1.518509473541525788e-03,2.905186884255946600e-04,1.507961368329640709e-06,0.000000000000000000e+00
1.000000000000000000e+00,6.017200469970703125e+01,2.473133277893066406e+01,8.183333396911621094e+00,2.000000000000000000e+00,-2.299817905371706606e-01,7.695544529513018706e-01,-4.531456218722747509e-01,5.468076106450874274e-01,1.731910369056989312e-04,1.518509473541525788e-03,1.809881695952264944e-06,0.000000000000000000e+00
1.000000000000000000e+00,6.017196655273437500e+01,2.473130226135253906e+01,8.183333396911621094e+00,2.000000000000000000e+00,-5.547476457397511052e-01,-4.437981165918008508e-01,-2.299817905371706606e-01,7.695544529513018706e-01,4.885196103998450112e-05,1.731910369056989312e-04,1.546020578713988941e-08,0.000000000000000000e+00
1.000000000000000000e+00,6.017212677001953125e+01,2.473342514038085938e+01,8.183333396911621094e+00,2.000000000000000000e+00,7.017236503517798596e-02,9.297838367161083140e-01,-5.547476457397511052e-01,-4.437981165918008508e-01,2.128916378664280282e-03,4.885196103998450112e-05,4.326667981466700978e-06,0.000000000000000000e+00
1.000000000000000000e+00,6.017198562622070312e+01,2.473483467102050781e+01,8.199999809265136719e+00,2.000000000000000000e+00,-9.101504082488019731e-02,9.089204752646818930e-01,7.017236503517798596e-02,9.297838367161083140e-01,1.416579752804397437e-03,2.128916378664280282e-03,5.074234685414427370e-07,0.000000000000000000e+00
1.000000000000000000e+00,6.017208480834960938e+01,2.473495674133300781e+01,8.199999809265136719e+00,2.000000000000000000e+00,4.480733452775440551e-01,5.514748864954388541e-01,-9.101504082488019731e-02,9.089204752646818930e-01,1.572839975592674547e-04,1.416579752804397437e-03,1.585825799178402305e-06,0.000000000000000000e+00
1.000000000000000000e+00,6.017230987548828125e+01,2.473522186279296875e+01,8.199999809265136719e+00,2.000000000000000000e+00,4.590503211771248537e-01,5.407457173188164878e-01,4.480733452775440551e-01,5.514748864954388541e-01,3.477709094242414922e-04,1.572839975592674547e-04,3.628526359185438357e-08,0.000000000000000000e+00
1.000000000000000000e+00,6.017266845703125000e+01,2.473612213134765625e+01,8.199999809265136719e+00,2.000000000000000000e+00,2.848258589727349910e-01,7.150947097613346015e-01,4.590503211771248537e-01,5.407457173188164878e-01,9.690532459658600861e-04,3.477709094242414922e-04,3.859917416986130216e-07,0.000000000000000000e+00
1.000000000000000000e+00,6.017284011840820312e+01,2.473648452758789062e+01,8.199999809265136719e+00,2.000000000000000000e+00,3.213683965736061632e-01,6.784443927665019247e-01,2.848258589727349910e-01,7.150947097613346015e-01,4.009970863652923012e-04,9.690532459658600861e-04,3.226878004601456721e-07,0.000000000000000000e+00
1.000000000000000000e+00,6.017284774780273438e+01,2.473687553405761719e+01,8.199999809265136719e+00,2.000000000000000000e+00,1.913395612268533469e-02,9.806152512876233907e-01,3.213683965736061632e-01,6.784443927665019247e-01,3.910808957606376241e-04,4.009970863652923012e-04,9.833083610784168437e-11,0.000000000000000000e+00
1.000000000000000000e+00,6.017287445068359375e+01,2.473702430725097656e+01,8.216666221618652344e+00,2.000000000000000000e+00,1.520872418306033758e-01,8.473432044847902800e-01,1.913395612268533469e-02,9.806152512876233907e-01,1.511506100170818389e-04,3.910808957606376241e-04,5.756654201698432895e-08,0.000000000000000000e+00
1.000000000000000000e+00,6.017282104492187500e+01,2.473700523376464844e+01,8.216666221618652344e+00,2.000000000000000000e+00,-7.358268810426102924e-01,-2.627953146580750965e-01,1.520872418306033758e-01,8.473432044847902800e-01,5.670955180098917399e-05,1.511506100170818389e-04,8.919113476975402942e-09,0.000000000000000000e+00
1.000000000000000000e+00,6.017279052734375000e+01,2.473698425292968750e+01,8.216666221618652344e+00,2.000000000000000000e+00,-5.914441220153955348e-01,-4.066178338855844232e-01,-7.358268810426102924e-01,-2.627953146580750965e-01,3.703401153363723649e-05,5.670955180098917399e-05,3.871268848121875725e-10,0.000000000000000000e+00
1.000000000000000000e+00,6.017283248901367188e+01,2.473711967468261719e+01,8.216666221618652344e+00,2.000000000000000000e+00,2.364258545823147706e-01,7.630107125156522230e-01,-5.914441220153955348e-01,-4.066178338855844232e-01,1.417738795024729248e-04,3.703401153363723649e-05,1.097043994212913038e-08,0.000000000000000000e+00
1.000000000000000000e+00,6.017289733886718750e+01,2.473687553405761719e+01,8.216666221618652344e+00,2.000000000000000000e+00,2.098086418807195430e-01,-7.898678282568264430e-01,2.364258545823147706e-01,7.630107125156522230e-01,2.526067067130020839e-04,1.417738795024729248e-04,1.228391558747901231e-08,0.000000000000000000e+00
1.000000000000000000e+00,6.017287445068359375e+01,2.473641014099121094e+01,8.216666221618652344e+00,2.000000000000000000e+00,-4.686540196567743483e-02,-9.529298399687744503e-01,2.098086418807195430e-01,-7.898678282568264430e-01,4.659555506775656065e-04,2.526067067130020839e-04,4.551772922101567231e-08,0.000000000000000000e+00
1.000000000000000000e+00,6.017259979248046875e+01,2.473567581176757812e+01,8.233333587646484375e+00,2.000000000000000000e+00,-2.721847441975111526e-01,-7.277161563614014117e-01,-4.686540196567743483e-02,-9.529298399687744503e-01,7.840130976106349237e-04,4.659555506775656065e-04,1.011606031610815965e-07,0.000000000000000000e+00
1.000000000000000000e+00,6.017205429077148438e+01,2.473470878601074219e+01,8.233333587646484375e+00,2.000000000000000000e+00,-3.606318947068332670e-01,-6.393019951621135011e-01,-2.721847441975111526e-01,-7.277161563614014117e-01,1.110275159088498862e-03,7.840130976106349237e-04,1.064469327597854617e-07,0.000000000000000000e+00
1.000000000000000000e+00,6.017207717895507812e+01,2.473336791992187500e+01,8.233333587646484375e+00,2.000000000000000000e+00,1.678198621063127158e-02,-9.831446921728153043e-01,-3.606318947068332670e-01,-6.393019951621135011e-01,1.341061421867846375e-03,1.110275159088498862e-03,5.326229908765804022e-08,0.000000000000000000e+00
1.000000000000000000e+00,6.017198181152343750e+01,2.473181724548339844e+01,8.233333587646484375e+00,2.000000000000000000e+00,-5.793390798925238810e-02,-9.420053439052438193e-01,1.678198621063127158e-02,-9.831446921728153043e-01,1.553604248566002079e-03,1.341061421867846375e-03,4.517445318084224912e-08,0.000000000000000000e+00
1.000000000000000000e+00,6.017201995849609375e+01,2.473176765441894531e+01,8.233333587646484375e+00,2.000000000000000000e+00,4.342876265409914560e-01,-5.645739145032888651e-01,-5.793390798925238810e-02,-9.420053439052438193e-01,6.256568705313387613e-05,1.553604248566002079e-03,2.223195991918363410e-06,0.000000000000000000e+00
1.000000000000000000e+00,6.017203521728515625e+01,2.473161888122558594e+01,8.233333587646484375e+00,2.000000000000000000e+00,9.296657992760803957e-02,-9.064241542941783303e-01,4.342876265409914560e-01,-5.645739145032888651e-01,1.495536482537281726e-04,6.256568705313387613e-05,7.566905393836098708e-09,0.000000000000000000e+00
1.000000000000000000e+00,6.017267990112304688e+01,2.473048210144042969e+01,8.250000000000000000e+00,2.000000000000000000e+00,3.618640555693826144e-01,-6.380798139625799559e-01,9.296657992760803957e-02,-9.064241542941783303e-01,1.306860945463317195e-03,1.495536482537281726e-04,1.339360180174563976e-06,0.000000000000000000e+00
1.000000000000000000e+00,6.017314910888671875e+01,2.473014259338378906e+01,8.250000000000000000e+00,2.000000000000000000e+00,5.801169461430520924e-01,-4.197594163148913315e-01,3.618640555693826144e-01,-6.380798139625799559e-01,5.791559772754278261e-04,1.306860945463317195e-03,5.295545207253370357e-07,0.000000000000000000e+00
1.000000000000000000e+00,6.017322540283203125e+01,2.473000144958496094e+01,8.250000000000000000e+00,2.000000000000000000e+00,3.507158981256170982e-01,-6.488244115323916761e-01,5.801169461430520924e-01,-4.197594163148913315e-01,1.604441897950217508e-04,5.791559772754278261e-04,1.753195609750367544e-07,0.000000000000000000e+00
1.000000000000000000e+00,6.017307281494140625e+01,2.472840690612792969e+01,8.250000000000000000e+00,2.000000000000000000e+00,-8.733124599079715444e-02,-9.126115206038303285e-01,3.507158981256170982e-01,-6.488244115323916761e-01,1.601827675103210643e-03,1.604441897950217508e-04,2.077586351719182174e-06,0.000000000000000000e+00
1.000000000000000000e+00,6.017272949218750000e+01,2.472697448730468750e+01,8.250000000000000000e+00,2.000000000000000000e+00,-1.933296068321260219e-01,-8.066140818384812672e-01,-8.733124599079715444e-02,-9.126115206038303285e-01,1.472988186825782003e-03,1.601827675103210643e-03,1.659961373958967213e-08,0.000000000000000000e+00
1.000000000000000000e+00,6.017256546020507812e+01,2.472550773620605469e+01,8.250000000000000000e+00,2.000000000000000000e+00,-1.005786278166525410e-01,-8.993600557093698322e-01,-1.933296068321260219e-01,-8.066140818384812672e-01,1.475894737641479963e-03,1.472988186825782003e-03,8.448037644234473859e-12,0.000000000000000000e+00
1.000000000000000000e+00,6.017264556884765625e+01,2.472397994995117188e+01,8.266666412353515625e+00,2.000000000000000000e+00,4.981896566003938404e-02,-9.501188450878940150e-01,-1.005786278166525410e-01,-8.993600557093698322e-01,1.529885039872133732e-03,1.475894737641479963e-03,2.914952734957337367e-09,0.000000000000000000e+00
1.000000000000000000e+00,6.017238235473632812e+01,2.472260284423828125e+01,8.266666412353515625e+00,2.000000000000000000e+00,-1.604553343248462105e-01,-8.394837056705721778e-01,4.981896566003938404e-02,-9.501188450878940150e-01,1.402034882903507168e-03,1.529885039872133732e-03,1.634566263690245072e-08,0.000000000000000000e+00
1.000000000000000000e+00,6.017341613769531250e+01,2.472228240966796875e+01,8.266666412353515625e+00,2.000000000000000000e+00,7.633239152719872855e-01,-2.366022468001731660e-01,-1.604553343248462105e-01,-8.394837056705721778e-01,1.082305650053554157e-03,1.402034882903507168e-03,1.022267823388194749e-07,0.000000000000000000e+00
1.000000000000000000e+00,6.017444229125976562e+01,2.472139549255371094e+01,8.266666412353515625e+00,2.000000000000000000e+00,5.363627907702046560e-01,-4.635849399779649604e-01,7.633239152719872855e-01,-2.366022468001731660e-01,1.356323377887168596e-03,1.082305650053554157e-03,7.508571516709679674e-08,0.000000000000000000e+00
1.000000000000000000e+00,6.017454528808593750e+01,2.472130584716796875e+01,8.266666412353515625e+00,2.000000000000000000e+00,5.343760723146517844e-01,-4.651050999775672712e-01,5.363627907702046560e-01,-4.635849399779649604e-01,1.365453821494708284e-04,1.356323377887168596e-03,1.487858358885875241e-06,0.000000000000000000e+00
1.000000000000000000e+00,6.017609024047851562e+01,2.471828651428222656e+01,8.266666412353515625e+00,2.000000000000000000e+00,3.384798386578499740e-01,-6.614982525868845498e-01,5.343760723146517844e-01,-4.651050999775672712e-01,3.391643992263503743e-03,1.365453821494708284e-04,1.059566696156630754e-05,0.000000000000000000e+00
1.000000000000000000e+00,6.017675781250000000e+01,2.471582221984863281e+01,8.283333778381347656e+00,2.000000000000000000e+00,2.131478836249933173e-01,-7.868201875528324507e-01,3.384798386578499740e-01,-6.614982525868845498e-01,2.553115637668978716e-03,3.391643992263503743e-03,7.031298014590015323e-07,0.000000000000000000e+00
1.000000000000000000e+00,6.017668151855468750e+01,2.471523857116699219e+01,8.283333778381347656e+00,2.000000000000000000e+00,-1.155894213449311925e-01,-8.842590732887236626e-01,2.131478836249933173e-01,-7.868201875528324507e-01,5.886140923153185831e-04,2.553115637668978716e-03,3.859266321696918972e-06,0.000000000000000000e+00
1.000000000000000000e+00,6.017549133300781250e+01,2.471085929870605469e+01,8.283333778381347656e+00,2.000000000000000000e+00,-2.136947932323371713e-01,-7.862872520215483663e-01,-1.155894213449311925e-01,-8.842590732887236626e-01,4.538123943119637752e-03,5.886140923153185831e-04,1.559862806160035247e-05,0.000000000000000000e+00
1.000000000000000000e+00,6.017509078979492188e+01,2.471000289916992188e+01,8.283333778381347656e+00,2.000000000000000000e+00,-3.186392930564980186e-01,-6.812811551541314570e-01,-2.136947932323371713e-01,-7.862872520215483663e-01,9.454390677781624895e-04,4.538123943119637752e-03,1.290738461350739079e-05,0.000000000000000000e+00
1.000000000000000000e+00,6.017432403564453125e+01,2.471075057983398438e+01,8.283333778381347656e+00,2.000000000000000000e+00,-5.062637999955702517e-01,4.936701731300088269e-01,-3.186392930564980186e-01,-6.812811551541314570e-01,1.070952054274228573e-03,9.454390677781624895e-04,1.575350977916166855e-08,0.000000000000000000e+00
1.000000000000000000e+00,6.017362976074218750e+01,2.471103477478027344e+01,8.283333778381347656e+00,2.000000000000000000e+00,-7.094791478745651192e-01,2.904186621794236367e-01,-5.062637999955702517e-01,4.936701731300088269e-01,7.501895810531273353e-04,1.070952054274228573e-03,1.028885642269176871e-07,0.000000000000000000e+00
1.000000000000000000e+00,6.017348480224609375e+01,2.471105384826660156e+01,8.300000190734863281e+00,2.000000000000000000e+00,-8.831825093122763759e-01,1.162082249095100495e-01,-7.094791478745651192e-01,2.904186621794236367e-01,1.462079459895080594e-04,7.501895810531273353e-04,3.647938154941229643e-07,0.000000000000000000e+00
1.000000000000000000e+00,6.017227935791015625e+01,2.471049690246582031e+01,8.300000190734863281e+00,2.000000000000000000e+00,-6.839438762373393210e-01,-3.159993858564922320e-01,-8.831825093122763759e-01,1.162082249095100495e-01,1.327887296441858508e-03,1.462079459895080594e-04,1.396366087285488851e-06,0.000000000000000000e+00
1.000000000000000000e+00,6.017217254638671875e+01,2.471036911010742188e+01,8.300000190734863281e+00,2.000000000000000000e+00,-4.550905703049398232e-01,-5.444833609005529373e-01,-6.839438762373393210e-01,-3.159993858564922320e-01,1.665520591409013916e-04,1.327887296441858508e-03,1.348699533396870511e-06,0.000000000000000000e+00
1.000000000000000000e+00,6.017180252075195312e+01,2.470923805236816406e+01,8.300000190734863281e+00,2.000000000000000000e+00,-2.464892971562099855e-01,-7.534440887300645207e-01,-4.550905703049398232e-01,-5.444833609005529373e-01,1.190046461243718509e-03,1.665520591409013916e-04,1.047540791135803290e-06,0.000000000000000000e+00
1.000000000000000000e+00,6.017077255249023438e+01,2.470785331726074219e+01,8.300000190734863281e+00,2.000000000000000000e+00,-4.265226207984350038e-01,-5.734359679623404205e-01,-2.464892971562099855e-01,-7.534440887300645207e-01,1.725782702971209812e-03,1.190046461243718509e-03,2.870133207002969829e-07,0.000000000000000000e+00
1.000000000000000000e+00,6.017021560668945312e+01,2.470749282836914062e+01,8.300000190734863281e+00,2.000000000000000000e+00,-6.070024440545970235e-01,-3.928885682408179147e-01,-4.265226207984350038e-01,-5.734359679623404205e-01,6.634311312984874070e-04,1.725782702971209812e-03,1.128590861835503422e-06,0.000000000000000000e+00
1.000000000000000000e+00,6.017045593261718750e+01,2.470707321166992188e+01,8.316666603088378906e+00,2.000000000000000000e+00,3.641066772365332826e-01,-6.357418173971215447e-01,-6.070024440545970235e-01,-3.928885682408179147e-01,4.835646035480956908e-04,6.634311312984874070e-04,3.235196780498243021e-08,0.000000000000000000e+00
1.000000000000000000e+00,6.017068481445312500e+01,2.470651245117187500e+01,8.316666603088378906e+00,2.000000000000000000e+00,2.898183699774012911e-01,-7.100550064446331522e-01,3.641066772365332826e-01,-6.357418173971215447e-01,6.056725443603168304e-04,4.835646035480956908e-04,1.491034920940090235e-08,0.000000000000000000e+00
1.000000000000000000e+00,6.017065429687500000e+01,2.470576286315917969e+01,8.316666603088378906e+00,2.000000000000000000e+00,-3.911479036302938084e-02,-9.607570382919090601e-01,2.898183699774012911e-01,-7.100550064446331522e-01,7.502089784527532111e-04,6.056725443603168304e-04,2.089078078015720553e-08,0.000000000000000000e+00
1.000000000000000000e+00,6.017090225219726562e+01,2.470497322082519531e+01,8.316666603088378906e+00,2.000000000000000000e+00,2.389475593128718434e-01,-7.609560735040687973e-01,-3.911479036302938084e-02,-9.607570382919090601e-01,8.276574517637964911e-04,7.502089784527532111e-04,5.998266018211383496e-09,0.000000000000000000e+00
1.000000000000000000e+00,6.017090988159179688e+01,2.470491218566894531e+01,8.316666603088378906e+00,2.000000000000000000e+00,1.109495291479502127e-01,-8.875962331836017016e-01,2.389475593128718434e-01,-7.609560735040687973e-01,6.151014517439688974e-05,8.276574517637964911e-04,5.869816953941914917e-07,0.000000000000000000e+00
1.000000000000000000e+00,6.017088317871093750e+01,2.470504570007324219e+01,8.316666603088378906e+00,2.000000000000000000e+00,-1.665627061570408851e-01,8.328135307852043701e-01,1.109495291479502127e-01,-8.875962331836017016e-01,1.361585105710964080e-04,6.151014517439688974e-05,5.572378456399166067e-09,0.000000000000000000e+00
1.000000000000000000e+00,6.017090988159179688e+01,2.470511245727539062e+01,8.333333015441894531e+00,2.000000000000000000e+00,2.854089051753539441e-01,7.135222629383848325e-01,-1.665627061570408851e-01,8.328135307852043701e-01,7.189970712650590675e-05,1.361585105710964080e-04,4.129193820130516222e-09,0.000000000000000000e+00
1.000000000000000000e+00,6.017091369628906250e+01,2.470520973205566406e+01,8.333333015441894531e+00,2.000000000000000000e+00,3.769855679067420778e-02,9.613131981621922950e-01,2.854089051753539441e-01,7.135222629383848325e-01,9.734954952373386895e-05,7.189970712650590675e-05,6.476944780437419068e-10,0.000000000000000000e+00
1.000000000000000000e+00,6.017097854614257812e+01,2.470531845092773438e+01,8.333333015441894531e+00,2.000000000000000000e+00,3.734112362305265775e-01,6.260129548570592117e-01,3.769855679067420778e-02,9.613131981621922950e-01,1.265910606845483235e-04,9.734954952373386895e-05,8.550659749680362774e-10,0.000000000000000000e+00
1.000000000000000000e+00,6.017097091674804688e+01,2.470531463623046875e+01,8.333333015441894531e+00,2.000000000000000000e+00,-6.608917068136348494e-01,-3.304458534068174247e-01,3.734112362305265775e-01,6.260129548570592117e-01,8.529922399520072193e-06,1.265910606845483235e-04,1.393843237315656405e-08,0.000000000000000000e+00
1.000000000000000000e+00,6.017097473144531250e+01,2.470531082153320312e+01,8.333333015441894531e+00,2.000000000000000000e+00,4.935311880124827466e-01,-4.935311880124827466e-01,-6.608917068136348494e-01,-3.304458534068174247e-01,5.394796609394436438e-06,8.529922399520072193e-06,9.829013719910892520e-12,0.000000000000000000e+00
1.000000000000000000e+00,6.017097854614257812e+01,2.470529937744140625e+01,8.333333015441894531e+00,2.000000000000000000e+00,2.483722675076618092e-01,-7.451168025229853997e-01,4.935311880124827466e-01,-4.935311880124827466e-01,1.206313194339134034e-05,5.394796609394436438e-06,4.446669612663160177e-11,0.000000000000000000e+00
1.000000000000000000e+00,6.017098236083984375e+01,2.470529556274414062e+01,8.350000381469726562e+00,2.000000000000000000e+00,4.935311880124827466e-01,-4.935311880124827466e-01,2.483722675076618092e-01,-7.451168025229853997e-01,5.394796609394436438e-06,1.206313194339134034e-05,4.446669612663160177e-11,0.000000000000000000e+00
1.000000000000000000e+00,6.017057418823242188e+01,2.470544433593750000e+01,1.014999961853027344e+01,2.000000000000000000e+00,0.000000000000000000e+00,0.000000000000000000e+00,4.935311880124827466e-01,-4.935311880124827466e-01,0.000000000000000000e+00,5.394796609394436438e-06,2.910383045673371008e-11,0.000000000000000000e+00
1.000000000000000000e+00,6.017079925537109375e+01,2.470672035217285156e+01,1.016666698455810547e+01,2.000000000000000000e+00,1.499264797135710092e-01,8.500069061727034692e-01,0.000000000000000000e+00,0.000000000000000000e+00,1.295713181915935860e-03,0.000000000000000000e+00,1.678872649790719151e-06,0.000000000000000000e+00
1.000000000000000000e+00,6.017134094238281250e+01,2.470808219909667969e+01,1.016666698455810547e+01,2.000000000000000000e+00,2.845541895443959857e-01,7.153932793475308305e-01,1.499264797135710092e-01,8.500069061727034692e-01,1.465623369970919885e-03,1.295713181915935860e-03,2.886947200488003495e-08,0.000000000000000000e+00
1.000000000000000000e+00,6.017150115966796875e+01,2.470923995971679688e+01,1.016666698455810547e+01,2.000000000000000000e+00,1.215537294990258199e-01,8.783704024512937192e-01,2.845541895443959857e-01,7.153932793475308305e-01,1.168793921937042552e-03,1.465623369970919885e-03,8.810772122009628783e-08,0.000000000000000000e+00
1.000000000000000000e+00,6.017172622680664062e+01,2.470947074890136719e+01,1.016666698455810547e+01,2.000000000000000000e+00,4.936155662267841526e-01,5.061651145206854663e-01,1.215537294990258199e-01,8.783704024512937192e-01,3.223644903282226913e-04,1.168793921937042552e-03,7.164427826936298891e-07,0.000000000000000000e+00
1.000000000000000000e+00,6.017190551757812500e+01,2.470963287353515625e+01,1.016666698455810547e+01,2.000000000000000000e+00,5.249858973150103303e-01,4.747212901252753081e-01,4.936155662267841526e-01,5.061651145206854663e-01,2.417221082580159829e-04,3.223644903282226913e-04,6.503193785957196411e-09,0.000000000000000000e+00
1.000000000000000000e+00,6.017293167114257812e+01,2.471099472045898438e+01,1.016666698455810547e+01,2.000000000000000000e+00,4.296944661619588879e-01,5.702636595532316610e-01,5.249858973150103303e-01,4.747212901252753081e-01,1.705173944728214644e-03,2.417221082580159829e-04,2.141691277667997058e-06,0.000000000000000000e+00
1.000000000000000000e+00,6.017507171630859375e+01,2.471050071716308594e+01,1.018333339691162109e+01,2.000000000000000000e+00,8.124238997754116287e-01,-1.875381372921850476e-01,4.296944661619588879e-01,5.702636595532316610e-01,2.196322510230535891e-03,1.705173944728214644e-03,2.412269133949879495e-07,0.000000000000000000e+00
1.000000000000000000e+00,6.017542648315429688e+01,2.471061134338378906e+01,1.018333339691162109e+01,2.000000000000000000e+00,7.621313211860155645e-01,2.376538528429510966e-01,8.124238997754116287e-01,-1.875381372921850476e-01,3.716149559923569829e-04,2.196322510230535891e-03,3.329557658493876316e-06,0.000000000000000000e+00
1.000000000000000000e+00,6.017684173583984375e+01,2.471555137634277344e+01,1.018333339691162109e+01,2.000000000000000000e+00,2.226855716874847069e-01,7.772986936261259139e-01,7.621313211860155645e-01,2.376538528429510966e-01,5.138761115268889422e-03,3.716149559923569829e-04,2.272568250390499849e-05,0.000000000000000000e+00
1.000000000000000000e+00,6.017592620849609375e+01,2.471748161315917969e+01,1.018333339691162109e+01,2.000000000000000000e+00,-3.217045130150322230e-01,6.782603482733595701e-01,2.226855716874847069e-01,7.772986936261259139e-01,2.136353080500521303e-03,5.138761115268889422e-03,9.014454007241654655e-06,0.000000000000000000e+00
1.000000000000000000e+00,6.017465209960937500e+01,2.472068214416503906e+01,1.018333339691162109e+01,2.000000000000000000e+00,-2.847336196751921178e-01,7.152440326571443130e-01,-3.217045130150322230e-01,6.782603482733595701e-01,3.444815259877213875e-03,2.136353080500521303e-03,1.712073274859204092e-06,0.000000000000000000e+00
1.000000000000000000e+00,6.017461013793945312e+01,2.472082519531250000e+01,1.018333339691162109e+01,2.000000000000000000e+00,-2.266816016045958004e-01,7.727781872883947578e-01,-2.847336196751921178e-01,7.152440326571443130e-01,1.490785448430567370e-04,3.444815259877213875e-03,1.086188049482413585e-05,0.000000000000000000e+00
1.000000000000000000e+00,6.017332839965820312e+01,2.472227859497070312e+01,1.019999980926513672e+01,2.000000000000000000e+00,-4.686021141934975098e-01,5.313613259158409541e-01,-2.266816016045958004e-01,7.727781872883947578e-01,1.937839928396219288e-03,1.490785448430567370e-04,3.199667287291024496e-06,0.000000000000000000e+00
1.000000000000000000e+00,6.017244338989257812e+01,2.472396850585937500e+01,1.019999980926513672e+01,2.000000000000000000e+00,-3.436903560941173552e-01,6.562708092659224057e-01,-4.686021141934975098e-01,5.313613259158409541e-01,1.907627085387336371e-03,1.937839928396219288e-03,9.128158826794053088e-10,0.000000000000000000e+00
1.000000000000000000e+00,6.017257690429687500e+01,2.472569465637207031e+01,1.019999980926513672e+01,2.000000000000000000e+00,7.179101136761355251e-02,9.281552183955751323e-01,-3.436903560941173552e-01,6.562708092659224057e-01,1.731306353200680456e-03,1.907627085387336371e-03,3.108900059883843809e-08,0.000000000000000000e+00
1.000000000000000000e+00,6.017273712158203125e+01,2.472767639160156250e+01,1.019999980926513672e+01,2.000000000000000000e+00,7.479615184996785127e-02,9.251571639537690128e-01,7.179101136761355251e-02,9.281552183955751323e-01,1.988201221776430758e-03,1.731306353200680456e-03,6.599497350055201352e-08,0.000000000000000000e+00
1.000000000000000000e+00,6.017321014404296875e+01,2.472908401489257812e+01,1.019999980926513672e+01,2.000000000000000000e+00,2.515079246869352803e-01,7.484389049151540796e-01,7.479615184996785127e-02,9.251571639537690128e-01,1.484975951980714018e-03,1.988201221776430758e-03,2.532356721609719213e-07,0.000000000000000000e+00
1.000000000000000000e+00,6.017322540283203125e+01,2.472928237915039062e+01,1.019999980926513672e+01,2.000000000000000000e+00,7.139515033876712991e-02,9.281369544039727026e-01,2.515079246869352803e-01,7.484389049151540796e-01,1.989502687134597520e-04,1.484975951980714018e-03,1.653862058023008342e-06,0.000000000000000000e+00
1.000000000000000000e+00,6.017208862304687500e+01,2.473095130920410156e+01,1.021666622161865234e+01,2.000000000000000000e+00,-4.051521130937410509e-01,5.948122465721868979e-01,7.139515033876712991e-02,9.281369544039727026e-01,2.019305772813885253e-03,1.989502687134597520e-04,3.313694161308714314e-06,0.000000000000000000e+00
1.000000000000000000e+00,6.017199707031250000e+01,2.473102188110351562e+01,1.021666622161865234e+01,2.000000000000000000e+00,-5.643577811619178153e-01,4.350257896456450335e-01,-4.051521130937410509e-01,5.948122465721868979e-01,1.155953985176220669e-04,2.019305772813885253e-03,3.624113189203218072e-06,0.000000000000000000e+00
1.000000000000000000e+00,6.017193984985351562e+01,2.473170852661132812e+01,1.021666622161865234e+01,2.000000000000000000e+00,-7.691273732686471076e-02,9.229528479223766402e-01,-5.643577811619178153e-01,4.350257896456450335e-01,6.890255687022568470e-04,1.155953985176220669e-04,3.288221600779792322e-07,0.000000000000000000e+00
1.000000000000000000e+00,6.017224502563476562e+01,2.473402023315429688e+01,1.021666622161865234e+01,2.000000000000000000e+00,1.166136195975662204e-01,8.833481684515641641e-01,-7.691273732686471076e-02,9.229528479223766402e-01,2.331763152266129544e-03,6.890255687022568470e-04,2.698586768453271207e-06,0.000000000000000000e+00
1.000000000000000000e+00,6.017230606079101562e+01,2.473495864868164062e+01,1.021666622161865234e+01,2.000000000000000000e+00,6.106259267469690138e-02,9.388373623734648232e-01,1.166136195975662204e-01,8.833481684515641641e-01,9.403983157462110281e-04,2.331763152266129544e-03,1.935896108304099473e-06,0.000000000000000000e+00
1.000000000000000000e+00,6.017233276367187500e+01,2.473498153686523438e+01,1.021666622161865234e+01,2.000000000000000000e+00,5.373779200194954697e-01,4.606096457309961090e-01,6.106259267469690138e-02,9.388373623734648232e-01,3.516977103154330091e-05,9.403983157462110281e-04,8.194387181662350789e-07,0.000000000000000000e+00
1.000000000000000000e+00,6.017281723022460938e+01,2.473621749877929688e+01,1.023333358764648438e+01,2.000000000000000000e+00,2.815800854700830080e-01,7.183617928528102103e-01,5.373779200194954697e-01,4.606096457309961090e-01,1.327520129313061563e-03,3.516977103154330091e-05,1.670169448550368593e-06,0.000000000000000000e+00
1.000000000000000000e+00,6.017315292358398438e+01,2.473691940307617188e+01,1.023333358764648438e+01,2.000000000000000000e+00,3.234982341466572930e-01,6.764053986702833754e-01,2.815800854700830080e-01,7.183617928528102103e-01,7.780486318348365550e-04,1.327520129313061563e-03,3.019189265409630062e-07,0.000000000000000000e+00
1.000000000000000000e+00,6.017310714721679688e+01,2.473704719543457031e+01,1.023333358764648438e+01,2.000000000000000000e+00,-2.635844020450775482e-01,7.358397890425082410e-01,3.234982341466572930e-01,6.764053986702833754e-01,1.357437389271399261e-04,7.780486318348365550e-04,4.125555754531675753e-07,0.000000000000000000e+00
1.000000000000000000e+00,6.017310714721679688e+01,2.473696517944335938e+01,1.023333358764648438e+01,2.000000000000000000e+00,0.000000000000000000e+00,-9.987822104011004898e-01,-2.635844020450775482e-01,7.358397890425082410e-01,8.201599121093750000e-05,1.357437389271399261e-04,2.886670874655895130e-09,0.000000000000000000e+00
1.000000000000000000e+00,6.017308425903320312e+01,2.473692893981933594e+01,1.023333358764648438e+01,2.000000000000000000e+00,-3.864432015057063796e-01,-6.118684023840350594e-01,0.000000000000000000e+00,-9.987822104011004898e-01,4.286232958649488658e-05,8.201599121093750000e-05,1.533009218601350187e-09,0.000000000000000000e+00
1.000000000000000000e+00,6.017312240600585938e+01,2.473660850524902344e+01,1.023333358764648438e+01,2.000000000000000000e+00,1.063533192717795867e-01,-8.933678818829485779e-01,-3.864432015057063796e-01,-6.118684023840350594e-01,3.226972348412567287e-04,4.286232958649488658e-05,7.830757419894153514e-08,0.000000000000000000e+00
1.000000000000000000e+00,6.017393875122070312e+01,2.473685455322265625e+01,1.025000000000000000e+01,2.000000000000000000e+00,7.683298337321601279e-01,2.315760480174034186e-01,1.063533192717795867e-01,-8.933678818829485779e-01,8.526189741772708351e-04,3.226972348412567287e-04,2.808170498209064657e-07,0.000000000000000000e+00
1.000000000000000000e+00,6.017408370971679688e+01,2.473689460754394531e+01,1.025000000000000000e+01,2.000000000000000000e+00,7.830818964522400227e-01,2.163778924407505355e-01,7.683298337321601279e-01,2.315760480174034186e-01,1.503905390763966149e-04,8.526189741772708351e-04,4.931247750642227474e-07,0.000000000000000000e+00
1.000000000000000000e+00,6.017462158203125000e+01,2.473720359802246094e+01,1.025000000000000000e+01,2.000000000000000000e+00,6.350601454023619974e-01,3.648217856566760564e-01,7.830818964522400227e-01,2.163778924407505355e-01,6.203077804352258393e-04,1.503905390763966149e-04,2.208222137262921548e-07,0.000000000000000000e+00
1.000000000000000000e+00,6.017483520507812500e+01,2.473820114135742188e+01,1.025000000000000000e+01,2.000000000000000000e+00,1.763633913055589197e-01,8.235540504714938814e-01,6.350601454023619974e-01,3.648217856566760564e-01,1.020160532113033531e-03,6.203077804352258393e-04,1.598822230243145475e-07,0.000000000000000000e+00
1.000000000000000000e+00,6.017446899414062500e+01,2.473977661132812500e+01,1.025000000000000000e+01,2.000000000000000000e+00,-1.885953950586950201e-01,8.113531058254276340e-01,1.763633913055589197e-01,8.235540504714938814e-01,1.617472126292114577e-03,1.020160532113033531e-03,3.567811405407552058e-07,0.000000000000000000e+00
1.000000000000000000e+00,6.017507171630859375e+01,2.474194908142089844e+01,1.025000000000000000e+01,2.000000000000000000e+00,2.171743050252898377e-01,7.827896627335605428e-01,-1.885953950586950201e-01,8.113531058254276340e-01,2.254528845625173618e-03,1.617472126292114577e-03,4.058412636473999494e-07,0.000000000000000000e+00
1.000000000000000000e+00,6.017504501342773438e+01,2.474286651611328125e+01,1.026666641235351562e+01,2.000000000000000000e+00,-2.827983297432920540e-02,9.716142614751677176e-01,2.171743050252898377e-01,7.827896627335605428e-01,9.178232175281554389e-04,2.254528845625173618e-03,1.786781936186243591e-06,0.000000000000000000e+00
1.000000000000000000e+00,6.017644882202148438e+01,2.474207687377929688e+01,1.026666641235351562e+01,2.000000000000000000e+00,6.399708235632048936e-01,-3.599835882543027665e-01,-2.827983297432920540e-02,9.716142614751677176e-01,1.610656258643241179e-03,9.178232175281554389e-04,4.800176228607781042e-07,0.000000000000000000e+00
1.000000000000000000e+00,6.017753219604492188e+01,2.474191474914550781e+01,1.026666641235351562e+01,2.000000000000000000e+00,8.697617142986727723e-01,-1.301580030200478744e-01,6.399708235632048936e-01,-3.599835882543027665e-01,1.095437662096932939e-03,1.610656258643241179e-03,2.654502022271475313e-07,0.000000000000000000e+00
1.000000000000000000e+00,6.017753219604492188e+01,2.474191474914550781e+01,1.026666641235351562e+01,2.000000000000000000e+00,0.000000000000000000e+00,0.000000000000000000e+00,8.697617142986727723e-01,-1.301580030200478744e-01,0.000000000000000000e+00,1.095437662096932939e-03,1.199983671540394214e-06,0.000000000000000000e+00
1.000000000000000000e+00,6.017937469482421875e+01,2.474234390258789062e+01,1.026666641235351562e+01,2.000000000000000000e+00,8.110474204508839602e-01,1.889085606640257542e-01,0.000000000000000000e+00,0.000000000000000000e+00,1.891817757824334600e-03,0.000000000000000000e+00,3.578974428819492883e-06,0.000000000000000000e+00
1.000000000000000000e+00,6.018043899536132812e+01,2.474336624145507812e+01,1.026666641235351562e+01,2.000000000000000000e+00,5.100304019360721863e-01,4.899216764117109713e-01,8.110474204508839602e-01,1.889085606640257542e-01,1.475775183641981746e-03,1.891817757824334600e-03,1.730914235322785717e-07,0.000000000000000000e+00
1.000000000000000000e+00,6.018043899536132812e+01,2.474336624145507812e+01,1.028333377838134766e+01,2.000000000000000000e+00,0.000000000000000000e+00,0.000000000000000000e+00,5.100304019360721863e-01,4.899216764117109713e-01,0.000000000000000000e+00,1.475775183641981746e-03,2.177912392653524876e-06,0.000000000000000000e+00
1.000000000000000000e+00,6.018159484863281250e+01,2.474716186523437500e+01,1.028333377838134766e+01,2.000000000000000000e+00,2.334313410920277887e-01,7.665484633220054356e-01,0.000000000000000000e+00,0.000000000000000000e+00,3.967714286483469549e-03,0.000000000000000000e+00,1.574275665916502815e-05,0.000000000000000000e+00
1.000000000000000000e+00,6.018166351318359375e+01,2.474757957458496094e+01,1.028333377838134766e+01,2.000000000000000000e+00,1.411474502296525546e-01,8.586469888970530429e-01,2.334313410920277887e-01,7.665484633220054356e-01,4.233153931773760820e-04,3.967714286483469549e-03,1.256276351486945965e-05,0.000000000000000000e+00
1.000000000000000000e+00,6.018162918090820312e+01,2.475039482116699219e+01,1.028333377838134766e+01,2.000000000000000000e+00,-1.204776997983753907e-02,9.879171383466781586e-01,1.411474502296525546e-01,8.586469888970530429e-01,2.815455917391023952e-03,4.233153931773760820e-04,5.722336287585145882e-06,0.000000000000000000e+00
1.000000000000000000e+00,6.018133163452148438e+01,2.475279808044433594e+01,1.028333377838134766e+01,2.000000000000000000e+00,-1.101654125421037550e-01,8.897975628400688342e-01,-1.204776997983753907e-02,9.879171383466781586e-01,2.421608764104595576e-03,2.815455917391023952e-03,1.551155801518234122e-07,0.000000000000000000e+00
1.000000000000000000e+00,6.018119430541992188e+01,2.475389862060546875e+01,1.028333377838134766e+01,2.000000000000000000e+00,-1.109309461072615216e-01,8.889882764429152262e-01,-1.101654125421037550e-01,8.897975628400688342e-01,1.109075258222903511e-03,2.421608764104595576e-03,1.722744204062085698e-06,0.000000000000000000e+00
1.000000000000000000e+00,6.018119812011718750e+01,2.475392150878906250e+01,1.030000019073486328e+01,2.000000000000000000e+00,1.423241511104471890e-01,8.539449066626831897e-01,-1.109309461072615216e-01,8.889882764429152262e-01,2.320389759177482353e-05,1.109075258222903511e-03,1.179116611838898759e-06,0.000000000000000000e+00
1.000000000000000000e+00,6.018119049072265625e+01,2.475390434265136719e+01,1.030000019073486328e+01,2.000000000000000000e+00,-3.064563738512789404e-01,-6.895268411653776575e-01,1.423241511104471890e-01,8.539449066626831897e-01,1.878520546302052293e-05,2.320389759177482353e-05,1.952484012871521296e-11,0.000000000000000000e+00
1.000000000000000000e+00,6.018119812011718750e+01,2.475385475158691406e+01,1.030000019073486328e+01,2.000000000000000000e+00,1.331007229605348785e-01,-8.651546992434767658e-01,-3.064563738512789404e-01,-6.895268411653776575e-01,5.017450881182062281e-05,1.878520546302052293e-05,9.852883647229932108e-10,0.000000000000000000e+00
1.000000000000000000e+00,6.018114471435546875e+01,2.475443267822265625e+01,1.030000019073486328e+01,2.000000000000000000e+00,-8.457874815023862236e-02,9.152628817686536689e-01,1.331007229605348785e-01,-8.651546992434767658e-01,5.803889830837961590e-04,5.017450881182062281e-05,2.811273887275074180e-07,0.000000000000000000e+00
1.000000000000000000e+00,6.018095779418945312e+01,2.475793838500976562e+01,1.030000019073486328e+01,2.000000000000000000e+00,-5.061846391254092026e-02,9.493544558290838431e-01,-8.457874815023862236e-02,9.152628817686536689e-01,3.510686432259088174e-03,5.803889830837961590e-04,8.586643140643223567e-06,0.000000000000000000e+00
1.000000000000000000e+00,6.018090820312500000e+01,2.476153564453125000e+01,1.030000019073486328e+01,2.000000000000000000e+00,-1.359795349143095612e-02,9.863746263399532088e-01,-5.061846391254092026e-02,9.493544558290838431e-01,3.597601331246082831e-03,3.510686432259088174e-03,7.554199665919485581e-09,0.000000000000000000e+00
1.000000000000000000e+00,6.018093490600585938e+01,2.476173019409179688e+01,1.031666660308837891e+01,2.000000000000000000e+00,1.206351314208772563e-01,8.789131003521056806e-01,-1.359795349143095612e-02,9.863746263399532088e-01,1.963735607335472260e-04,3.597601331246082831e-03,1.156835034690567319e-05,0.000000000000000000e+00
1.000000000000000000e+00,6.018228149414062500e+01,2.476667404174804688e+01,1.031666660308837891e+01,2.000000000000000000e+00,2.140657297727916464e-01,7.859183733301359220e-01,1.206351314208772563e-01,8.789131003521056806e-01,5.123956406225582509e-03,1.963735607335472260e-04,2.428107269918738538e-05,0.000000000000000000e+00
1.000000000000000000e+00,6.018315124511718750e+01,2.476938247680664062e+01,1.031666660308837891e+01,2.000000000000000000e+00,2.430635695462286805e-01,7.569084841132559527e-01,2.140657297727916464e-01,7.859183733301359220e-01,2.844659422119131566e-03,5.123956406225582509e-03,5.195194741756763078e-06,0.000000000000000000e+00
1.000000000000000000e+00,6.018315124511718750e+01,2.476938247680664062e+01,1.031666660308837891e+01,2.000000000000000000e+00,0.000000000000000000e+00,0.000000000000000000e+00,2.430635695462286805e-01,7.569084841132559527e-01,0.000000000000000000e+00,2.844659422119131566e-03,8.092087227851150726e-06,0.000000000000000000e+00
1.000000000000000000e+00,6.018467712402343750e+01,2.477361869812011719e+01,1.031666660308837891e+01,2.000000000000000000e+00,2.648083801437931539e-01,7.351742653742057154e-01,0.000000000000000000e+00,0.000000000000000000e+00,4.502652268751362527e-03,0.000000000000000000e+00,2.027387745329179209e-05,0.000000000000000000e+00
1.000000000000000000e+00,6.018479919433593750e+01,2.477392768859863281e+01,1.031666660308837891e+01,2.000000000000000000e+00,2.831201608394308677e-01,7.166479071248094135e-01,2.648083801437931539e-01,7.351742653742057154e-01,3.322292536896210343e-04,4.502652268751362527e-03,1.739242812455666547e-05,0.000000000000000000e+00
1.000000000000000000e+00,6.018426132202148438e+01,2.477640151977539062e+01,1.033333301544189453e+01,2.000000000000000000e+00,-1.785881170610058577e-01,8.213786802415765642e-01,2.831201608394308677e-01,7.166479071248094135e-01,2.531629380014797058e-03,3.322292536896210343e-04,4.837360915679199553e-06,0.000000000000000000e+00
1.000000000000000000e+00,6.018319320678710938e+01,2.477760505676269531e+01,1.033333301544189453e+01,2.000000000000000000e+00,-4.701724176526863030e-01,5.297835634622233281e-01,-1.785881170610058577e-01,8.213786802415765642e-01,1.609152396050294751e-03,2.531629380014797058e-03,8.509637859442445993e-07,0.000000000000000000e+00
1.000000000000000000e+00,6.018220520019531250e+01,2.477893257141113281e+01,1.033333301544189453e+01,2.000000000000000000e+00,-4.266702060898673876e-01,5.732866089547252741e-01,-4.701724176526863030e-01,5.297835634622233281e-01,1.654826929696944513e-03,1.609152396050294751e-03,2.086163023838941058e-09,0.000000000000000000e+00
1.000000000000000000e+00,6.018173980712890625e+01,2.477950859069824219e+01,1.033333301544189453e+01,2.000000000000000000e+00,-4.468435394312085251e-01,5.530604463451843644e-01,-4.266702060898673876e-01,5.732866089547252741e-01,7.405328658344643641e-04,1.654826929696944513e-03,8.359336352141689445e-07,0.000000000000000000e+00
1.000000000000000000e+00,6.018181991577148438e+01,2.478085327148437500e+01,1.033333301544189453e+01,2.000000000000000000e+00,5.622095368522547071e-02,9.437088654305704205e-01,-4.468435394312085251e-01,5.530604463451843644e-01,1.347064887527868286e-03,7.405328658344643641e-04,3.678810933394878178e-07,0.000000000000000000e+00
1.000000000000000000e+00,6.018216705322265625e+01,2.478276252746582031e+01,1.033333301544189453e+01,2.000000000000000000e+00,1.538393359156594864e-01,8.461163475361270780e-01,5.622095368522547071e-02,9.437088654305704205e-01,1.940557345890816295e-03,1.347064887527868286e-03,3.522332981336955983e-07,0.000000000000000000e+00
1.000000000000000000e+00,6.018277740478515625e+01,2.478512573242187500e+01,1.035000038146972656e+01,2.000000000000000000e+00,2.052528793058636669e-01,7.947134920623909471e-01,1.538393359156594864e-01,8.461163475361270780e-01,2.440751256102847815e-03,1.940557345890816295e-03,2.501939478132018325e-07,0.000000000000000000e+00
1.000000000000000000e+00,6.018273544311523438e+01,2.478531265258789062e+01,1.035000038146972656e+01,2.000000000000000000e+00,-1.832532687585242681e-01,8.163100153788808155e-01,2.052528793058636669e-01,7.947134920623909471e-01,1.915722584455828751e-04,2.440751256102847815e-03,5.058806163502539749e-06,0.000000000000000000e+00
1.000000000000000000e+00,6.018318557739257812e+01,2.478683471679687500e+01,1.035000038146972656e+01,2.000000000000000000e+00,2.282282729840632296e-01,7.717210247511968602e-01,-1.832532687585242681e-01,8.163100153788808155e-01,1.587230394086192953e-03,1.915722584455828751e-04,1.947861631579823130e-06,0.000000000000000000e+00
1.000000000000000000e+00,6.018317794799804688e+01,2.478693771362304688e+01,1.035000038146972656e+01,2.000000000000000000e+00,-6.890323252073821125e-02,9.301936390299659907e-01,2.282282729840632296e-01,7.717210247511968602e-01,1.032790097860785214e-04,1.587230394086192953e-03,2.202111710966225702e-06,0.000000000000000000e+00
1.000000000000000000e+00,6.018312835693359375e+01,2.478720283508300781e+01,1.035000038146972656e+01,2.000000000000000000e+00,-1.575257037356604939e-01,8.421566468944926553e-01,-6.890323252073821125e-02,9.301936390299659907e-01,2.697195992237364100e-04,1.032790097860785214e-04,2.770246981235499102e-08,0.000000000000000000e+00
1.000000000000000000e+00,6.018285369873046875e+01,2.478975868225097656e+01,1.035000038146972656e+01,2.000000000000000000e+00,-9.703161236455637439e-02,9.029330595035107709e-01,-1.575257037356604939e-01,8.421566468944926553e-01,2.570562559938531066e-03,2.697195992237364100e-04,5.293878329870821756e-06,0.000000000000000000e+00
1.000000000000000000e+00,6.018288421630859375e+01,2.479009246826171875e+01,1.036666679382324219e+01,2.000000000000000000e+00,8.374664536062678688e-02,9.159789336318554520e-01,-9.703161236455637439e-02,9.029330595035107709e-01,3.351781966981134129e-04,2.570562559938531066e-03,4.996943251419768191e-06,0.000000000000000000e+00
1.000000000000000000e+00,6.018258666992187500e+01,2.479404258728027344e+01,1.036666679382324219e+01,2.000000000000000000e+00,-7.004774471522311197e-02,9.299287134950452449e-01,8.374664536062678688e-02,9.159789336318554520e-01,3.961309646189859965e-03,3.351781966981134129e-04,1.314882928899311622e-05,0.000000000000000000e+00
1.000000000000000000e+00,6.018282699584960938e+01,2.479440689086914062e+01,1.036666679382324219e+01,2.000000000000000000e+00,3.974106127396428989e-01,6.024240240735857510e-01,-7.004774471522311197e-02,9.299287134950452449e-01,4.364328773166622957e-04,3.961309646189859965e-03,1.242475623574195236e-05,0.000000000000000000e+00
1.000000000000000000e+00,6.018269348144531250e+01,2.479430007934570312e+01,1.036666679382324219e+01,2.000000000000000000e+00,-5.553244841562307021e-01,-4.442595873249845506e-01,3.974106127396428989e-01,6.024240240735857510e-01,1.709818636399457539e-04,4.364328773166622957e-04,7.046424066199634861e-08,0.000000000000000000e+00
1.000000000000000000e+00,6.018268585205078125e+01,2.479426002502441406e+01,1.036666679382324219e+01,2.000000000000000000e+00,-1.596651578947906047e-01,-8.382420789476506817e-01,-5.553244841562307021e-01,-4.442595873249845506e-01,4.077445664678945283e-05,1.709818636399457539e-04,1.695396883588144801e-08,0.000000000000000000e+00
1.000000000000000000e+00,6.018262100219726562e+01,2.479446983337402344e+01,1.036666679382324219e+01,2.000000000000000000e+00,-2.360251769666795174e-01,7.636108666569042525e-01,-1.596651578947906047e-01,-8.382420789476506817e-01,2.196020197238808427e-04,4.077445664678945283e-05,3.197929731609109995e-08,0.000000000000000000e+00
1.000000000000000000e+00,6.018301010131835938e+01,2.479731178283691406e+01,1.038333320617675781e+01,2.000000000000000000e+00,1.204213025121693426e-01,8.795477487408446260e-01,-2.360251769666795174e-01,7.636108666569042525e-01,2.868462109852636978e-03,2.196020197238808427e-04,7.016459777076923048e-06,0.000000000000000000e+00
1.000000000000000000e+00,6.018376159667968750e+01,2.479939651489257812e+01,1.038333320617675781e+01,2.000000000000000000e+00,2.649536710134318684e-01,7.350110721260939561e-01,1.204213025121693426e-01,8.795477487408446260e-01,2.216044453978980189e-03,2.868462109852636978e-03,4.256487976956772455e-07,0.000000000000000000e+00
1.000000000000000000e+00,6.018402099609375000e+01,2.479991722106933594e+01,1.038333320617675781e+01,2.000000000000000000e+00,3.324757180857497163e-01,6.673961105691887941e-01,2.649536710134318684e-01,7.350110721260939561e-01,5.817413330078125000e-04,2.216044453978980189e-03,2.670946691216099055e-06,0.000000000000000000e+00
1.000000000000000000e+00,6.018450164794921875e+01,2.480235290527343750e+01,1.038333320617675781e+01,2.000000000000000000e+00,1.648079524635852888e-01,8.351577591111047916e-01,3.324757180857497163e-01,6.673961105691887941e-01,2.482656590887151894e-03,5.817413330078125000e-04,3.613478817638475573e-06,0.000000000000000000e+00
1.000000000000000000e+00,6.018485260009765625e+01,2.480661582946777344e+01,1.038333320617675781e+01,2.000000000000000000e+00,7.606284089149543959e-02,9.239154858287624839e-01,1.648079524635852888e-01,8.351577591111047916e-01,4.277346151195574736e-03,2.482656590887151894e-03,3.220910617880039937e-06,0.000000000000000000e+00
1.000000000000000000e+00,6.018489074707031250e+01,2.480681037902832031e+01,1.038333320617675781e+01,2.000000000000000000e+00,1.638640066128696227e-01,8.357064337256351338e-01,7.606284089149543959e-02,9.239154858287624839e-01,1.982541879300885404e-04,4.277346151195574736e-03,1.663899124477708185e-05,0.000000000000000000e+00
1.000000000000000000e+00,6.018553161621093750e+01,2.480934715270996094e+01,1.039999961853027344e+01,2.000000000000000000e+00,2.016743256045124555e-01,7.982942055178617879e-01,1.638640066128696227e-01,8.357064337256351338e-01,2.616473574731829205e-03,1.982541879300885404e-04,5.847785002703785869e-06,0.000000000000000000e+00
1.000000000000000000e+00,6.018560028076171875e+01,2.480938911437988281e+01,1.039999961853027344e+01,2.000000000000000000e+00,6.201290926866439568e-01,3.789677788640601896e-01,2.016743256045124555e-01,7.982942055178617879e-01,8.047112697497935477e-05,2.616473574731829205e-03,6.431308415028733346e-06,0.000000000000000000e+00
1.000000000000000000e+00,6.018571090698242188e+01,2.480984497070312500e+01,1.039999961853027344e+01,2.000000000000000000e+00,1.952517278996912520e-01,8.045717753107967107e-01,6.201290926866439568e-01,3.789677788640601896e-01,4.690875698064725439e-04,8.047112697497935477e-05,1.510227396390032118e-07,0.000000000000000000e+00
1.000000000000000000e+00,6.018626785278320312e+01,2.481144714355468750e+01,1.039999961853027344e+01,2.000000000000000000e+00,2.579385835597087229e-01,7.420151033909428984e-01,1.952517278996912520e-01,8.045717753107967107e-01,1.696215337535827246e-03,4.690875698064725439e-04,1.505842558332428937e-06,0.000000000000000000e+00
1.000000000000000000e+00,6.018638610839843750e+01,2.481248283386230469e+01,1.039999961853027344e+01,2.000000000000000000e+00,1.024704588376986608e-01,8.974428894979091798e-01,2.579385835597087229e-01,7.420151033909428984e-01,1.042419686991110641e-03,1.696215337535827246e-03,4.274487526711891773e-07,0.000000000000000000e+00
1.000000000000000000e+00,6.018653106689453125e+01,2.481252098083496094e+01,1.039999961853027344e+01,2.000000000000000000e+00,7.912345471060071578e-01,2.082196176594755810e-01,1.024704588376986608e-01,8.974428894979091798e-01,1.498938194609718267e-04,1.042419686991110641e-03,7.966024242104268380e-07,0.000000000000000000e+00
1.000000000000000000e+00,6.018721389770507812e+01,2.481446647644042969e+01,1.041666698455810547e+01,2.000000000000000000e+00,2.597869228471548775e-01,7.401750315756927545e-01,7.912345471060071578e-01,2.082196176594755810e-01,2.061846518713340067e-03,1.498938194609718267e-04,3.655563124178416745e-06,0.000000000000000000e+00
1.000000000000000000e+00,6.018715286254882812e+01,2.481465339660644531e+01,1.041666698455810547e+01,2.000000000000000000e+00,-2.460546127070869504e-01,7.535422514154537232e-01,2.597869228471548775e-01,7.401750315756927545e-01,1.966327509896831165e-04,2.061846518713340067e-03,3.479022399305879798e-06,0.000000000000000000e+00
1.000000000000000000e+00,6.018686294555664062e+01,2.481869125366210938e+01,1.041666698455810547e+01,2.000000000000000000e+00,-6.698831550595152340e-02,9.329885784611799959e-01,-2.460546127070869504e-01,7.535422514154537232e-01,4.048251655262441635e-03,1.966327509896831165e-04,1.483496818375128407e-05,0.000000000000000000e+00
1.000000000000000000e+00,6.018661499023437500e+01,2.481995391845703125e+01,1.041666698455810547e+01,2.000000000000000000e+00,-1.641305490306451675e-01,8.358032573714392344e-01,-6.698831550595152340e-02,9.329885784611799959e-01,1.286780566442837902e-03,4.048251655262441635e-03,7.625722574386527857e-06,0.000000000000000000e+00
1.000000000000000000e+00,6.018661499023437500e+01,2.481995391845703125e+01,1.041666698455810547e+01,2.000000000000000000e+00,0.000000000000000000e+00,0.000000000000000000e+00,-1.641305490306451675e-01,8.358032573714392344e-01,0.000000000000000000e+00,1.286780566442837902e-03,1.655804226174950811e-06,0.000000000000000000e+00
1.000000000000000000e+00,6.018661499023437500e+01,2.481995391845703125e+01,1.041666698455810547e+01,2.000000000000000000e+00,0.000000000000000000e+00,0.000000000000000000e+00,0.000000000000000000e+00,0.000000000000000000e+00,0.000000000000000000e+00,0.000000000000000000e+00,0.000000000000000000e+00,0.000000000000000000e+00
1.000000000000000000e+00,6.018723678588867188e+01,2.482032775878906250e+01,1.043333339691162109e+01,2.000000000000000000e+00,6.244583532526608582e-01,3.754412185200046714e-01,0.000000000000000000e+00,0.000000000000000000e+00,7.255249337932599078e-04,0.000000000000000000e+00,5.263864295557141304e-07,0.000000000000000000e+00
1.000000000000000000e+00,6.018723678588867188e+01,2.482032775878906250e+01,1.043333339691162109e+01,2.000000000000000000e+00,0.000000000000000000e+00,0.000000000000000000e+00,6.244583532526608582e-01,3.754412185200046714e-01,0.000000000000000000e+00,7.255249337932599078e-04,5.263864295557141304e-07,0.000000000000000000e+00
1.000000000000000000e+00,6.018723678588867188e+01,2.482033348083496094e+01,1.043333339691162109e+01,2.000000000000000000e+00,0.000000000000000000e+00,9.828239073094842126e-01,0.000000000000000000e+00,0.000000000000000000e+00,5.722045898437500000e-06,0.000000000000000000e+00,3.274180926382541656e-11,0.000000000000000000e+00
1.000000000000000000e+00,6.018723678588867188e+01,2.482033348083496094e+01,1.043333339691162109e+01,2.000000000000000000e+00,0.000000000000000000e+00,0.000000000000000000e+00,0.000000000000000000e+00,9.828239073094842126e-01,0.000000000000000000e+00,5.722045898437500000e-06,3.274180926382541656e-11,0.000000000000000000e+00
1.000000000000000000e+00,6.018723678588867188e+01,2.482033348083496094e+01,1.043333339691162109e+01,2.000000000000000000e+00,0.000000000000000000e+00,0.000000000000000000e+00,0.000000000000000000e+00,0.000000000000000000e+00,0.000000000000000000e+00,0.000000000000000000e+00,0.000000000000000000e+00,0.000000000000000000e+00
1.000000000000000000e+00,6.018746185302734375e+01,2.482258415222167969e+01,1.043333339691162109e+01,2.000000000000000000e+00,9.090541905852486670e-02,9.090541905852486115e-01,0.000000000000000000e+00,0.000000000000000000e+00,2.261896750053911127e-03,0.000000000000000000e+00,5.116176907904445278e-06,0.000000000000000000e+00
1.000000000000000000e+00,6.018746185302734375e+01,2.482258415222167969e+01,1.044999980926513672e+01,2.000000000000000000e+00,0.000000000000000000e+00,0.000000000000000000e+00,9.090541905852486670e-02,9.090541905852486115e-01,0.000000000000000000e+00,2.261896750053911127e-03,5.116176907904445278e-06,0.000000000000000000e+00
1.000000000000000000e+00,6.018746185302734375e+01,2.482258415222167969e+01,1.044999980926513672e+01,2.000000000000000000e+00,0.000000000000000000e+00,0.000000000000000000e+00,0.000000000000000000e+00,0.000000000000000000e+00,0.000000000000000000e+00,0.000000000000000000e+00,0.000000000000000000e+00,0.000000000000000000e+00
1.000000000000000000e+00,6.018727874755859375e+01,2.482026290893554688e+01,1.044999980926513672e+01,2.000000000000000000e+00,-7.311208440300781541e-02,-9.268479866506302844e-01,0.000000000000000000e+00,0.000000000000000000e+00,2.328453994843534668e-03,0.000000000000000000e+00,5.421698006102815270e-06,0.000000000000000000e+00
1.000000000000000000e+00,6.018727874755859375e+01,2.482026290893554688e+01,1.044999980926513672e+01,2.000000000000000000e+00,0.000000000000000000e+00,0.000000000000000000e+00,-7.311208440300781541e-02,-9.268479866506302844e-01,0.000000000000000000e+00,2.328453994843534668e-03,5.421698006102815270e-06,0.000000000000000000e+00
1.000000000000000000e+00,6.018755722045898438e+01,2.482127380371093750e+01,1.044999980926513672e+01,2.000000000000000000e+00,2.159595820980208525e-01,7.839628665202126312e-01,0.000000000000000000e+00,0.000000000000000000e+00,1.048549189673059125e-03,0.000000000000000000e+00,1.099455403164028910e-06,0.000000000000000000e+00
1.000000000000000000e+00,6.018741607666015625e+01,2.482085609436035156e+01,1.046666622161865234e+01,2.000000000000000000e+00,-2.525145425445455283e-01,-7.473065515845335183e-01,2.159595820980208525e-01,7.839628665202126312e-01,4.409111855176276753e-04,1.048549189673059125e-03,3.692239440939960734e-07,0.000000000000000000e+00
1.000000000000000000e+00,6.018737411499023438e+01,2.482085418701171875e+01,1.046666622161865234e+01,2.000000000000000000e+00,-9.543462943045722957e-01,-4.337937701384419337e-02,-2.525145425445455283e-01,-7.473065515845335183e-01,4.200499638661430173e-05,4.409111855176276753e-04,1.591261477270278030e-07,0.000000000000000000e+00
1.000000000000000000e+00,6.018715286254882812e+01,2.482136344909667969e+01,1.046666622161865234e+01,2.000000000000000000e+00,-3.028306082365715413e-01,6.970325206824534714e-01,-9.543462943045722957e-01,-4.337937701384419337e-02,5.552481553386622287e-04,4.200499638661430173e-05,2.634185402110771794e-07,0.000000000000000000e+00
1.000000000000000000e+00,6.018706130981445312e+01,2.482154464721679688e+01,1.046666622161865234e+01,2.000000000000000000e+00,-3.355413144862312014e-01,6.640921849206659067e-01,-3.028306082365715413e-01,6.970325206824534714e-01,2.030139451011728213e-04,5.552481553386622287e-04,1.240689388616278916e-07,0.000000000000000000e+00
1.000000000000000000e+00,6.018706512451171875e+01,2.482162475585937500e+01,1.046666622161865234e+01,2.000000000000000000e+00,4.540044793171540277e-02,9.534094065660234651e-01,-3.355413144862312014e-01,6.640921849206659067e-01,8.019941727305846836e-05,2.030139451011728213e-04,1.508340824564267267e-08,0.000000000000000000e+00
1.000000000000000000e+00,6.018704223632812500e+01,2.482198905944824219e+01,1.046666622161865234e+01,2.000000000000000000e+00,-5.909803724544269304e-02,9.406437594899628163e-01,4.540044793171540277e-02,9.534094065660234651e-01,3.650218812752654778e-04,8.019941727305846836e-05,8.112383600028850044e-08,0.000000000000000000e+00
1.000000000000000000e+00,6.018704223632812500e+01,2.482198905944824219e+01,1.048333358764648438e+01,2.000000000000000000e+00,0.000000000000000000e+00,0.000000000000000000e+00,-5.909803724544269304e-02,9.406437594899628163e-01,0.000000000000000000e+00,3.650218812752654778e-04,1.332409738097340133e-07,0.000000000000000000e+00
1.000000000000000000e+00,6.018682861328125000e+01,2.482176971435546875e+01,1.048333358764648438e+01,2.000000000000000000e+00,-4.932781410528562227e-01,-5.064909484024863184e-01,0.000000000000000000e+00,0.000000000000000000e+00,3.061814427426103025e-04,0.000000000000000000e+00,9.374707587994635105e-08,0.000000000000000000e+00
1.000000000000000000e+00,6.018682861328125000e+01,2.482176971435546875e+01,1.048333358764648438e+01,2.000000000000000000e+00,0.000000000000000000e+00,0.000000000000000000e+00,-4.932781410528562227e-01,-5.064909484024863184e-01,0.000000000000000000e+00,3.061814427426103025e-04,9.374707587994635105e-08,0.000000000000000000e+00
1.000000000000000000e+00,6.018692398071289062e+01,2.482155227661132812e+01,1.048333358764648438e+01,2.000000000000000000e+00,3.047806141349855835e-01,-6.948998002277672059e-01,0.000000000000000000e+00,0.000000000000000000e+00,2.374323474059361985e-04,0.000000000000000000e+00,5.637411959469317728e-08,0.000000000000000000e+00
1.000000000000000000e+00,6.018694686889648438e+01,2.482152557373046875e+01,1.048333358764648438e+01,2.000000000000000000e+00,4.606096457309961090e-01,-5.373779200194954697e-01,3.047806141349855835e-01,-6.948998002277672059e-01,3.516977103154330091e-05,2.374323474059361985e-04,4.091014980160712441e-08,0.000000000000000000e+00
1.000000000000000000e+00,6.018694686889648438e+01,2.482152557373046875e+01,1.048333358764648438e+01,2.000000000000000000e+00,0.000000000000000000e+00,0.000000000000000000e+00,4.606096457309961090e-01,-5.373779200194954697e-01,0.000000000000000000e+00,3.516977103154330091e-05,1.236912794411182404e-09,0.000000000000000000e+00
1.000000000000000000e+00,6.018694686889648438e+01,2.482152557373046875e+01,1.050000000000000000e+01,2.000000000000000000e+00,0.000000000000000000e+00,0.000000000000000000e+00,0.000000000000000000e+00,0.000000000000000000e+00,0.000000000000000000e+00,0.000000000000000000e+00,0.000000000000000000e+00,0.000000000000000000e+00
1.000000000000000000e+00,6.018719482421875000e+01,2.482131385803222656e+01,1.086666679382324219e+01,2.000000000000000000e+00,0.000000000000000000e+00,0.000000000000000000e+00,0.000000000000000000e+00,0.000000000000000000e+00,0.000000000000000000e+00,0.000000000000000000e+00,0.000000000000000000e+00,0.000000000000000000e+00
1.000000000000000000e+00,6.018716430664062500e+01,2.482137680053710938e+01,1.086666679382324219e+01,2.000000000000000000e+00,-3.261816059146901980e-01,6.727495621990485786e-01,0.000000000000000000e+00,0.000000000000000000e+00,6.995056465489291736e-05,0.000000000000000000e+00,4.893081495538353920e-09,0.000000000000000000e+00
1.000000000000000000e+00,6.018689346313476562e+01,2.482180404663085938e+01,1.086666679382324219e+01,2.000000000000000000e+00,-3.879225729098618181e-01,6.119341995197820072e-01,-3.261816059146901980e-01,6.727495621990485786e-01,5.058610770664522058e-04,6.995056465489291736e-05,1.900179748309081791e-07,0.000000000000000000e+00
1.000000000000000000e+00,6.018689346313476562e+01,2.482180404663085938e+01,1.086666679382324219e+01,2.000000000000000000e+00,0.000000000000000000e+00,0.000000000000000000e+00,-3.879225729098618181e-01,6.119341995197820072e-01,0.000000000000000000e+00,5.058610770664522058e-04,2.558954292908310890e-07,0.000000000000000000e+00
1.000000000000000000e+00,6.018689346313476562e+01,2.482180404663085938e+01,1.086666679382324219e+01,2.000000000000000000e+00,0.000000000000000000e+00,0.000000000000000000e+00,0.000000000000000000e+00,0.000000000000000000e+00,0.000000000000000000e+00,0.000000000000000000e+00,0.000000000000000000e+00,0.000000000000000000e+00
1.000000000000000000e+00,6.018689346313476562e+01,2.482180595397949219e+01,1.086666679382324219e+01,2.000000000000000000e+00,0.000000000000000000e+00,9.501830432614539745e-01,0.000000000000000000e+00,0.000000000000000000e+00,1.907348632812500000e-06,0.000000000000000000e+00,3.637978807091712952e-12,0.000000000000000000e+00
1.000000000000000000e+00,6.018689346313476562e+01,2.482180404663085938e+01,1.088333320617675781e+01,2.000000000000000000e+00,0.000000000000000000e+00,-9.501830432614539745e-01,0.000000000000000000e+00,9.501830432614539745e-01,1.907348632812500000e-06,1.907348632812500000e-06,0.000000000000000000e+00,0.000000000000000000e+00
1.000000000000000000e+00,6.018689346313476562e+01,2.482180404663085938e+01,1.088333320617675781e+01,2.000000000000000000e+00,0.000000000000000000e+00,0.000000000000000000e+00,0.000000000000000000e+00,-9.501830432614539745e-01,0.000000000000000000e+00,1.907348632812500000e-06,3.637978807091712952e-12,0.000000000000000000e+00
1.000000000000000000e+00,6.018689346313476562e+01,2.482180404663085938e+01,1.088333320617675781e+01,2.000000000000000000e+00,0.000000000000000000e+00,0.000000000000000000e+00,0.000000000000000000e+00,0.000000000000000000e+00,0.000000000000000000e+00,0.000000000000000000e+00,0.000000000000000000e+00,0.000000000000000000e+00
1.000000000000000000e+00,6.018689346313476562e+01,2.482180404663085938e+01,1.088333320617675781e+01,2.000000000000000000e+00,0.000000000000000000e+00,0.000000000000000000e+00,0.000000000000000000e+00,0.000000000000000000e+00,0.000000000000000000e+00,0.000000000000000000e+00,0.000000000000000000e+00,0.000000000000000000e+00
1.000000000000000000e+00,6.018689346313476562e+01,2.482180404663085938e+01,1.088333320617675781e+01,2.000000000000000000e+00,0.000000000000000000e+00,0.000000000000000000e+00,0.000000000000000000e+00,0.000000000000000000e+00,0.000000000000000000e+00,0.000000000000000000e+00,0.000000000000000000e+00,0.000000000000000000e+00
1.000000000000000000e+00,6.018689346313476562e+01,2.482180404663085938e+01,1.088333320617675781e+01,2.000000000000000000e+00,0.000000000000000000e+00,0.000000000000000000e+00,0.000000000000000000e+00,0.000000000000000000e+00,0.000000000000000000e+00,0.000000000000000000e+00,0.000000000000000000e+00,0.000000000000000000e+00
1.000000000000000000e+00,6.018714904785156250e+01,2.482148742675781250e+01,1.383333301544189453e+01,2.000000000000000000e+00,0.000000000000000000e+00,0.000000000000000000e+00,0.000000000000000000e+00,0.000000000000000000e+00,0.000000000000000000e+00,0.000000000000000000e+00,0.000000000000000000e+00,0.000000000000000000e+00
1.000000000000000000e+00,6.018690109252929688e+01,2.482174682617187500e+01,1.383333301544189453e+01,2.000000000000000000e+00,-4.886254960586174922e-01,5.111774420305537081e-01,0.000000000000000000e+00,0.000000000000000000e+00,3.588452282751134360e-04,0.000000000000000000e+00,1.287698978558182716e-07,0.000000000000000000e+00
1.000000000000000000e+00,6.018690490722656250e+01,2.482174110412597656e+01,1.383333301544189453e+01,2.000000000000000000e+00,3.958492200820326046e-01,-5.937738301230488513e-01,-4.886254960586174922e-01,5.111774420305537081e-01,6.877043295791605234e-06,3.588452282751134360e-04,1.238816032376380973e-07,0.000000000000000000e+00
1.000000000000000000e+00,6.018690872192382812e+01,2.482172966003417969e+01,1.383333301544189453e+01,2.000000000000000000e+00,2.483722675076618092e-01,-7.451168025229853997e-01,3.958492200820326046e-01,-5.937738301230488513e-01,1.206313194339134034e-05,6.877043295791605234e-06,2.689551546076285073e-11,0.000000000000000000e+00
1.000000000000000000e+00,6.018727493286132812e+01,2.482144927978515625e+01,1.385000038146972656e+01,2.000000000000000000e+00,5.662841014870205747e-01,-4.335612652010001344e-01,2.483722675076618092e-01,-7.451168025229853997e-01,4.612196166546624087e-04,1.206313194339134034e-05,2.017415477581862639e-07,0.000000000000000000e+00
1.000000000000000000e+00,6.018730163574218750e+01,2.482142829895019531e+01,1.385000038146972656e+01,2.000000000000000000e+00,5.588280526317671582e-01,-4.390791842106742116e-01,5.662841014870205747e-01,-4.335612652010001344e-01,3.395937693551036313e-05,4.612196166546624087e-04,1.825513124448672607e-07,0.000000000000000000e+00
1.000000000000000000e+00,6.018730163574218750e+01,2.482142829895019531e+01,1.385000038146972656e+01,2.000000000000000000e+00,0.000000000000000000e+00,0.000000000000000000e+00,5.588280526317671582e-01,-4.390791842106742116e-01,0.000000000000000000e+00,3.395937693551036313e-05,1.153239281848073212e-09,0.000000000000000000e+00
1.000000000000000000e+00,6.018732452392578125e+01,2.482143974304199219e+01,1.386666679382324219e+01,2.000000000000000000e+00,6.647304987570425983e-01,3.323652493785212991e-01,0.000000000000000000e+00,0.000000000000000000e+00,2.558976719856021658e-05,0.000000000000000000e+00,6.548361852765084347e-10,0.000000000000000000e+00
1.000000000000000000e+00,6.018735885620117188e+01,2.482130622863769531e+01,1.386666679382324219e+01,2.000000000000000000e+00,2.044236626440450733e-01,-7.949809102823975904e-01,6.647304987570425983e-01,3.323652493785212991e-01,1.378579025237476499e-04,2.558976719856021658e-05,1.260413420939459925e-08,0.000000000000000000e+00
1.000000000000000000e+00,6.018733215332031250e+01,2.482134819030761719e+01,1.386666679382324219e+01,2.000000000000000000e+00,-3.883233520178257514e-01,6.102224103137261491e-01,2.044236626440450733e-01,-7.949809102823975904e-01,4.973756717836493800e-05,1.378579025237476499e-04,7.765193501382707690e-09,0.000000000000000000e+00
1.000000000000000000e+00,6.018734359741210938e+01,2.482147979736328125e+01,1.386666679382324219e+01,2.000000000000000000e+00,7.994411501310401402e-02,9.193573226506961404e-01,-3.883233520178257514e-01,6.102224103137261491e-01,1.321036878274749139e-04,4.973756717836493800e-05,6.784177830783741727e-09,0.000000000000000000e+00
1.000000000000000000e+00,6.018692016601562500e+01,2.482166290283203125e+01,1.388333320617675781e+01,2.000000000000000000e+00,-6.979981282884641924e-01,3.018370284490655697e-01,7.994411501310401402e-02,9.193573226506961404e-01,4.613260888079767272e-04,1.321036878274749139e-04,1.083873893073663376e-07,0.000000000000000000e+00
1.000000000000000000e+00,6.018692016601562500e+01,2.482165718078613281e+01,1.388333320617675781e+01,2.000000000000000000e+00,0.000000000000000000e+00,-9.828239073094842126e-01,-6.979981282884641924e-01,3.018370284490655697e-01,5.722045898437500000e-06,4.613260888079767272e-04,2.075750439155172565e-07,0.000000000000000000e+00
1.000000000000000000e+00,6.018692016601562500e+01,2.482165527343750000e+01,1.388333320617675781e+01,2.000000000000000000e+00,0.000000000000000000e+00,-9.501830432614539745e-01,0.000000000000000000e+00,-9.828239073094842126e-01,1.907348632812500000e-06,5.722045898437500000e-06,1.455191522836685181e-11,0.000000000000000000e+00
1.000000000000000000e+00,6.018692016601562500e+01,2.482165336608886719e+01,1.388333320617675781e+01,2.000000000000000000e+00,0.000000000000000000e+00,-9.501830432614539745e-01,0.000000000000000000e+00,-9.501830432614539745e-01,1.907348632812500000e-06,1.907348632812500000e-06,0.000000000000000000e+00,0.000000000000000000e+00
1.000000000000000000e+00,6.018692016601562500e+01,2.482164764404296875e+01,1.388333320617675781e+01,2.000000000000000000e+00,0.000000000000000000e+00,-9.828239073094842126e-01,0.000000000000000000e+00,-9.501830432614539745e-01,5.722045898437500000e-06,1.907348632812500000e-06,1.455191522836685181e-11,0.000000000000000000e+00
1.000000000000000000e+00,6.018692398071289062e+01,2.482164382934570312e+01,1.388333320617675781e+01,2.000000000000000000e+00,4.935311880124827466e-01,-4.935311880124827466e-01,0.000000000000000000e+00,-9.828239073094842126e-01,5.394796609394436438e-06,5.722045898437500000e-06,1.070920971791905583e-13,0.000000000000000000e+00
1.000000000000000000e+00,6.018692398071289062e+01,2.482164192199707031e+01,1.389999961853027344e+01,2.000000000000000000e+00,0.000000000000000000e+00,-9.501830432614539745e-01,4.935311880124827466e-01,-4.935311880124827466e-01,1.907348632812500000e-06,5.394796609394436438e-06,1.216229338936544193e-11,0.000000000000000000e+00
1.000000000000000000e+00,6.018692398071289062e+01,2.482163810729980469e+01,1.389999961853027344e+01,2.000000000000000000e+00,0.000000000000000000e+00,-9.744552405423272390e-01,0.000000000000000000e+00,-9.501830432614539745e-01,3.814697265625000000e-06,1.907348632812500000e-06,3.637978807091712952e-12,0.000000000000000000e+00
1.000000000000000000e+00,6.018731307983398438e+01,2.482148361206054688e+01,1.389999961853027344e+01,2.000000000000000000e+00,7.156578207692858573e-01,-2.841582523642752767e-01,0.000000000000000000e+00,-9.744552405423272390e-01,4.186489042016680552e-04,3.814697265625000000e-06,1.720874192442558029e-07,0.000000000000000000e+00
1.000000000000000000e+00,6.018733215332031250e+01,2.482155799865722656e+01,1.389999961853027344e+01,2.000000000000000000e+00,2.038635036966813807e-01,7.950676644170573404e-01,7.156578207692858573e-01,-2.841582523642752767e-01,7.679299216917951645e-05,4.186489042016680552e-04,1.168654645915645515e-07,0.000000000000000000e+00
1.000000000000000000e+00,6.018730163574218750e+01,2.482146072387695312e+01,1.389999961853027344e+01,2.000000000000000000e+00,-2.386192459593648452e-01,-7.605988464954754891e-01,2.038635036966813807e-01,7.950676644170573404e-01,1.019495240394040431e-04,7.679299216917951645e-05,6.328510957376223456e-10,0.000000000000000000e+00
1.000000000000000000e+00,6.018729019165039062e+01,2.482145881652832031e+01,1.389999961853027344e+01,2.000000000000000000e+00,-8.507707302199207788e-01,-1.417951217033201206e-01,-2.386192459593648452e-01,-7.605988464954754891e-01,1.160194879588741176e-05,1.019495240394040431e-04,8.162684352382900057e-09,0.000000000000000000e+00
1.000000000000000000e+00,6.018729019165039062e+01,2.482141494750976562e+01,1.391666698455810547e+01,2.000000000000000000e+00,0.000000000000000000e+00,-9.977256713184164960e-01,-8.507707302199207788e-01,-1.417951217033201206e-01,4.386901855468750000e-05,1.160194879588741176e-05,1.041163790819271193e-09,0.000000000000000000e+00
1.000000000000000000e+00,6.018729782104492188e+01,2.482143783569335938e+01,1.391666698455810547e+01,2.000000000000000000e+00,2.491834755871958629e-01,7.475504267615875609e-01,0.000000000000000000e+00,-9.977256713184164960e-01,2.412626388678268069e-05,4.386901855468750000e-05,3.897763618770775268e-10,0.000000000000000000e+00
1.000000000000000000e+00,6.018727874755859375e+01,2.482147026062011719e+01,1.391666698455810547e+01,2.000000000000000000e+00,-3.696525762596221676e-01,6.284093796413576793e-01,2.491834755871958629e-01,7.475504267615875609e-01,3.761879524863437796e-05,2.412626388678268069e-05,1.820484025505516175e-10,0.000000000000000000e+00
1.000000000000000000e+00,6.018725585937500000e+01,2.482144546508789062e+01,1.391666698455810547e+01,2.000000000000000000e+00,-4.789954736843718419e-01,-5.189117631580695278e-01,-3.696525762596221676e-01,6.284093796413576793e-01,3.374444201079202974e-05,3.761879524863437796e-05,1.501061301157948825e-11,0.000000000000000000e+00
1.000000000000000000e+00,6.018719482421875000e+01,2.482137107849121094e+01,1.391666698455810547e+01,2.000000000000000000e+00,-4.503716556977148677e-01,-5.488904553815899812e-01,-4.789954736843718419e-01,-5.189117631580695278e-01,9.622191051963378307e-05,3.374444201079202974e-05,3.903434071273313204e-09,0.000000000000000000e+00
1.000000000000000000e+00,6.018716049194335938e+01,2.482131958007812500e+01,1.391666698455810547e+01,2.000000000000000000e+00,-3.995345085590590872e-01,-5.993017628385886031e-01,-4.503716556977148677e-01,-5.488904553815899812e-01,6.189338966212445134e-05,9.622191051963378307e-05,1.178447344264453278e-09,0.000000000000000000e+00
1.000000000000000000e+00,6.018692398071289062e+01,2.482160949707031250e+01,1.394999980926513672e+01,2.000000000000000000e+00,-4.491900344402983691e-01,5.506200422171398934e-01,-3.995345085590590872e-01,-5.993017628385886031e-01,3.741516063000252979e-04,6.189338966212445134e-05,9.750519385788221897e-08,0.000000000000000000e+00
1.000000000000000000e+00,6.018692398071289062e+01,2.482160758972167969e+01,1.394999980926513672e+01,2.000000000000000000e+00,0.000000000000000000e+00,-9.501830432614539745e-01,-4.491900344402983691e-01,5.506200422171398934e-01,1.907348632812500000e-06,3.741516063000252979e-04,1.385657873662143173e-07,0.000000000000000000e+00
1.000000000000000000e+00,6.018692779541015625e+01,2.482160568237304688e+01,1.394999980926513672e+01,2.000000000000000000e+00,6.552159382063228454e-01,-3.276079691031614227e-01,0.000000000000000000e+00,-9.501830432614539745e-01,4.264961199760036097e-06,1.907348632812500000e-06,5.558337015828950221e-12,0.000000000000000000e+00
1.000000000000000000e+00,6.018718719482421875e+01,2.482148361206054688e+01,1.394999980926513672e+01,2.000000000000000000e+00,6.798217887969976170e-01,-3.199161359044694342e-01,6.552159382063228454e-01,-3.276079691031614227e-01,2.866866184700917895e-04,4.264961199760036097e-06,7.976199249532072106e-08,0.000000000000000000e+00
1.000000000000000000e+00,6.018718719482421875e+01,2.482153892517089844e+01,1.394999980926513672e+01,2.000000000000000000e+00,0.000000000000000000e+00,9.981953729114723117e-01,6.798217887969976170e-01,-3.199161359044694342e-01,5.531311035156250000e-05,2.866866184700917895e-04,5.353370025907513684e-08,0.000000000000000000e+00
1.000000000000000000e+00,6.018722534179687500e+01,2.482144927978515625e+01,1.396666622161865234e+01,2.000000000000000000e+00,2.982740574492060426e-01,-7.009440350056342917e-01,0.000000000000000000e+00,9.981953729114723117e-01,9.742426139161784466e-05,5.531311035156250000e-05,1.773349041918354415e-09,0.000000000000000000e+00
1.000000000000000000e+00,6.018728256225585938e+01,2.482147789001464844e+01,1.396666622161865234e+01,2.000000000000000000e+00,6.658908475984317565e-01,3.329454237992158783e-01,2.982740574492060426e-01,-7.009440350056342917e-01,6.397441799640053467e-05,9.742426139161784466e-05,1.118892023164563019e-09,0.000000000000000000e+00
1.000000000000000000e+00,6.018727111816406250e+01,2.482137870788574219e+01,1.396666622161865234e+01,2.000000000000000000e+00,-1.033548487811073308e-01,-8.957420227695968018e-01,6.658908475984317565e-01,3.329454237992158783e-01,9.984018194810791299e-05,6.397441799640053467e-05,1.286353023839592512e-09,0.000000000000000000e+00
1.000000000000000000e+00,6.018724060058593750e+01,2.482127952575683594e+01,1.396666622161865234e+01,2.000000000000000000e+00,-2.351128428791655345e-01,-7.641167393572879662e-01,-1.033548487811073308e-01,-8.957420227695968018e-01,1.037709847163043514e-04,9.984018194810791299e-05,1.545121040246078132e-11,0.000000000000000000e+00
1.000000000000000000e+00,6.018721008300781250e+01,2.482126617431640625e+01,1.396666622161865234e+01,2.000000000000000000e+00,-6.940700322215070939e-01,-3.036556390969093466e-01,-2.351128428791655345e-01,-7.641167393572879662e-01,3.331041182818027290e-05,1.037709847163043514e-04,4.964692331722645796e-09,0.000000000000000000e+00
1.000000000000000000e+00,6.018719100952148438e+01,2.482126235961914062e+01,1.396666622161865234e+01,2.000000000000000000e+00,-8.297082825330609479e-01,-1.659416565066121896e-01,-6.940700322215070939e-01,-3.036556390969093466e-01,1.945121579587091252e-05,3.331041182818027290e-05,1.920773146619795235e-10,0.000000000000000000e+00
1.000000000000000000e+00,6.018716812133789062e+01,2.482144737243652344e+01,1.398333358764648438e+01,2.000000000000000000e+00,-1.100388146513248538e-01,8.894804184315425744e-01,-8.297082825330609479e-01,-1.659416565066121896e-01,1.864232054872652655e-04,1.945121579587091252e-05,2.787964534150309895e-08,0.000000000000000000e+00
1.000000000000000000e+00,6.018716430664062500e+01,2.482150459289550781e+01,1.398333358764648438e+01,2.000000000000000000e+00,-6.239776749773171677e-02,9.359665124659757307e-01,-1.100388146513248538e-01,8.894804184315425744e-01,5.734747458790934795e-05,1.864232054872652655e-04,1.666054430720294129e-08,0.000000000000000000e+00
1.000000000000000000e+00,6.018692779541015625e+01,2.482158851623535156e+01,1.398333358764648438e+01,2.000000000000000000e+00,-7.378649680069366834e-01,2.618230531637517067e-01,-6.239776749773171677e-02,9.359665124659757307e-01,2.509595367950214449e-04,5.734747458790934795e-05,3.748563063209064425e-08,0.000000000000000000e+00
1.000000000000000000e+00,6.018693161010742188e+01,2.482158851623535156e+01,1.398333358764648438e+01,2.000000000000000000e+00,9.744552405423272390e-01,0.000000000000000000e+00,-7.378649680069366834e-01,2.618230531637517067e-01,3.814697265625000000e-06,2.509595367950214449e-04,6.108057170601111516e-08,0.000000000000000000e+00
1.000000000000000000e+00,6.018693161010742188e+01,2.482158851623535156e+01,1.398333358764648438e+01,2.000000000000000000e+00,0.000000000000000000e+00,0.000000000000000000e+00,9.744552405423272390e-01,0.000000000000000000e+00,0.000000000000000000e+00,3.814697265625000000e-06,1.455191522836685181e-11,0.000000000000000000e+00
1.000000000000000000e+00,6.018693161010742188e+01,2.482158660888671875e+01,1.400000000000000000e+01,2.000000000000000000e+00,0.000000000000000000e+00,-9.501830432614539745e-01,0.000000000000000000e+00,0.000000000000000000e+00,1.907348632812500000e-06,0.000000000000000000e+00,3.637978807091712952e-12,0.000000000000000000e+00
1.000000000000000000e+00,6.018693161010742188e+01,2.482158470153808594e+01,1.400000000000000000e+01,2.000000000000000000e+00,0.000000000000000000e+00,-9.501830432614539745e-01,0.000000000000000000e+00,-9.501830432614539745e-01,1.907348632812500000e-06,1.907348632812500000e-06,0.000000000000000000e+00,0.000000000000000000e+00
1.000000000000000000e+00,6.018693161010742188e+01,2.482158470153808594e+01,1.400000000000000000e+01,2.000000000000000000e+00,0.000000000000000000e+00,0.000000000000000000e+00,0.000000000000000000e+00,-9.501830432614539745e-01,0.000000000000000000e+00,1.907348632812500000e-06,3.637978807091712952e-12,0.000000000000000000e+00
1.000000000000000000e+00,6.018731307983398438e+01,2.482139396667480469e+01,1.403333377838134766e+01,2.000000000000000000e+00,6.665501785799909928e-01,-3.332750892899954964e-01,0.000000000000000000e+00,0.000000000000000000e+00,4.264961199760035826e-04,0.000000000000000000e+00,1.818989403545856476e-07,0.000000000000000000e+00
1.000000000000000000e+00,6.018733978271484375e+01,2.482129287719726562e+01,1.403333377838134766e+01,2.000000000000000000e+00,2.087918402144442465e-01,-7.904262522403960878e-01,6.665501785799909928e-01,-3.332750892899954964e-01,1.045568090337047279e-04,4.264961199760035826e-04,1.036449199300021902e-07,0.000000000000000000e+00
1.000000000000000000e+00,6.018722152709960938e+01,2.482141685485839844e+01,1.405000019073486328e+01,2.000000000000000000e+00,-4.879875228327787973e-01,5.115998223246873700e-01,2.087918402144442465e-01,-7.904262522403960878e-01,1.713325742362585113e-04,1.045568090337047279e-04,4.459002818386592650e-09,0.000000000000000000e+00
1.000000000000000000e+00,6.018721771240234375e+01,2.482144927978515625e+01,1.405000019073486328e+01,2.000000000000000000e+00,-1.049734929333524108e-01,8.922746899334954573e-01,-4.879875228327787973e-01,5.115998223246873700e-01,3.264854959225404758e-05,1.713325742362585113e-04,1.923325869145883970e-08,0.000000000000000000e+00
1.000000000000000000e+00,6.018717956542968750e+01,2.482140159606933594e+01,1.405000019073486328e+01,2.000000000000000000e+00,-4.439272317322878747e-01,-5.549090396653598711e-01,-1.049734929333524108e-01,8.922746899334954573e-01,6.106495129998062640e-05,3.264854959225404758e-05,8.074918860148859791e-10,0.000000000000000000e+00
1.000000000000000000e+00,6.018693542480468750e+01,2.482156753540039062e+01,1.405000019073486328e+01,2.000000000000000000e+00,-5.952036938817405476e-01,4.045525106852455033e-01,-4.439272317322878747e-01,-5.549090396653598711e-01,2.951957085837593714e-04,6.106495129998062640e-05,5.481721150627571346e-08,0.000000000000000000e+00
1.000000000000000000e+00,6.018693542480468750e+01,2.482156753540039062e+01,1.405000019073486328e+01,2.000000000000000000e+00,0.000000000000000000e+00,0.000000000000000000e+00,-5.952036938817405476e-01,4.045525106852455033e-01,0.000000000000000000e+00,2.951957085837593714e-04,8.714050636626778710e-08,0.000000000000000000e+00
1.000000000000000000e+00,6.018693542480468750e+01,2.482156753540039062e+01,1.405000019073486328e+01,2.000000000000000000e+00,0.000000000000000000e+00,0.000000000000000000e+00,0.000000000000000000e+00,0.000000000000000000e+00,0.000000000000000000e+00,0.000000000000000000e+00,0.000000000000000000e+00,0.000000000000000000e+00
1.000000000000000000e+00,6.018693542480468750e+01,2.482156562805175781e+01,1.406666660308837891e+01,2.000000000000000000e+00,0.000000000000000000e+00,-9.501830432614539745e-01,0.000000000000000000e+00,0.000000000000000000e+00,1.907348632812500000e-06,0.000000000000000000e+00,3.637978807091712952e-12,0.000000000000000000e+00
1.000000000000000000e+00,6.018693542480468750e+01,2.482156562805175781e+01,1.406666660308837891e+01,2.000000000000000000e+00,0.000000000000000000e+00,0.000000000000000000e+00,0.000000000000000000e+00,-9.501830432614539745e-01,0.000000000000000000e+00,1.907348632812500000e-06,3.637978807091712952e-12,0.000000000000000000e+00
1.000000000000000000e+00,6.018718338012695312e+01,2.482132148742675781e+01,1.406666660308837891e+01,2.000000000000000000e+00,5.037735959491965732e-01,-4.960232329345935498e-01,0.000000000000000000e+00,0.000000000000000000e+00,3.479748361810672307e-04,0.000000000000000000e+00,1.210864866152405739e-07,0.000000000000000000e+00
1.000000000000000000e+00,6.018725967407226562e+01,2.482138442993164062e+01,1.406666660308837891e+01,2.000000000000000000e+00,5.475519521672631562e-01,4.517303605379921483e-01,5.037735959491965732e-01,-4.960232329345935498e-01,9.890664796801889951e-05,3.479748361810672307e-04,6.203496237973044918e-08,0.000000000000000000e+00
1.000000000000000000e+00,6.018732070922851562e+01,2.482154655456542969e+01,1.406666660308837891e+01,2.000000000000000000e+00,2.733817685635242523e-01,7.261703227468612187e-01,5.475519521672631562e-01,4.517303605379921483e-01,1.732330429788137721e-04,9.890664796801889951e-05,5.524412995300712988e-09,0.000000000000000000e+00
1.000000000000000000e+00,6.018727493286132812e+01,2.482149696350097656e+01,1.406666660308837891e+01,2.000000000000000000e+00,-4.794972107327586941e-01,-5.194553116271551918e-01,2.733817685635242523e-01,7.261703227468612187e-01,6.748888402158405948e-05,1.732330429788137721e-04,1.118182715357186428e-08,0.000000000000000000e+00
1.000000000000000000e+00,6.018725204467773438e+01,2.482153511047363281e+01,1.408333301544189453e+01,2.000000000000000000e+00,-3.743866049863902590e-01,6.239776749773171538e-01,-4.794972107327586941e-01,-5.194553116271551918e-01,4.448663249851456255e-05,6.748888402158405948e-05,5.291035751305529494e-10,0.000000000000000000e+00
1.000000000000000000e+00,6.018725967407226562e+01,2.482163047790527344e+01,1.408333301544189453e+01,2.000000000000000000e+00,7.400222503970070587e-02,9.250278129962589135e-01,-3.743866049863902590e-01,6.239776749773171538e-01,9.567212069690287247e-05,4.448663249851456255e-05,2.619954202107348831e-09,0.000000000000000000e+00
1.000000000000000000e+00,6.018728256225585938e+01,2.482142829895019531e+01,1.408333301544189453e+01,2.000000000000000000e+00,1.016497510638256357e-01,-8.979061343971264098e-01,7.400222503970070587e-02,9.250278129962589135e-01,2.034703880782255084e-04,9.567212069690287247e-05,1.162046645041512700e-08,0.000000000000000000e+00
1.000000000000000000e+00,6.018729019165039062e+01,2.482147979736328125e+01,1.408333301544189453e+01,2.000000000000000000e+00,1.288144005019021265e-01,8.694972033878393125e-01,1.016497510638256357e-01,-8.979061343971264098e-01,5.206048608381721939e-05,2.034703880782255084e-04,2.292495842195631999e-08,0.000000000000000000e+00
1.000000000000000000e+00,6.018730545043945312e+01,2.482144165039062500e+01,1.408333301544189453e+01,2.000000000000000000e+00,2.851802978286143708e-01,-7.129507445715359548e-01,1.288144005019021265e-01,8.694972033878393125e-01,4.108554692943194381e-05,5.206048608381721939e-05,1.204492894424589919e-10,0.000000000000000000e+00
1.000000000000000000e+00,6.018722915649414062e+01,2.482154655456542969e+01,1.408333301544189453e+01,2.000000000000000000e+00,-4.208203883370942311e-01,5.786280339635045955e-01,2.851802978286143708e-01,-7.129507445715359548e-01,1.297137308953804290e-04,4.108554692943194381e-05,7.854954993102007275e-09,0.000000000000000000e+00
1.000000000000000000e+00,6.018693923950195312e+01,2.482155990600585938e+01,1.411666679382324219e+01,2.000000000000000000e+00,-9.556597226888747798e-01,4.401064512382975996e-02,-4.208203883370942311e-01,5.786280339635045955e-01,2.902242638384916950e-04,1.297137308953804290e-04,2.576363118568160602e-08,0.000000000000000000e+00
1.000000000000000000e+00,6.018693923950195312e+01,2.482155990600585938e+01,1.411666679382324219e+01,2.000000000000000000e+00,0.000000000000000000e+00,0.000000000000000000e+00,-9.556597226888747798e-01,4.401064512382975996e-02,0.000000000000000000e+00,2.902242638384916950e-04,8.423012332059444320e-08,0.000000000000000000e+00
1.000000000000000000e+00,6.018733596801757812e+01,2.482134628295898438e+01,1.418333339691162109e+01,2.000000000000000000e+00,6.498935214454464315e-01,-3.499426653937019460e-01,0.000000000000000000e+00,0.000000000000000000e+00,4.505866412424743743e-04,0.000000000000000000e+00,2.030283212661743164e-07,0.000000000000000000e+00
1.000000000000000000e+00,6.018693542480468750e+01,2.482156181335449219e+01,1.418333339691162109e+01,2.000000000000000000e+00,-6.500492838888695113e-01,3.497884241878203015e-01,6.498935214454464315e-01,-3.499426653937019460e-01,4.548496639335887254e-04,4.505866412424743743e-04,1.817336246495584333e-11,0.000000000000000000e+00
1.000000000000000000e+00,6.018693542480468750e+01,2.482155990600585938e+01,1.418333339691162109e+01,2.000000000000000000e+00,0.000000000000000000e+00,-9.501830432614539745e-01,-6.500492838888695113e-01,3.497884241878203015e-01,1.907348632812500000e-06,4.548496639335887254e-04,2.051567409900277774e-07,0.000000000000000000e+00
1.000000000000000000e+00,6.018693923950195312e+01,2.482155990600585938e+01,1.418333339691162109e+01,2.000000000000000000e+00,9.744552405423272390e-01,0.000000000000000000e+00,0.000000000000000000e+00,-9.501830432614539745e-01,3.814697265625000000e-06,1.907348632812500000e-06,3.637978807091712952e-12,0.000000000000000000e+00
1.000000000000000000e+00,6.018693923950195312e+01,2.482155990600585938e+01,1.418333339691162109e+01,2.000000000000000000e+00,0.000000000000000000e+00,0.000000000000000000e+00,9.744552405423272390e-01,0.000000000000000000e+00,0.000000000000000000e+00,3.814697265625000000e-06,1.455191522836685181e-11,0.000000000000000000e+00
1.000000000000000000e+00,6.018693923950195312e+01,2.482155990600585938e+01,1.419999980926513672e+01,2.000000000000000000e+00,0.000000000000000000e+00,0.000000000000000000e+00,0.000000000000000000e+00,0.000000000000000000e+00,0.000000000000000000e+00,0.000000000000000000e+00,0.000000000000000000e+00,0.000000000000000000e+00
1.000000000000000000e+00,6.018693923950195312e+01,2.482155990600585938e+01,1.419999980926513672e+01,2.000000000000000000e+00,0.000000000000000000e+00,0.000000000000000000e+00,0.000000000000000000e+00,0.000000000000000000e+00,0.000000000000000000e+00,0.000000000000000000e+00,0.000000000000000000e+00,0.000000000000000000e+00
1.000000000000000000e+00,6.018693923950195312e+01,2.482155990600585938e+01,1.419999980926513672e+01,2.000000000000000000e+00,0.000000000000000000e+00,0.000000000000000000e+00,0.000000000000000000e+00,0.000000000000000000e+00,0.000000000000000000e+00,0.000000000000000000e+00,0.000000000000000000e+00,0.000000000000000000e+00
1.000000000000000000e+00,6.018693923950195312e+01,2.482155990600585938e+01,1.419999980926513672e+01,2.000000000000000000e+00,0.000000000000000000e+00,0.000000000000000000e+00,0.000000000000000000e+00,0.000000000000000000e+00,0.000000000000000000e+00,0.000000000000000000e+00,0.000000000000000000e+00,0.000000000000000000e+00
1.000000000000000000e+00,6.018693923950195312e+01,2.482155990600585938e+01,1.419999980926513672e+01,2.000000000000000000e+00,0.000000000000000000e+00,0.000000000000000000e+00,0.000000000000000000e+00,0.000000000000000000e+00,0.000000000000000000e+00,0.000000000000000000e+00,0.000000000000000000e+00,0.000000000000000000e+00
1.000000000000000000e+00,6.018693923950195312e+01,2.482155990600585938e+01,1.419999980926513672e+01,2.000000000000000000e+00,0.000000000000000000e+00,0.000000000000000000e+00,0.000000000000000000e+00,0.000000000000000000e+00,0.000000000000000000e+00,0.000000000000000000e+00,0.000000000000000000e+00,0.000000000000000000e+00
1.000000000000000000e+00,6.018722152709960938e+01,2.482137680053710938e+01,1.428333377838134766e+01,2.000000000000000000e+00,0.000000000000000000e+00,0.000000000000000000e+00,0.000000000000000000e+00,0.000000000000000000e+00,0.000000000000000000e+00,0.000000000000000000e+00,0.000000000000000000e+00,0.000000000000000000e+00
1.000000000000000000e+00,6.018722915649414062e+01,2.482128143310546875e+01,1.428333377838134766e+01,2.000000000000000000e+00,7.400222503970070587e-02,-9.250278129962589135e-01,0.000000000000000000e+00,0.000000000000000000e+00,9.567212069690287247e-05,0.000000000000000000e+00,9.153154678642751441e-09,0.000000000000000000e+00
1.000000000000000000e+00,6.018723678588867188e+01,2.482136344909667969e+01,1.428333377838134766e+01,2.000000000000000000e+00,8.501155204978494417e-02,9.138741845351880944e-01,7.400222503970070587e-02,-9.250278129962589135e-01,8.237008240390466249e-05,9.567212069690287247e-05,1.769442227483907345e-10,0.000000000000000000e+00
1.000000000000000000e+00,6.018723678588867188e+01,2.482145690917968750e+01,1.428333377838134766e+01,2.000000000000000000e+00,0.000000000000000000e+00,9.989311681137387211e-01,8.501155204978494417e-02,9.138741845351880944e-01,9.346008300781250000e-05,8.237008240390466249e-05,1.229881133946761976e-10,0.000000000000000000e+00
1.000000000000000000e+00,6.018727111816406250e+01,2.482156181335449219e+01,1.430000019073486328e+01,2.000000000000000000e+00,2.463983784752684369e-01,7.528839342299868953e-01,0.000000000000000000e+00,9.989311681137387211e-01,1.103793052385733576e-04,9.346008300781250000e-05,2.862600808938724078e-10,0.000000000000000000e+00
1.000000000000000000e+00,6.018723297119140625e+01,2.482149887084960938e+01,1.430000019073486328e+01,2.000000000000000000e+00,-3.769855679067420917e-01,-6.220261870461244458e-01,2.463983784752684369e-01,7.528839342299868953e-01,7.359993507985969157e-05,1.103793052385733576e-04,1.352722069271677372e-09,0.000000000000000000e+00
1.000000000000000000e+00,6.018693923950195312e+01,2.482155609130859375e+01,1.430000019073486328e+01,2.000000000000000000e+00,-8.367181080090152490e-01,1.629970340277302476e-01,-3.769855679067420917e-01,-6.220261870461244458e-01,2.992532143776731410e-04,7.359993507985969157e-05,5.091940245785700577e-08,0.000000000000000000e+00
1.000000000000000000e+00,6.018693923950195312e+01,2.482155609130859375e+01,1.430000019073486328e+01,2.000000000000000000e+00,0.000000000000000000e+00,0.000000000000000000e+00,-8.367181080090152490e-01,1.629970340277302476e-01,0.000000000000000000e+00,2.992532143776731410e-04,8.955248631536959278e-08,0.000000000000000000e+00
1.000000000000000000e+00,6.018693923950195312e+01,2.482155609130859375e+01,1.430000019073486328e+01,2.000000000000000000e+00,0.000000000000000000e+00,0.000000000000000000e+00,0.000000000000000000e+00,0.000000000000000000e+00,0.000000000000000000e+00,0.000000000000000000e+00,0.000000000000000000e+00,0.000000000000000000e+00
1.000000000000000000e+00,6.018693923950195312e+01,2.482155609130859375e+01,1.430000019073486328e+01,2.000000000000000000e+00,0.000000000000000000e+00,0.000000000000000000e+00,0.000000000000000000e+00,0.000000000000000000e+00,0.000000000000000000e+00,0.000000000000000000e+00,0.000000000000000000e+00,0.000000000000000000e+00
1.000000000000000000e+00,6.018693923950195312e+01,2.482155418395996094e+01,1.431666660308837891e+01,2.000000000000000000e+00,0.000000000000000000e+00,-9.501830432614539745e-01,0.000000000000000000e+00,0.000000000000000000e+00,1.907348632812500000e-06,0.000000000000000000e+00,3.637978807091712952e-12,0.000000000000000000e+00
1.000000000000000000e+00,6.018693923950195312e+01,2.482155418395996094e+01,1.431666660308837891e+01,2.000000000000000000e+00,0.000000000000000000e+00,0.000000000000000000e+00,0.000000000000000000e+00,-9.501830432614539745e-01,0.000000000000000000e+00,1.907348632812500000e-06,3.637978807091712952e-12,0.000000000000000000e+00
1.000000000000000000e+00,6.018693923950195312e+01,2.482155418395996094e+01,1.431666660308837891e+01,2.000000000000000000e+00,0.000000000000000000e+00,0.000000000000000000e+00,0.000000000000000000e+00,0.000000000000000000e+00,0.000000000000000000e+00,0.000000000000000000e+00,0.000000000000000000e+00,0.000000000000000000e+00
1.000000000000000000e+00,6.018693923950195312e+01,2.482155418395996094e+01,1.431666660308837891e+01,2.000000000000000000e+00,0.000000000000000000e+00,0.000000000000000000e+00,0.000000000000000000e+00,0.000000000000000000e+00,0.000000000000000000e+00,0.000000000000000000e+00,0.000000000000000000e+00,0.000000000000000000e+00
1.000000000000000000e+00,6.018693923950195312e+01,2.482155418395996094e+01,1.431666660308837891e+01,2.000000000000000000e+00,0.000000000000000000e+00,0.000000000000000000e+00,0.000000000000000000e+00,0.000000000000000000e+00,0.000000000000000000e+00,0.000000000000000000e+00,0.000000000000000000e+00,0.000000000000000000e+00
1.000000000000000000e+00,6.018693923950195312e+01,2.482155227661132812e+01,1.431666660308837891e+01,2.000000000000000000e+00,0.000000000000000000e+00,-9.501830432614539745e-01,0.000000000000000000e+00,0.000000000000000000e+00,1.907348632812500000e-06,0.000000000000000000e+00,3.637978807091712952e-12,0.000000000000000000e+00
1.000000000000000000e+00,6.018693161010742188e+01,2.482156562805175781e+01,1.478333377838134766e+01,2.000000000000000000e+00,0.000000000000000000e+00,0.000000000000000000e+00,0.000000000000000000e+00,-9.501830432614539745e-01,0.000000000000000000e+00,1.907348632812500000e-06,3.637978807091712952e-12,0.000000000000000000e+00
1.000000000000000000e+00,6.018693161010742188e+01,2.482156562805175781e+01,1.478333377838134766e+01,2.000000000000000000e+00,0.000000000000000000e+00,0.000000000000000000e+00,0.000000000000000000e+00,0.000000000000000000e+00,0.000000000000000000e+00,0.000000000000000000e+00,0.000000000000000000e+00,0.000000000000000000e+00
1.000000000000000000e+00,6.018693161010742188e+01,2.482156562805175781e+01,1.480000019073486328e+01,2.000000000000000000e+00,0.000000000000000000e+00,0.000000000000000000e+00,0.000000000000000000e+00,0.000000000000000000e+00,0.000000000000000000e+00,0.000000000000000000e+00,0.000000000000000000e+00,0.000000000000000000e+00
1.000000000000000000e+00,6.018713378906250000e+01,2.482130432128906250e+01,1.480000019073486328e+01,2.000000000000000000e+00,4.361198961201246949e-01,-5.636643940420479337e-01,0.000000000000000000e+00,0.000000000000000000e+00,3.303900030369969366e-04,0.000000000000000000e+00,1.091575541067868471e-07,0.000000000000000000e+00
1.000000000000000000e+00,6.018693161010742188e+01,2.482156562805175781e+01,1.480000019073486328e+01,2.000000000000000000e+00,-4.361198961201246949e-01,5.636643940420479337e-01,4.361198961201246949e-01,-5.636643940420479337e-01,3.303900030369969366e-04,3.303900030369969366e-04,0.000000000000000000e+00,0.000000000000000000e+00
1.000000000000000000e+00,6.018693161010742188e+01,2.482156562805175781e+01,1.480000019073486328e+01,2.000000000000000000e+00,0.000000000000000000e+00,0.000000000000000000e+00,-4.361198961201246949e-01,5.636643940420479337e-01,0.000000000000000000e+00,3.303900030369969366e-04,1.091575541067868471e-07,0.000000000000000000e+00
1.000000000000000000e+00,6.018693161010742188e+01,2.482156562805175781e+01,1.480000019073486328e+01,2.000000000000000000e+00,0.000000000000000000e+00,0.000000000000000000e+00,0.000000000000000000e+00,0.000000000000000000e+00,0.000000000000000000e+00,0.000000000000000000e+00,0.000000000000000000e+00,0.000000000000000000e+00
1.000000000000000000e+00,6.018693161010742188e+01,2.482156562805175781e+01,1.480000019073486328e+01,2.000000000000000000e+00,0.000000000000000000e+00,0.000000000000000000e+00,0.000000000000000000e+00,0.000000000000000000e+00,0.000000000000000000e+00,0.000000000000000000e+00,0.000000000000000000e+00,0.000000000000000000e+00
1.000000000000000000e+00,6.018693161010742188e+01,2.482156753540039062e+01,1.481666660308837891e+01,2.000000000000000000e+00,0.000000000000000000e+00,9.501830432614539745e-01,0.000000000000000000e+00,0.000000000000000000e+00,1.907348632812500000e-06,0.000000000000000000e+00,3.637978807091712952e-12,0.000000000000000000e+00
1.000000000000000000e+00,6.018693161010742188e+01,2.482156753540039062e+01,1.481666660308837891e+01,2.000000000000000000e+00,0.000000000000000000e+00,0.000000000000000000e+00,0.000000000000000000e+00,9.501830432614539745e-01,0.000000000000000000e+00,1.907348632812500000e-06,3.637978807091712952e-12,0.000000000000000000e+00
1.000000000000000000e+00,6.018728256225585938e+01,2.482165527343750000e+01,1.485000038146972656e+01,2.000000000000000000e+00,7.998176805164858294e-01,1.999544201291214574e-01,0.000000000000000000e+00,0.000000000000000000e+00,3.617531943863151267e-04,0.000000000000000000e+00,1.308653736487030983e-07,0.000000000000000000e+00
1.000000000000000000e+00,6.018692779541015625e+01,2.482156944274902344e+01,1.485000038146972656e+01,2.000000000000000000e+00,-8.050120960251944124e-01,-1.947609909738373668e-01,7.998176805164858294e-01,1.999544201291214574e-01,3.650019477954955134e-04,3.617531943863151267e-04,1.055439871366118468e-11,0.000000000000000000e+00
1.000000000000000000e+00,6.018692779541015625e+01,2.482156944274902344e+01,1.486666679382324219e+01,2.000000000000000000e+00,0.000000000000000000e+00,0.000000000000000000e+00,-8.050120960251944124e-01,-1.947609909738373668e-01,0.000000000000000000e+00,3.650019477954955134e-04,1.332264218945056200e-07,0.000000000000000000e+00
1.000000000000000000e+00,6.018692779541015625e+01,2.482156944274902344e+01,1.486666679382324219e+01,2.000000000000000000e+00,0.000000000000000000e+00,0.000000000000000000e+00,0.000000000000000000e+00,0.000000000000000000e+00,0.000000000000000000e+00,0.000000000000000000e+00,0.000000000000000000e+00,0.000000000000000000e+00
1.000000000000000000e+00,6.018692779541015625e+01,2.482156944274902344e+01,1.486666679382324219e+01,2.000000000000000000e+00,0.000000000000000000e+00,0.000000000000000000e+00,0.000000000000000000e+00,0.000000000000000000e+00,0.000000000000000000e+00,0.000000000000000000e+00,0.000000000000000000e+00,0.000000000000000000e+00
1.000000000000000000e+00,6.018692779541015625e+01,2.482156753540039062e+01,1.486666679382324219e+01,2.000000000000000000e+00,0.000000000000000000e+00,-9.501830432614539745e-01,0.000000000000000000e+00,0.000000000000000000e+00,1.907348632812500000e-06,0.000000000000000000e+00,3.637978807091712952e-12,0.000000000000000000e+00
1.000000000000000000e+00,6.018692779541015625e+01,2.482156944274902344e+01,1.486666679382324219e+01,2.000000000000000000e+00,0.000000000000000000e+00,9.501830432614539745e-01,0.000000000000000000e+00,-9.501830432614539745e-01,1.907348632812500000e-06,1.907348632812500000e-06,0.000000000000000000e+00,0.000000000000000000e+00
1.000000000000000000e+00,6.018692779541015625e+01,2.482156753540039062e+01,1.486666679382324219e+01,2.000000000000000000e+00,0.000000000000000000e+00,-9.501830432614539745e-01,0.000000000000000000e+00,9.501830432614539745e-01,1.907348632812500000e-06,1.907348632812500000e-06,0.000000000000000000e+00,0.000000000000000000e+00
1.000000000000000000e+00,6.018692779541015625e+01,2.482156753540039062e+01,1.488333320617675781e+01,2.000000000000000000e+00,0.000000000000000000e+00,0.000000000000000000e+00,0.000000000000000000e+00,-9.501830432614539745e-01,0.000000000000000000e+00,1.907348632812500000e-06,3.637978807091712952e-12,0.000000000000000000e+00
1.000000000000000000e+00,6.018692779541015625e+01,2.482156753540039062e+01,1.488333320617675781e+01,2.000000000000000000e+00,0.000000000000000000e+00,0.000000000000000000e+00,0.000000000000000000e+00,0.000000000000000000e+00,0.000000000000000000e+00,0.000000000000000000e+00,0.000000000000000000e+00,0.000000000000000000e+00
1.000000000000000000e+00,6.018692779541015625e+01,2.482156944274902344e+01,1.488333320617675781e+01,2.000000000000000000e+00,0.000000000000000000e+00,9.501830432614539745e-01,0.000000000000000000e+00,0.000000000000000000e+00,1.907348632812500000e-06,0.000000000000000000e+00,3.637978807091712952e-12,0.000000000000000000e+00
1.000000000000000000e+00,6.018722915649414062e+01,2.482156372070312500e+01,1.501666641235351562e+01,2.000000000000000000e+00,0.000000000000000000e+00,0.000000000000000000e+00,0.000000000000000000e+00,9.501830432614539745e-01,0.000000000000000000e+00,1.907348632812500000e-06,3.637978807091712952e-12,0.000000000000000000e+00
1.000000000000000000e+00,6.018722534179687500e+01,2.482152557373046875e+01,1.501666641235351562e+01,2.000000000000000000e+00,-9.069295804732400990e-02,-9.069295804732401267e-01,0.000000000000000000e+00,0.000000000000000000e+00,3.833723305176120737e-05,0.000000000000000000e+00,1.469743438065052032e-09,0.000000000000000000e+00
1.000000000000000000e+00,6.018725204467773438e+01,2.482165336608886719e+01,1.501666641235351562e+01,2.000000000000000000e+00,1.727277048605852516e-01,8.266254446899437003e-01,-9.069295804732400990e-02,-9.069295804732401267e-01,1.305524059955413916e-04,3.833723305176120737e-05,8.503638121051288358e-09,0.000000000000000000e+00
1.000000000000000000e+00,6.018724441528320312e+01,2.482163238525390625e+01,1.503333377838134766e+01,2.000000000000000000e+00,-2.657378455761238989e-01,-7.307790753343407220e-01,1.727277048605852516e-01,8.266254446899437003e-01,2.232494337219166885e-05,1.305524059955413916e-04,1.171318366588856151e-08,0.000000000000000000e+00
1.000000000000000000e+00,6.018724441528320312e+01,2.482163238525390625e+01,1.503333377838134766e+01,2.000000000000000000e+00,0.000000000000000000e+00,0.000000000000000000e+00,-2.657378455761238989e-01,-7.307790753343407220e-01,0.000000000000000000e+00,2.232494337219166885e-05,4.984030965715646744e-10,0.000000000000000000e+00
1.000000000000000000e+00,6.018720245361328125e+01,2.482155418395996094e+01,1.503333377838134766e+01,2.000000000000000000e+00,-3.489159802199404137e-01,-6.502525085917071346e-01,0.000000000000000000e+00,0.000000000000000000e+00,8.874809359841798174e-05,0.000000000000000000e+00,7.876224117353558540e-09,0.000000000000000000e+00
1.000000000000000000e+00,6.018692779541015625e+01,2.482157707214355469e+01,1.503333377838134766e+01,2.000000000000000000e+00,-9.227667977186908566e-01,7.689723314322423342e-02,-3.489159802199404137e-01,-6.502525085917071346e-01,2.756102274809027388e-04,8.874809359841798174e-05,3.491745707911566092e-08,0.000000000000000000e+00
1.000000000000000000e+00,6.018692779541015625e+01,2.482157707214355469e+01,1.503333377838134766e+01,2.000000000000000000e+00,0.000000000000000000e+00,0.000000000000000000e+00,-9.227667977186908566e-01,7.689723314322423342e-02,0.000000000000000000e+00,2.756102274809027388e-04,7.596099749207495320e-08,0.000000000000000000e+00
1.000000000000000000e+00,6.018692779541015625e+01,2.482157707214355469e+01,1.503333377838134766e+01,2.000000000000000000e+00,0.000000000000000000e+00,0.000000000000000000e+00,0.000000000000000000e+00,0.000000000000000000e+00,0.000000000000000000e+00,0.000000000000000000e+00,0.000000000000000000e+00,0.000000000000000000e+00
1.000000000000000000e+00,6.018692779541015625e+01,2.482157707214355469e+01,1.505000019073486328e+01,2.000000000000000000e+00,0.000000000000000000e+00,0.000000000000000000e+00,0.000000000000000000e+00,0.000000000000000000e+00,0.000000000000000000e+00,0.000000000000000000e+00,0.000000000000000000e+00,0.000000000000000000e+00
1.000000000000000000e+00,6.018692779541015625e+01,2.482157707214355469e+01,1.505000019073486328e+01,2.000000000000000000e+00,0.000000000000000000e+00,0.000000000000000000e+00,0.000000000000000000e+00,0.000000000000000000e+00,0.000000000000000000e+00,0.000000000000000000e+00,0.000000000000000000e+00,0.000000000000000000e+00
1.000000000000000000e+00,6.018692779541015625e+01,2.482157707214355469e+01,1.505000019073486328e+01,2.000000000000000000e+00,0.000000000000000000e+00,0.000000000000000000e+00,0.000000000000000000e+00,0.000000000000000000e+00,0.000000000000000000e+00,0.000000000000000000e+00,0.000000000000000000e+00,0.000000000000000000e+00
1.000000000000000000e+00,6.018692779541015625e+01,2.482157707214355469e+01,1.505000019073486328e+01,2.000000000000000000e+00,0.000000000000000000e+00,0.000000000000000000e+00,0.000000000000000000e+00,0.000000000000000000e+00,0.000000000000000000e+00,0.000000000000000000e+00,0.000000000000000000e+00,0.000000000000000000e+00
1.000000000000000000e+00,6.018692779541015625e+01,2.482157707214355469e+01,1.505000019073486328e+01,2.000000000000000000e+00,0.000000000000000000e+00,0.000000000000000000e+00,0.000000000000000000e+00,0.000000000000000000e+00,0.000000000000000000e+00,0.000000000000000000e+00,0.000000000000000000e+00,0.000000000000000000e+00
1.000000000000000000e+00,6.018692779541015625e+01,2.482157707214355469e+01,1.505000019073486328e+01,2.000000000000000000e+00,0.000000000000000000e+00,0.000000000000000000e+00,0.000000000000000000e+00,0.000000000000000000e+00,0.000000000000000000e+00,0.000000000000000000e+00,0.000000000000000000e+00,0.000000000000000000e+00
1.000000000000000000e+00,6.018692779541015625e+01,2.482157707214355469e+01,1.506666660308837891e+01,2.000000000000000000e+00,0.000000000000000000e+00,0.000000000000000000e+00,0.000000000000000000e+00,0.000000000000000000e+00,0.000000000000000000e+00,0.000000000000000000e+00,0.000000000000000000e+00,0.000000000000000000e+00
1.000000000000000000e+00,6.018716430664062500e+01,2.482118797302246094e+01,1.510000038146972656e+01,2.000000000000000000e+00,3.779883613530496955e-01,-6.218518202905011227e-01,0.000000000000000000e+00,0.000000000000000000e+00,4.553412875786369053e-04,0.000000000000000000e+00,2.073356881737709045e-07,0.000000000000000000e+00
1.000000000000000000e+00,6.018715286254882812e+01,2.482125663757324219e+01,1.510000038146972656e+01,2.000000000000000000e+00,-1.426790359371585271e-01,8.560742156229510513e-01,3.779883613530496955e-01,-6.218518202905011227e-01,6.961169277532447397e-05,4.553412875786369053e-04,1.487873203071275725e-07,0.000000000000000000e+00
1.000000000000000000e+00,6.018707275390625000e+01,2.482148742675781250e+01,1.510000038146972656e+01,2.000000000000000000e+00,-2.575858594018073378e-01,7.420925949433020419e-01,-1.426790359371585271e-01,8.560742156229510513e-01,2.442970370887448178e-04,6.961169277532447397e-05,3.051496951789821065e-08,0.000000000000000000e+00
1.000000000000000000e+00,6.018712997436523438e+01,2.482145690917968750e+01,1.510000038146972656e+01,2.000000000000000000e+00,6.514314398114872118e-01,-3.474301012327931648e-01,-2.575858594018073378e-01,7.420925949433020419e-01,6.484985351562500000e-05,2.442970370887448178e-04,3.220129169232496197e-08,0.000000000000000000e+00
1.000000000000000000e+00,6.018715286254882812e+01,2.482148551940917969e+01,1.510000038146972656e+01,2.000000000000000000e+00,4.435830915115466233e-01,5.544788643894332791e-01,6.514314398114872118e-01,-3.474301012327931648e-01,3.663897077998837584e-05,6.484985351562500000e-05,7.958539047238405009e-10,0.000000000000000000e+00
1.000000000000000000e+00,6.018723297119140625e+01,2.482162475585937500e+01,1.510000038146972656e+01,2.000000000000000000e+00,3.650509636177276529e-01,6.344933415260504139e-01,4.435830915115466233e-01,5.544788643894332791e-01,1.606368067371283248e-04,3.663897077998837584e-05,1.537546332205378738e-08,0.000000000000000000e+00
1.000000000000000000e+00,6.018724441528320312e+01,2.482167434692382812e+01,1.511666679382324219e+01,2.000000000000000000e+00,1.871933024931951295e-01,8.111709774705122555e-01,3.650509636177276529e-01,6.344933415260504139e-01,5.089440942431005177e-05,1.606368067371283248e-04,1.204339376796446336e-08,0.000000000000000000e+00
1.000000000000000000e+00,6.018726348876953125e+01,2.482166481018066406e+01,1.511666679382324219e+01,2.000000000000000000e+00,6.643446139403097472e-01,-3.321723069701548736e-01,1.871933024931951295e-01,8.111709774705122555e-01,2.132480599880018048e-05,5.089440942431005177e-05,8.743614467419251103e-10,0.000000000000000000e+00
1.000000000000000000e+00,6.018692779541015625e+01,2.482158279418945312e+01,1.513333320617675781e+01,2.000000000000000000e+00,-8.034606188306275820e-01,-1.963000375552101662e-01,6.643446139403097472e-01,-3.321723069701548736e-01,3.455671488188445835e-04,2.132480599880018048e-05,1.051330968774312094e-07,0.000000000000000000e+00
1.000000000000000000e+00,6.018714523315429688e+01,2.482142448425292969e+01,1.513333320617675781e+01,2.000000000000000000e+00,5.785262363637508898e-01,-4.212076984051870698e-01,-8.034606188306275820e-01,-1.963000375552101662e-01,2.689632104564092913e-04,3.455671488188445835e-04,5.868163372635785843e-09,0.000000000000000000e+00
1.000000000000000000e+00,6.018712615966796875e+01,2.482136535644531250e+01,1.514999961853027344e+01,2.000000000000000000e+00,-2.435909468041023707e-01,-7.551319350927173657e-01,5.785262363637508898e-01,-4.212076984051870698e-01,6.212805738411838411e-05,2.689632104564092913e-04,4.278078054643800784e-08,0.000000000000000000e+00
1.000000000000000000e+00,6.018720626831054688e+01,2.482142066955566406e+01,1.514999961853027344e+01,2.000000000000000000e+00,5.911127981032507916e-01,4.081493129760541128e-01,-2.435909468041023707e-01,-7.551319350927173657e-01,9.734954952373386895e-05,6.212805738411838411e-05,1.240553508540995410e-09,0.000000000000000000e+00
1.000000000000000000e+00,6.018718719482421875e+01,2.482150077819824219e+01,1.514999961853027344e+01,2.000000000000000000e+00,-1.921139941120288408e-01,8.068787752705210981e-01,5.911127981032507916e-01,4.081493129760541128e-01,8.234799631089363876e-05,9.734954952373386895e-05,2.250465987976770204e-10,0.000000000000000000e+00
1.000000000000000000e+00,6.018720245361328125e+01,2.482147598266601562e+01,1.514999961853027344e+01,2.000000000000000000e+00,3.800036601952549997e-01,-6.175059478172892913e-01,-1.921139941120288408e-01,8.068787752705210981e-01,2.911441330427884521e-05,8.234799631089363876e-05,2.833814359722147698e-09,0.000000000000000000e+00
1.000000000000000000e+00,6.018720245361328125e+01,2.482154655456542969e+01,1.514999961853027344e+01,2.000000000000000000e+00,0.000000000000000000e+00,9.985850104379662140e-01,3.800036601952549997e-01,-6.175059478172892913e-01,7.057189941406250000e-05,2.911441330427884521e-05,1.718723154542904883e-09,0.000000000000000000e+00
1.000000000000000000e+00,6.018719100952148438e+01,2.482151031494140625e+01,1.514999961853027344e+01,2.000000000000000000e+00,-2.394977368421859210e-01,-7.584095000002554210e-01,0.000000000000000000e+00,9.985850104379662140e-01,3.800365227731948011e-05,7.057189941406250000e-05,1.060690721559969874e-09,0.000000000000000000e+00
1.000000000000000000e+00,6.018715286254882812e+01,2.482153129577636719e+01,1.516666698455810547e+01,2.000000000000000000e+00,-6.440720025095105772e-01,3.542396013802308063e-01,-2.394977368421859210e-01,-7.584095000002554210e-01,4.353604206281023689e-05,3.800365227731948011e-05,3.060733673860245975e-11,0.000000000000000000e+00
1.000000000000000000e+00,6.018713378906250000e+01,2.482140159606933594e+01,1.516666698455810547e+01,2.000000000000000000e+00,-1.281190112049402363e-01,-8.712092761935935625e-01,-6.440720025095105772e-01,3.542396013802308063e-01,1.310946676440397736e-04,4.353604206281023689e-05,7.666512913673942714e-09,0.000000000000000000e+00
1.000000000000000000e+00,6.018711471557617188e+01,2.482132148742675781e+01,1.516666698455810547e+01,2.000000000000000000e+00,-1.921139941120288408e-01,-8.068787752705210981e-01,-1.281190112049402363e-01,-8.712092761935935625e-01,8.234799631089363876e-05,1.310946676440397736e-04,2.376237966061771090e-09,0.000000000000000000e+00
1.000000000000000000e+00,6.018751907348632812e+01,2.482253074645996094e+01,1.778333282470703125e+01,2.000000000000000000e+00,0.000000000000000000e+00,0.000000000000000000e+00,-1.921139941120288408e-01,-8.068787752705210981e-01,0.000000000000000000e+00,8.234799631089363876e-05,6.781192496418952115e-09,0.000000000000000000e+00
1.000000000000000000e+00,6.018751907348632812e+01,2.482253074645996094e+01,1.778333282470703125e+01,2.000000000000000000e+00,0.000000000000000000e+00,0.000000000000000000e+00,0.000000000000000000e+00,0.000000000000000000e+00,0.000000000000000000e+00,0.000000000000000000e+00,0.000000000000000000e+00,0.000000000000000000e+00
1.000000000000000000e+00,6.018751907348632812e+01,2.482252883911132812e+01,1.778333282470703125e+01,2.000000000000000000e+00,0.000000000000000000e+00,-9.501830432614539745e-01,0.000000000000000000e+00,0.000000000000000000e+00,1.907348632812500000e-06,0.000000000000000000e+00,3.637978807091712952e-12,0.000000000000000000e+00
1.000000000000000000e+00,6.018679809570312500e+01,2.482050895690917969e+01,1.779999923706054688e+01,2.000000000000000000e+00,-2.630384197712578587e-01,-7.369250966607461262e-01,0.000000000000000000e+00,-9.501830432614539745e-01,2.144698830705261093e-03,1.907348632812500000e-06,4.591555335642240373e-06,0.000000000000000000e+00
1.000000000000000000e+00,6.018679809570312500e+01,2.482050895690917969e+01,1.779999923706054688e+01,2.000000000000000000e+00,0.000000000000000000e+00,0.000000000000000000e+00,-2.630384197712578587e-01,-7.369250966607461262e-01,0.000000000000000000e+00,2.144698830705261093e-03,4.599733074428514493e-06,0.000000000000000000e+00
1.000000000000000000e+00,6.018684005737304688e+01,2.481992340087890625e+01,1.779999923706054688e+01,2.000000000000000000e+00,6.685864644801552126e-02,-9.329820208882166899e-01,0.000000000000000000e+00,0.000000000000000000e+00,5.870576175574414779e-04,0.000000000000000000e+00,3.446366463322192430e-07,0.000000000000000000e+00
1.000000000000000000e+00,6.018682098388671875e+01,2.481969451904296875e+01,1.779999923706054688e+01,2.000000000000000000e+00,-7.689206647096466507e-02,-9.227047976515759808e-01,6.685864644801552126e-02,-9.329820208882166899e-01,2.296751895674189580e-04,5.870576175574414779e-04,1.277221998360436123e-07,0.000000000000000000e+00
1.000000000000000000e+00,6.018682098388671875e+01,2.481969451904296875e+01,1.779999923706054688e+01,2.000000000000000000e+00,0.000000000000000000e+00,0.000000000000000000e+00,-7.689206647096466507e-02,-9.227047976515759808e-01,0.000000000000000000e+00,2.296751895674189580e-04,5.275069270282983118e-08,0.000000000000000000e+00
1.000000000000000000e+00,6.018696975708007812e+01,2.481173324584960938e+01,1.779999923706054688e+01,2.000000000000000000e+00,1.834408237106636627e-02,-9.816435873952693569e-01,0.000000000000000000e+00,0.000000000000000000e+00,7.962663142590231322e-03,0.000000000000000000e+00,6.340400432236493989e-05,0.000000000000000000e+00
1.000000000000000000e+00,6.018672180175781250e+01,2.481195640563964844e+01,1.781666755676269531e+01,2.000000000000000000e+00,-5.262040961566130104e-01,4.735836865409517316e-01,1.834408237106636627e-02,-9.816435873952693569e-01,3.335897686232723635e-04,7.962663142590231322e-03,5.820276054537159742e-05,0.000000000000000000e+00
1.000000000000000000e+00,6.018667602539062500e+01,2.481189918518066406e+01,1.781666755676269531e+01,2.000000000000000000e+00,-4.440133502382042630e-01,-5.550166877977553703e-01,-5.262040961566130104e-01,4.735836865409517316e-01,7.327794155997675168e-05,3.335897686232723635e-04,6.776224730903112084e-08,0.000000000000000000e+00
1.000000000000000000e+00,6.018660736083984375e+01,2.481181335449218750e+01,1.781666755676269531e+01,2.000000000000000000e+00,-4.441569553557906391e-01,-5.551961941947383128e-01,-4.440133502382042630e-01,-5.550166877977553703e-01,1.099169123399651275e-04,7.327794155997675168e-05,1.342414179816842079e-09,0.000000000000000000e+00
1.000000000000000000e+00,6.018655776977539062e+01,2.481173896789550781e+01,1.781666755676269531e+01,2.000000000000000000e+00,-3.996776212604685741e-01,-5.995164318907029166e-01,-4.441569553557906391e-01,-5.551961941947383128e-01,8.940156284529087566e-05,1.099169123399651275e-04,4.208795648886310640e-10,0.000000000000000000e+00
1.000000000000000000e+00,6.018653106689453125e+01,2.481171035766601562e+01,1.781666755676269531e+01,2.000000000000000000e+00,-4.818874214055383631e-01,-5.163079515059340041e-01,-3.996776212604685741e-01,-5.995164318907029166e-01,3.913552194344175863e-05,8.940156284529087566e-05,2.526674867946368520e-09,0.000000000000000000e+00
1.000000000000000000e+00,6.018647003173828125e+01,2.481163406372070312e+01,1.781666755676269531e+01,2.000000000000000000e+00,-4.441210453685636161e-01,-5.551513067107045618e-01,-4.818874214055383631e-01,-5.163079515059340041e-01,9.770392207996900225e-05,3.913552194344175863e-05,3.430257494552364397e-09,0.000000000000000000e+00
1.000000000000000000e+00,6.018643569946289062e+01,2.481159019470214844e+01,1.783333396911621094e+01,2.000000000000000000e+00,-4.384637042473842339e-01,-5.602591776494354470e-01,-4.441210453685636161e-01,-5.551513067107045618e-01,5.570633646587461001e-05,9.770392207996900225e-05,1.763797197413188248e-09,0.000000000000000000e+00
1.000000000000000000e+00,6.018640136718750000e+01,2.481155776977539062e+01,1.783333396911621094e+01,2.000000000000000000e+00,-5.135164841986641360e-01,-4.849877906320717025e-01,-4.384637042473842339e-01,-5.602591776494354470e-01,4.722373353248576148e-05,5.570633646587461001e-05,7.195455252553710319e-11,0.000000000000000000e+00
1.000000000000000000e+00,6.018637466430664062e+01,2.481152534484863281e+01,1.783333396911621094e+01,2.000000000000000000e+00,-4.508504017566574151e-01,-5.474612021330840239e-01,-5.135164841986641360e-01,-4.849877906320717025e-01,4.200499638661430173e-05,4.722373353248576148e-05,2.723521739769858932e-11,0.000000000000000000e+00
1.000000000000000000e+00,6.018635177612304688e+01,2.481149291992187500e+01,1.783333396911621094e+01,2.000000000000000000e+00,-4.130463612047471922e-01,-5.851490117067251751e-01,-4.508504017566574151e-01,-5.474612021330840239e-01,3.968935403191530768e-05,4.200499638661430173e-05,5.362199514875901860e-12,0.000000000000000000e+00
1.000000000000000000e+00,6.018624496459960938e+01,2.481131172180175781e+01,1.783333396911621094e+01,2.000000000000000000e+00,-3.707322050024527416e-01,-6.289207049148751727e-01,-4.130463612047471922e-01,-5.851490117067251751e-01,2.103365405084012610e-04,3.968935403191530768e-05,2.912046225234057171e-08,0.000000000000000000e+00
1.000000000000000000e+00,6.018623352050781250e+01,2.481130027770996094e+01,1.783333396911621094e+01,2.000000000000000000e+00,-4.978249695198365687e-01,-4.978249695198365687e-01,-3.707322050024527416e-01,-6.289207049148751727e-01,1.618438982818330677e-05,2.103365405084012610e-04,3.769505761375406099e-08,0.000000000000000000e+00
1.000000000000000000e+00,6.018622207641601562e+01,2.481128883361816406e+01,1.785000038146972656e+01,2.000000000000000000e+00,-4.978249695198365687e-01,-4.978249695198365687e-01,-4.978249695198365687e-01,-4.978249695198365687e-01,1.618438982818330677e-05,1.618438982818330677e-05,0.000000000000000000e+00,0.000000000000000000e+00
1.000000000000000000e+00,6.018621826171875000e+01,2.481127929687500000e+01,1.785000038146972656e+01,2.000000000000000000e+00,-2.835902434066402411e-01,-7.089756085166006860e-01,-4.978249695198365687e-01,-4.978249695198365687e-01,1.027138673235798595e-05,1.618438982818330677e-05,3.496360561123982889e-11,0.000000000000000000e+00
1.000000000000000000e+00,6.018619537353515625e+01,2.481119537353515625e+01,1.785000038146972656e+01,2.000000000000000000e+00,-2.140852815284250421e-01,-7.849793656042250989e-01,-2.835902434066402411e-01,-7.089756085166006860e-01,8.698848152917006821e-05,1.027138673235798595e-05,5.885512634063052654e-09,0.000000000000000000e+00
1.000000000000000000e+00,6.018567276000976562e+01,2.480876350402832031e+01,1.785000038146972656e+01,2.000000000000000000e+00,-1.768823281289832183e-01,-8.230838261476408624e-01,-2.140852815284250421e-01,-7.849793656042250989e-01,2.487391041874936932e-03,8.698848152917006821e-05,5.761932451714513719e-06,0.000000000000000000e+00
1.000000000000000000e+00,6.018567276000976562e+01,2.480876350402832031e+01,1.785000038146972656e+01,2.000000000000000000e+00,0.000000000000000000e+00,0.000000000000000000e+00,-1.768823281289832183e-01,-8.230838261476408624e-01,0.000000000000000000e+00,2.487391041874936932e-03,6.187114195199684156e-06,0.000000000000000000e+00
1.000000000000000000e+00,6.018567276000976562e+01,2.480876350402832031e+01,1.785000038146972656e+01,2.000000000000000000e+00,0.000000000000000000e+00,0.000000000000000000e+00,0.000000000000000000e+00,0.000000000000000000e+00,0.000000000000000000e+00,0.000000000000000000e+00,0.000000000000000000e+00,0.000000000000000000e+00
1.000000000000000000e+00,6.018567276000976562e+01,2.480876350402832031e+01,1.786666679382324219e+01,2.000000000000000000e+00,0.000000000000000000e+00,0.000000000000000000e+00,0.000000000000000000e+00,0.000000000000000000e+00,0.000000000000000000e+00,0.000000000000000000e+00,0.000000000000000000e+00,0.000000000000000000e+00
1.000000000000000000e+00,6.018453598022460938e+01,2.480244064331054688e+01,1.786666679382324219e+01,2.000000000000000000e+00,-1.523886500756693740e-01,-8.475979446322885469e-01,0.000000000000000000e+00,0.000000000000000000e+00,6.424238159992382707e-03,0.000000000000000000e+00,4.127083593630231239e-05,0.000000000000000000e+00
1.000000000000000000e+00,6.018453598022460938e+01,2.480244064331054688e+01,1.786666679382324219e+01,2.000000000000000000e+00,0.000000000000000000e+00,0.000000000000000000e+00,-1.523886500756693740e-01,-8.475979446322885469e-01,0.000000000000000000e+00,6.424238159992382707e-03,4.127083593630231239e-05,0.000000000000000000e+00
1.000000000000000000e+00,6.018367385864257812e+01,2.479907226562500000e+01,1.786666679382324219e+01,2.000000000000000000e+00,-2.037823786900018475e-01,-7.961939839967770993e-01,0.000000000000000000e+00,0.000000000000000000e+00,3.476955831570799089e-03,0.000000000000000000e+00,1.208922185469418764e-05,0.000000000000000000e+00
1.000000000000000000e+00,6.018367385864257812e+01,2.479907226562500000e+01,1.786666679382324219e+01,2.000000000000000000e+00,0.000000000000000000e+00,0.000000000000000000e+00,-2.037823786900018475e-01,-7.961939839967770993e-01,0.000000000000000000e+00,3.476955831570799089e-03,1.208922185469418764e-05,0.000000000000000000e+00
1.000000000000000000e+00,6.018367385864257812e+01,2.479907226562500000e+01,1.786666679382324219e+01,2.000000000000000000e+00,0.000000000000000000e+00,0.000000000000000000e+00,0.000000000000000000e+00,0.000000000000000000e+00,0.000000000000000000e+00,0.000000000000000000e+00,0.000000000000000000e+00,0.000000000000000000e+00
1.000000000000000000e+00,6.018255615234375000e+01,2.479526519775390625e+01,1.788333320617675781e+01,2.000000000000000000e+00,-2.269512398213933413e-01,-7.730284550912988051e-01,0.000000000000000000e+00,0.000000000000000000e+00,3.967749128354055264e-03,0.000000000000000000e+00,1.574303314555436373e-05,0.000000000000000000e+00
1.000000000000000000e+00,6.018258666992187500e+01,2.479525947570800781e+01,1.788333320617675781e+01,2.000000000000000000e+00,8.397879434668192866e-01,-1.574602394000286232e-01,-2.269512398213933413e-01,-7.730284550912988051e-01,3.104938620777074072e-05,3.967749128354055264e-03,1.549760485981462336e-05,0.000000000000000000e+00
1.000000000000000000e+00,6.018260574340820312e+01,2.479495620727539062e+01,1.788333320617675781e+01,2.000000000000000000e+00,5.915324654596148396e-02,-9.405366200807876442e-01,8.397879434668192866e-01,-1.574602394000286232e-01,3.038676358265137096e-04,3.104938620777074072e-05,7.442979732503474897e-08,0.000000000000000000e+00
1.000000000000000000e+00,6.018260574340820312e+01,2.479495620727539062e+01,1.788333320617675781e+01,2.000000000000000000e+00,0.000000000000000000e+00,0.000000000000000000e+00,5.915324654596148396e-02,-9.405366200807876442e-01,0.000000000000000000e+00,3.038676358265137096e-04,9.233554010279475319e-08,0.000000000000000000e+00
1.000000000000000000e+00,6.018307876586914062e+01,2.478949737548828125e+01,1.788333320617675781e+01,2.000000000000000000e+00,7.974142098166804582e-02,-9.202417211674756015e-01,0.000000000000000000e+00,0.000000000000000000e+00,5.479287793911458496e-03,0.000000000000000000e+00,3.002259472850709815e-05,0.000000000000000000e+00
1.000000000000000000e+00,6.018299484252929688e+01,2.478930282592773438e+01,1.788333320617675781e+01,2.000000000000000000e+00,-3.012616795318914797e-01,-6.983793480057484127e-01,7.974142098166804582e-02,-9.202417211674756015e-01,2.118788769073305558e-04,5.479287793911458496e-03,2.774559669893460307e-05,0.000000000000000000e+00
1.000000000000000000e+00,6.018302917480468750e+01,2.478881072998046875e+01,1.789999961853027344e+01,2.000000000000000000e+00,6.520500499939814454e-02,-9.346050716580401874e-01,-3.012616795318914797e-01,-6.983793480057484127e-01,4.932921309414437698e-04,2.118788769073305558e-04,7.919341954606832159e-08,0.000000000000000000e+00
1.000000000000000000e+00,6.018304061889648438e+01,2.478869628906250000e+01,1.789999961853027344e+01,2.000000000000000000e+00,9.083693225221720069e-02,-9.083693225221719514e-01,6.520500499939814454e-02,-9.346050716580401874e-01,1.150116991552836221e-04,4.932921309414437698e-04,1.430960850723237662e-07,0.000000000000000000e+00
1.000000000000000000e+00,6.018310165405273438e+01,2.478841781616210938e+01,1.789999961853027344e+01,2.000000000000000000e+00,1.797223447928613660e-01,-8.199831981174300344e-01,9.083693225221720069e-02,-9.083693225221719514e-01,2.850832274098721235e-04,1.150116991552836221e-04,2.892432472285129528e-08,0.000000000000000000e+00
1.000000000000000000e+00,6.018313980102539062e+01,2.478824615478515625e+01,1.789999961853027344e+01,2.000000000000000000e+00,1.817315639289189266e-01,-8.177920376801351976e-01,1.797223447928613660e-01,-8.199831981174300344e-01,1.758488551577165181e-04,2.850832274098721235e-04,1.193214808132250311e-08,0.000000000000000000e+00
1.000000000000000000e+00,6.018278503417968750e+01,2.478525733947753906e+01,1.789999961853027344e+01,2.000000000000000000e+00,-1.061006487565924056e-01,-8.938694440945177400e-01,1.817315639289189266e-01,-8.177920376801351976e-01,3.009796746934411803e-03,1.758488551577165181e-04,8.031260653305576425e-06,0.000000000000000000e+00
1.000000000000000000e+00,6.018278503417968750e+01,2.478525733947753906e+01,1.789999961853027344e+01,2.000000000000000000e+00,0.000000000000000000e+00,0.000000000000000000e+00,-1.061006487565924056e-01,-8.938694440945177400e-01,0.000000000000000000e+00,3.009796746934411803e-03,9.058876457856968045e-06,0.000000000000000000e+00
1.000000000000000000e+00,6.018278503417968750e+01,2.478525733947753906e+01,1.791666603088378906e+01,2.000000000000000000e+00,0.000000000000000000e+00,0.000000000000000000e+00,0.000000000000000000e+00,0.000000000000000000e+00,0.000000000000000000e+00,0.000000000000000000e+00,0.000000000000000000e+00,0.000000000000000000e+00
1.000000000000000000e+00,6.018215179443359375e+01,2.478200912475585938e+01,1.791666603088378906e+01,2.000000000000000000e+00,-1.631407600617783282e-01,-8.368334770638810038e-01,0.000000000000000000e+00,0.000000000000000000e+00,3.309364206939079990e-03,0.000000000000000000e+00,1.095189145416952500e-05,0.000000000000000000e+00
1.000000000000000000e+00,6.018198394775390625e+01,2.478138732910156250e+01,1.791666603088378906e+01,2.000000000000000000e+00,-2.125334713167609524e-01,-7.873399051052735187e-01,-1.631407600617783282e-01,-8.368334770638810038e-01,6.440515069344975030e-04,3.309364206939079990e-03,7.103891788805717368e-06,0.000000000000000000e+00
1.000000000000000000e+00,6.018198394775390625e+01,2.478138732910156250e+01,1.791666603088378906e+01,2.000000000000000000e+00,0.000000000000000000e+00,0.000000000000000000e+00,-2.125334713167609524e-01,-7.873399051052735187e-01,0.000000000000000000e+00,6.440515069344975030e-04,4.148023435845971107e-07,0.000000000000000000e+00
1.000000000000000000e+00,6.018198394775390625e+01,2.478138732910156250e+01,1.791666603088378906e+01,2.000000000000000000e+00,0.000000000000000000e+00,0.000000000000000000e+00,0.000000000000000000e+00,0.000000000000000000e+00,0.000000000000000000e+00,0.000000000000000000e+00,0.000000000000000000e+00,0.000000000000000000e+00
1.000000000000000000e+00,6.018198394775390625e+01,2.478138732910156250e+01,1.791666603088378906e+01,2.000000000000000000e+00,0.000000000000000000e+00,0.000000000000000000e+00,0.000000000000000000e+00,0.000000000000000000e+00,0.000000000000000000e+00,0.000000000000000000e+00,0.000000000000000000e+00,0.000000000000000000e+00
1.000000000000000000e+00,6.018198394775390625e+01,2.478138732910156250e+01,1.793333244323730469e+01,2.000000000000000000e+00,0.000000000000000000e+00,0.000000000000000000e+00,0.000000000000000000e+00,0.000000000000000000e+00,0.000000000000000000e+00,0.000000000000000000e+00,0.000000000000000000e+00,0.000000000000000000e+00
1.000000000000000000e+00,6.018252563476562500e+01,2.476991271972656250e+01,1.793333244323730469e+01,2.000000000000000000e+00,4.507898993057980058e-02,-9.549126881069298634e-01,0.000000000000000000e+00,0.000000000000000000e+00,1.148738808987938287e-02,0.000000000000000000e+00,1.319600851275027069e-04,0.000000000000000000e+00
1.000000000000000000e+00,6.018252563476562500e+01,2.476991271972656250e+01,1.793333244323730469e+01,2.000000000000000000e+00,0.000000000000000000e+00,0.000000000000000000e+00,4.507898993057980058e-02,-9.549126881069298634e-01,0.000000000000000000e+00,1.148738808987938287e-02,1.319600851275027069e-04,0.000000000000000000e+00
1.000000000000000000e+00,6.018252563476562500e+01,2.476991271972656250e+01,1.793333244323730469e+01,2.000000000000000000e+00,0.000000000000000000e+00,0.000000000000000000e+00,0.000000000000000000e+00,0.000000000000000000e+00,0.000000000000000000e+00,0.000000000000000000e+00,0.000000000000000000e+00,0.000000000000000000e+00
1.000000000000000000e+00,6.018252563476562500e+01,2.476991271972656250e+01,1.793333244323730469e+01,2.000000000000000000e+00,0.000000000000000000e+00,0.000000000000000000e+00,0.000000000000000000e+00,0.000000000000000000e+00,0.000000000000000000e+00,0.000000000000000000e+00,0.000000000000000000e+00,0.000000000000000000e+00
1.000000000000000000e+00,6.018252563476562500e+01,2.476991271972656250e+01,1.793333244323730469e+01,2.000000000000000000e+00,0.000000000000000000e+00,0.000000000000000000e+00,0.000000000000000000e+00,0.000000000000000000e+00,0.000000000000000000e+00,0.000000000000000000e+00,0.000000000000000000e+00,0.000000000000000000e+00
1.000000000000000000e+00,6.018085098266601562e+01,2.475892829895019531e+01,1.795000076293945312e+01,2.000000000000000000e+00,-1.322876396440859914e-01,-8.677044609456618929e-01,0.000000000000000000e+00,0.000000000000000000e+00,1.111134372823616677e-02,0.000000000000000000e+00,1.234619594470131871e-04,0.000000000000000000e+00
1.000000000000000000e+00,6.018085098266601562e+01,2.475892829895019531e+01,1.795000076293945312e+01,2.000000000000000000e+00,0.000000000000000000e+00,0.000000000000000000e+00,-1.322876396440859914e-01,-8.677044609456618929e-01,0.000000000000000000e+00,1.111134372823616677e-02,1.234619594470131871e-04,0.000000000000000000e+00
1.000000000000000000e+00,6.018167114257812500e+01,2.475454330444335938e+01,1.795000076293945312e+01,2.000000000000000000e+00,1.575638472394891298e-01,-8.424169414036871695e-01,0.000000000000000000e+00,0.000000000000000000e+00,4.461035654017193181e-03,0.000000000000000000e+00,1.990083910641260784e-05,0.000000000000000000e+00
1.000000000000000000e+00,6.018167114257812500e+01,2.475454330444335938e+01,1.795000076293945312e+01,2.000000000000000000e+00,0.000000000000000000e+00,0.000000000000000000e+00,1.575638472394891298e-01,-8.424169414036871695e-01,0.000000000000000000e+00,4.461035654017193181e-03,1.990083910641260784e-05,0.000000000000000000e+00
1.000000000000000000e+00,6.018167114257812500e+01,2.475454330444335938e+01,1.795000076293945312e+01,2.000000000000000000e+00,0.000000000000000000e+00,0.000000000000000000e+00,0.000000000000000000e+00,0.000000000000000000e+00,0.000000000000000000e+00,0.000000000000000000e+00,0.000000000000000000e+00,0.000000000000000000e+00
1.000000000000000000e+00,6.018167114257812500e+01,2.475454330444335938e+01,1.795000076293945312e+01,2.000000000000000000e+00,0.000000000000000000e+00,0.000000000000000000e+00,0.000000000000000000e+00,0.000000000000000000e+00,0.000000000000000000e+00,0.000000000000000000e+00,0.000000000000000000e+00,0.000000000000000000e+00
1.000000000000000000e+00,6.018167114257812500e+01,2.475454330444335938e+01,1.796666717529296875e+01,2.000000000000000000e+00,0.000000000000000000e+00,0.000000000000000000e+00,0.000000000000000000e+00,0.000000000000000000e+00,0.000000000000000000e+00,0.000000000000000000e+00,0.000000000000000000e+00,0.000000000000000000e+00
1.000000000000000000e+00,6.018167114257812500e+01,2.475454330444335938e+01,1.796666717529296875e+01,2.000000000000000000e+00,0.000000000000000000e+00,0.000000000000000000e+00,0.000000000000000000e+00,0.000000000000000000e+00,0.000000000000000000e+00,0.000000000000000000e+00,0.000000000000000000e+00,0.000000000000000000e+00
1.000000000000000000e+00,6.018167114257812500e+01,2.475454330444335938e+01,1.796666717529296875e+01,2.000000000000000000e+00,0.000000000000000000e+00,0.000000000000000000e+00,0.000000000000000000e+00,0.000000000000000000e+00,0.000000000000000000e+00,0.000000000000000000e+00,0.000000000000000000e+00,0.000000000000000000e+00
1.000000000000000000e+00,6.018167114257812500e+01,2.475454330444335938e+01,1.796666717529296875e+01,2.000000000000000000e+00,0.000000000000000000e+00,0.000000000000000000e+00,0.000000000000000000e+00,0.000000000000000000e+00,0.000000000000000000e+00,0.000000000000000000e+00,0.000000000000000000e+00,0.000000000000000000e+00
1.000000000000000000e+00,6.018167114257812500e+01,2.475454330444335938e+01,1.796666717529296875e+01,2.000000000000000000e+00,0.000000000000000000e+00,0.000000000000000000e+00,0.000000000000000000e+00,0.000000000000000000e+00,0.000000000000000000e+00,0.000000000000000000e+00,0.000000000000000000e+00,0.000000000000000000e+00
1.000000000000000000e+00,6.017800521850585938e+01,2.474112129211425781e+01,1.796666717529296875e+01,2.000000000000000000e+00,-2.145316165157700738e-01,-7.854625314367710276e-01,0.000000000000000000e+00,0.000000000000000000e+00,1.391364130147715664e-02,0.000000000000000000e+00,1.935894142661709338e-04,0.000000000000000000e+00
1.000000000000000000e+00,6.017817687988281250e+01,2.474135208129882812e+01,1.798333358764648438e+01,2.000000000000000000e+00,4.264343249292187332e-01,5.733172590715052142e-01,-2.145316165157700738e-01,-7.854625314367710276e-01,2.876304504952016715e-04,1.391364130147715664e-02,1.856681717110779720e-04,0.000000000000000000e+00
1.000000000000000000e+00,6.017841720581054688e+01,2.474159240722656250e+01,1.798333358764648438e+01,2.000000000000000000e+00,4.998959962412391489e-01,4.998959962412391489e-01,4.264343249292187332e-01,5.733172590715052142e-01,3.398721863918494524e-04,2.876304504952016715e-04,2.729198969495097441e-09,0.000000000000000000e+00
1.000000000000000000e+00,6.017854309082031250e+01,2.474172019958496094e+01,1.798333358764648438e+01,2.000000000000000000e+00,4.960450597952557050e-01,5.035608940345777107e-01,4.998959962412391489e-01,4.998959962412391489e-01,1.793820574882733492e-04,3.398721863918494524e-04,2.575708147548647422e-08,0.000000000000000000e+00
1.000000000000000000e+00,6.017512130737304688e+01,2.474144172668457031e+01,1.798333358764648438e+01,2.000000000000000000e+00,-9.247172774138174844e-01,-7.525569816188258654e-02,4.960450597952557050e-01,5.035608940345777107e-01,3.433096141420014218e-03,1.793820574882733492e-04,1.058665533997576723e-05,0.000000000000000000e+00
1.000000000000000000e+00,6.017512130737304688e+01,2.474144172668457031e+01,1.798333358764648438e+01,2.000000000000000000e+00,0.000000000000000000e+00,0.000000000000000000e+00,-9.247172774138174844e-01,-7.525569816188258654e-02,0.000000000000000000e+00,3.433096141420014218e-03,1.178614911623298952e-05,0.000000000000000000e+00
1.000000000000000000e+00,6.017512130737304688e+01,2.474144172668457031e+01,1.798333358764648438e+01,2.000000000000000000e+00,0.000000000000000000e+00,0.000000000000000000e+00,0.000000000000000000e+00,0.000000000000000000e+00,0.000000000000000000e+00,0.000000000000000000e+00,0.000000000000000000e+00,0.000000000000000000e+00
1.000000000000000000e+00,6.017512130737304688e+01,2.474144172668457031e+01,1.800000000000000000e+01,2.000000000000000000e+00,0.000000000000000000e+00,0.000000000000000000e+00,0.000000000000000000e+00,0.000000000000000000e+00,0.000000000000000000e+00,0.000000000000000000e+00,0.000000000000000000e+00,0.000000000000000000e+00
1.000000000000000000e+00,6.017511367797851562e+01,2.473662567138671875e+01,1.800000000000000000e+01,2.000000000000000000e+00,-1.581620038576244140e-03,-9.983976493512540795e-01,0.000000000000000000e+00,0.000000000000000000e+00,4.816061340932548639e-03,0.000000000000000000e+00,2.319444683962501924e-05,0.000000000000000000e+00
1.000000000000000000e+00,6.017511367797851562e+01,2.473662567138671875e+01,1.800000000000000000e+01,2.000000000000000000e+00,0.000000000000000000e+00,0.000000000000000000e+00,-1.581620038576244140e-03,-9.983976493512540795e-01,0.000000000000000000e+00,4.816061340932548639e-03,2.319444683962501924e-05,0.000000000000000000e+00
1.000000000000000000e+00,6.017294692993164062e+01,2.473703002929687500e+01,1.800000000000000000e+01,2.000000000000000000e+00,-8.426971946567661798e-01,1.572639130873542679e-01,0.000000000000000000e+00,0.000000000000000000e+00,2.204155715493475842e-03,0.000000000000000000e+00,4.858302418142556297e-06,0.000000000000000000e+00
1.000000000000000000e+00,6.017294692993164062e+01,2.473734855651855469e+01,1.800000000000000000e+01,2.000000000000000000e+00,0.000000000000000000e+00,9.996861536202938936e-01,-8.426971946567661798e-01,1.572639130873542679e-01,3.185272216796875000e-04,2.204155715493475842e-03,3.555594816682455859e-06,0.000000000000000000e+00
1.000000000000000000e+00,6.017293167114257812e+01,2.473743438720703125e+01,1.800000000000000000e+01,2.000000000000000000e+00,-1.507942271626968311e-01,8.482175277901696786e-01,0.000000000000000000e+00,9.996861536202938936e-01,8.717647462483550723e-05,3.185272216796875000e-04,5.352316816283810986e-08,0.000000000000000000e+00
1.000000000000000000e+00,6.017289352416992188e+01,2.473762130737304688e+01,1.801666641235351562e+01,2.000000000000000000e+00,-1.694162517730427309e-01,8.301396336879093285e-01,-1.507942271626968311e-01,8.482175277901696786e-01,1.907730064399717226e-04,8.717647462483550723e-05,1.073224140412452993e-08,0.000000000000000000e+00
1.000000000000000000e+00,6.017288970947265625e+01,2.473769569396972656e+01,1.801666641235351562e+01,2.000000000000000000e+00,-4.871818936082047274e-02,9.500046925359991734e-01,-1.694162517730427309e-01,8.301396336879093285e-01,7.448434520632413842e-05,1.907730064399717226e-04,1.352305273151405104e-08,0.000000000000000000e+00
1.000000000000000000e+00,6.017284774780273438e+01,2.473774147033691406e+01,1.801666641235351562e+01,2.000000000000000000e+00,-4.777163891950906294e-01,5.211451518491897472e-01,-4.871818936082047274e-02,9.500046925359991734e-01,6.209877241554148143e-05,7.448434520632413842e-05,1.534024133557757050e-10,0.000000000000000000e+00
1.000000000000000000e+00,6.017272567749023438e+01,2.473784446716308594e+01,1.801666641235351562e+01,2.000000000000000000e+00,-5.421320056737367610e-01,4.574238797872153262e-01,-4.777163891950906294e-01,5.211451518491897472e-01,1.597169602619805953e-04,6.209877241554148143e-05,9.529310598422672691e-09,0.000000000000000000e+00
1.000000000000000000e+00,6.017269134521484375e+01,2.473786544799804688e+01,1.801666641235351562e+01,2.000000000000000000e+00,-6.195695418071207605e-01,3.786258311043515512e-01,-5.421320056737367610e-01,4.574238797872153262e-01,4.023556348748967738e-05,1.597169602619805953e-04,1.427580417518332964e-08,0.000000000000000000e+00
1.000000000000000000e+00,6.017268371582031250e+01,2.473788070678710938e+01,1.801666641235351562e+01,2.000000000000000000e+00,-3.318833130132243792e-01,6.637666260264487583e-01,-6.195695418071207605e-01,3.786258311043515512e-01,1.705984479904014439e-05,4.023556348748967738e-05,5.371139367261488931e-10,0.000000000000000000e+00
1.000000000000000000e+00,6.017263412475585938e+01,2.473792648315429688e+01,1.803333282470703125e+01,2.000000000000000000e+00,-5.194553116271551918e-01,4.794972107327586941e-01,-3.318833130132243792e-01,6.637666260264487583e-01,6.748888402158405948e-05,1.705984479904014439e-05,2.543087996908872722e-09,0.000000000000000000e+00
1.000000000000000000e+00,6.017259979248046875e+01,2.473795127868652344e+01,1.803333282470703125e+01,2.000000000000000000e+00,-5.796648022585595417e-01,4.186468016311818974e-01,-5.194553116271551918e-01,4.794972107327586941e-01,4.235001241907981558e-05,6.748888402158405948e-05,6.319628654471943126e-10,0.000000000000000000e+00
1.000000000000000000e+00,6.017258071899414062e+01,2.473796844482421875e+01,1.803333282470703125e+01,2.000000000000000000e+00,-5.248674646667620403e-01,4.723807182000858140e-01,-5.796648022585595417e-01,4.186468016311818974e-01,2.566075143255941362e-05,4.235001241907981558e-05,2.785314322761919548e-10,0.000000000000000000e+00
1.000000000000000000e+00,6.017256546020507812e+01,2.473798751831054688e+01,1.803333282470703125e+01,2.000000000000000000e+00,-4.431536658380283433e-01,5.539420822975354985e-01,-5.248674646667620403e-01,4.723807182000858140e-01,2.442598051999225056e-05,2.566075143255941362e-05,1.524659206521944547e-12,0.000000000000000000e+00
1.000000000000000000e+00,6.017253875732421875e+01,2.473801040649414062e+01,1.803333282470703125e+01,2.000000000000000000e+00,-5.373779200194954697e-01,4.606096457309961090e-01,-4.431536658380283433e-01,5.539420822975354985e-01,3.516977103154330091e-05,2.442598051999225056e-05,1.154290345560943783e-10,0.000000000000000000e+00
1.000000000000000000e+00,6.017253112792968750e+01,2.473801040649414062e+01,1.803333282470703125e+01,2.000000000000000000e+00,-9.870623760249654932e-01,0.000000000000000000e+00,-5.373779200194954697e-01,4.606096457309961090e-01,7.629394531250000000e-06,3.516977103154330091e-05,7.584723377779074450e-10,0.000000000000000000e+00
1.000000000000000000e+00,6.017253112792968750e+01,2.473801612854003906e+01,1.804999923706054688e+01,2.000000000000000000e+00,0.000000000000000000e+00,9.828239073094842126e-01,-9.870623760249654932e-01,0.000000000000000000e+00,5.722045898437500000e-06,7.629394531250000000e-06,3.637978807091712952e-12,0.000000000000000000e+00
1.000000000000000000e+00,6.017296218872070312e+01,2.473755455017089844e+01,1.956666755676269531e+01,2.000000000000000000e+00,0.000000000000000000e+00,0.000000000000000000e+00,0.000000000000000000e+00,9.828239073094842126e-01,0.000000000000000000e+00,5.722045898437500000e-06,3.274180926382541656e-11,0.000000000000000000e+00
1.000000000000000000e+00,6.017197799682617188e+01,2.473374176025390625e+01,1.958333396911621094e+01,2.000000000000000000e+00,-2.051647091294226399e-01,-7.948144448637904924e-01,0.000000000000000000e+00,0.000000000000000000e+00,3.937765944844653226e-03,0.000000000000000000e+00,1.550600063637830317e-05,0.000000000000000000e+00
1.000000000000000000e+00,6.017197799682617188e+01,2.473374176025390625e+01,1.958333396911621094e+01,2.000000000000000000e+00,0.000000000000000000e+00,0.000000000000000000e+00,-2.051647091294226399e-01,-7.948144448637904924e-01,0.000000000000000000e+00,3.937765944844653226e-03,1.550600063637830317e-05,0.000000000000000000e+00
1.000000000000000000e+00,6.017185211181640625e+01,2.473174285888671875e+01,1.960000038146972656e+01,2.000000000000000000e+00,-5.924317230840905196e-02,-9.407097663517073327e-01,0.000000000000000000e+00,0.000000000000000000e+00,2.002861380981656690e-03,0.000000000000000000e+00,4.011453711427749050e-06,0.000000000000000000e+00
1.000000000000000000e+00,6.017175674438476562e+01,2.473186874389648438e+01,1.960000038146972656e+01,2.000000000000000000e+00,-4.308397550745616256e-01,5.687084766984212836e-01,-5.924317230840905196e-02,-9.407097663517073327e-01,1.579303096350437340e-04,2.002861380981656690e-03,3.403770658020161498e-06,0.000000000000000000e+00
1.000000000000000000e+00,6.017175674438476562e+01,2.473186874389648438e+01,1.960000038146972656e+01,2.000000000000000000e+00,0.000000000000000000e+00,0.000000000000000000e+00,-4.308397550745616256e-01,5.687084766984212836e-01,0.000000000000000000e+00,1.579303096350437340e-04,2.494198270142078731e-08,0.000000000000000000e+00
1.000000000000000000e+00,6.016888427734375000e+01,2.473384475708007812e+01,1.960000038146972656e+01,2.000000000000000000e+00,-5.924346732340691757e-01,4.075447021716438467e-01,0.000000000000000000e+00,0.000000000000000000e+00,3.486501828976627283e-03,0.000000000000000000e+00,1.215569500345736742e-05,0.000000000000000000e+00
1.000000000000000000e+00,6.016888427734375000e+01,2.473384475708007812e+01,1.960000038146972656e+01,2.000000000000000000e+00,0.000000000000000000e+00,0.000000000000000000e+00,-5.924346732340691757e-01,4.075447021716438467e-01,0.000000000000000000e+00,3.486501828976627283e-03,1.215569500345736742e-05,0.000000000000000000e+00
1.000000000000000000e+00,6.016870880126953125e+01,2.473413848876953125e+01,1.960000038146972656e+01,2.000000000000000000e+00,-3.739040514604340948e-01,6.258828687489875753e-01,0.000000000000000000e+00,0.000000000000000000e+00,3.421551665724358233e-04,0.000000000000000000e+00,1.170701580122113095e-07,0.000000000000000000e+00
1.000000000000000000e+00,6.016754531860351562e+01,2.473571968078613281e+01,1.961666679382324219e+01,2.000000000000000000e+00,-4.238900458329152854e-01,5.760735213040766300e-01,-3.739040514604340948e-01,6.258828687489875753e-01,1.963125087069935489e-03,3.421551665724358233e-04,2.627543483157670647e-06,0.000000000000000000e+00
1.000000000000000000e+00,6.016756057739257812e+01,2.473578262329101562e+01,1.961666679382324219e+01,2.000000000000000000e+00,1.948727574432818910e-01,8.038501244535377621e-01,-4.238900458329152854e-01,5.760735213040766300e-01,6.476565111675127578e-05,1.963125087069935489e-03,3.603768548072491577e-06,0.000000000000000000e+00
1.000000000000000000e+00,6.016809082031250000e+01,2.473759460449218750e+01,1.961666679382324219e+01,2.000000000000000000e+00,2.263746998747029615e-01,7.735826074854956769e-01,1.948727574432818910e-01,8.038501244535377621e-01,1.887970716808803386e-03,6.476565111675127578e-05,3.324076711565159842e-06,0.000000000000000000e+00
1.000000000000000000e+00,6.016827774047851562e+01,2.473741722106933594e+01,1.961666679382324219e+01,2.000000000000000000e+00,5.129482028338391286e-01,-4.867773761586431935e-01,2.263746998747029615e-01,7.735826074854956769e-01,2.576897886332421713e-04,1.887970716808803386e-03,2.657815904772969105e-06,0.000000000000000000e+00
1.000000000000000000e+00,6.016854476928710938e+01,2.473728561401367188e+01,1.961666679382324219e+01,2.000000000000000000e+00,6.696884642939867627e-01,-3.300607431163219974e-01,5.129482028338391286e-01,-4.867773761586431935e-01,2.976991799107972080e-04,2.576897886332421713e-04,1.600751390400497141e-09,0.000000000000000000e+00
1.000000000000000000e+00,6.016854476928710938e+01,2.473728561401367188e+01,1.961666679382324219e+01,2.000000000000000000e+00,0.000000000000000000e+00,0.000000000000000000e+00,6.696884642939867627e-01,-3.300607431163219974e-01,0.000000000000000000e+00,2.976991799107972080e-04,8.862480171956120598e-08,0.000000000000000000e+00
1.000000000000000000e+00,6.016948699951171875e+01,2.473801994323730469e+01,1.963333320617675781e+01,2.000000000000000000e+00,5.619687561461634839e-01,4.379716014499452914e-01,0.000000000000000000e+00,0.000000000000000000e+00,1.194586625091961351e-03,0.000000000000000000e+00,1.427037204848602202e-06,0.000000000000000000e+00
1.000000000000000000e+00,6.016945648193359375e+01,2.473795509338378906e+01,1.963333320617675781e+01,2.000000000000000000e+00,-3.196648071551724257e-01,-6.792877152047414047e-01,5.619687561461634839e-01,4.379716014499452914e-01,7.167165461752294739e-05,1.194586625091961351e-03,1.260938030915609120e-06,0.000000000000000000e+00
1.000000000000000000e+00,6.016943359375000000e+01,2.473789596557617188e+01,1.963333320617675781e+01,2.000000000000000000e+00,-2.787299191817024790e-01,-7.200522912193980662e-01,-3.196648071551724257e-01,-6.792877152047414047e-01,6.340320640027870692e-05,7.167165461752294739e-05,6.836723592124945837e-11,0.000000000000000000e+00
1.000000000000000000e+00,6.016943740844726562e+01,2.473788642883300781e+01,1.963333320617675781e+01,2.000000000000000000e+00,2.835902434066402411e-01,-7.089756085166006860e-01,-2.787299191817024790e-01,-7.200522912193980662e-01,1.027138673235798595e-05,6.340320640027870692e-05,2.822990261224446829e-09,0.000000000000000000e+00
1.000000000000000000e+00,6.016942977905273438e+01,2.473786354064941406e+01,1.963333320617675781e+01,2.000000000000000000e+00,-2.491834755871958629e-01,-7.475504267615875609e-01,2.835902434066402411e-01,-7.089756085166006860e-01,2.412626388678268069e-05,1.027138673235798595e-05,1.919576209641993310e-10,0.000000000000000000e+00
1.000000000000000000e+00,6.016942977905273438e+01,2.473785972595214844e+01,1.963333320617675781e+01,2.000000000000000000e+00,0.000000000000000000e+00,-9.744552405423272390e-01,-2.491834755871958629e-01,-7.475504267615875609e-01,3.814697265625000000e-06,2.412626388678268069e-05,4.125597386057268484e-10,0.000000000000000000e+00
1.000000000000000000e+00,6.016943740844726562e+01,2.473788642883300781e+01,1.964999961853027344e+01,2.000000000000000000e+00,2.215768329190141717e-01,7.755189152165496980e-01,0.000000000000000000e+00,-9.744552405423272390e-01,2.777141528808791372e-05,3.814697265625000000e-06,5.739243384077993478e-10,0.000000000000000000e+00
1.000000000000000000e+00,6.016944122314453125e+01,2.473789215087890625e+01,1.964999961853027344e+01,2.000000000000000000e+00,3.958492200820326046e-01,5.937738301230488513e-01,2.215768329190141717e-01,7.755189152165496980e-01,6.877043295791605234e-06,2.777141528808791372e-05,4.365747809524563580e-10,0.000000000000000000e+00
1.000000000000000000e+00,6.016944122314453125e+01,2.473788261413574219e+01,1.964999961853027344e+01,2.000000000000000000e+00,0.000000000000000000e+00,-9.896230502050814559e-01,3.958492200820326046e-01,5.937738301230488513e-01,9.536743164062500000e-06,6.877043295791605234e-06,7.074003389280215347e-12,0.000000000000000000e+00
1.000000000000000000e+00,6.016944122314453125e+01,2.473788452148437500e+01,1.964999961853027344e+01,2.000000000000000000e+00,0.000000000000000000e+00,9.501830432614539745e-01,0.000000000000000000e+00,-9.896230502050814559e-01,1.907348632812500000e-06,9.536743164062500000e-06,5.820766091346740723e-11,0.000000000000000000e+00
1.000000000000000000e+00,6.016808700561523438e+01,2.473738288879394531e+01,1.966666603088378906e+01,2.000000000000000000e+00,-7.296626358310365212e-01,-2.702834834134684727e-01,0.000000000000000000e+00,9.501830432614539745e-01,1.444140046104483302e-03,1.907348632812500000e-06,2.080035153656411918e-06,0.000000000000000000e+00
1.000000000000000000e+00,6.016808700561523438e+01,2.473738288879394531e+01,1.966666603088378906e+01,2.000000000000000000e+00,0.000000000000000000e+00,0.000000000000000000e+00,-7.296626358310365212e-01,-2.702834834134684727e-01,0.000000000000000000e+00,1.444140046104483302e-03,2.085540472762659192e-06,0.000000000000000000e+00
1.000000000000000000e+00,6.016753387451171875e+01,2.473542213439941406e+01,1.966666603088378906e+01,2.000000000000000000e+00,-2.200215967615384849e-01,-7.799386257615915641e-01,0.000000000000000000e+00,0.000000000000000000e+00,2.037280494519599135e-03,0.000000000000000000e+00,4.150511813350022686e-06,0.000000000000000000e+00
1.000000000000000000e+00,6.016753387451171875e+01,2.473542213439941406e+01,1.966666603088378906e+01,2.000000000000000000e+00,0.000000000000000000e+00,0.000000000000000000e+00,-2.200215967615384849e-01,-7.799386257615915641e-01,0.000000000000000000e+00,2.037280494519599135e-03,4.150511813350022686e-06,0.000000000000000000e+00
1.000000000000000000e+00,6.016753387451171875e+01,2.473542213439941406e+01,1.968333244323730469e+01,2.000000000000000000e+00,0.000000000000000000e+00,0.000000000000000000e+00,0.000000000000000000e+00,0.000000000000000000e+00,0.000000000000000000e+00,0.000000000000000000e+00,0.000000000000000000e+00,0.000000000000000000e+00
1.000000000000000000e+00,6.016474914550781250e+01,2.473754882812500000e+01,1.968333244323730469e+01,2.000000000000000000e+00,-5.669787471785087130e-01,4.330008925370117390e-01,0.000000000000000000e+00,0.000000000000000000e+00,3.503932337766140544e-03,0.000000000000000000e+00,1.227754182764329016e-05,0.000000000000000000e+00
1.000000000000000000e+00,6.016474533081054688e+01,2.473754692077636719e+01,1.968333244323730469e+01,2.000000000000000000e+00,-6.552159382063228454e-01,-3.276079691031614227e-01,-5.669787471785087130e-01,4.330008925370117390e-01,4.264961199760036097e-06,3.503932337766140544e-03,1.224767174660301235e-05,0.000000000000000000e+00
1.000000000000000000e+00,6.016472625732421875e+01,2.473760414123535156e+01,1.968333244323730469e+01,2.000000000000000000e+00,-2.496727489345165474e-01,7.490182468035496699e-01,-6.552159382063228454e-01,-3.276079691031614227e-01,6.031565971695669663e-05,4.264961199760036097e-06,3.141680804265672086e-09,0.000000000000000000e+00
1.000000000000000000e+00,6.016472244262695312e+01,2.473761367797851562e+01,1.968333244323730469e+01,2.000000000000000000e+00,-2.835902434066402411e-01,7.089756085166006860e-01,-2.496727489345165474e-01,7.490182468035496699e-01,1.027138673235798595e-05,6.031565971695669663e-05,2.504429258557036171e-09,0.000000000000000000e+00
1.000000000000000000e+00,6.016471099853515625e+01,2.473755455017089844e+01,1.968333244323730469e+01,2.000000000000000000e+00,-1.619327043953458778e-01,-8.366523060426203084e-01,-2.835902434066402411e-01,7.089756085166006860e-01,6.022511827029016130e-05,1.027138673235798595e-05,2.495375294563799487e-09,0.000000000000000000e+00
1.000000000000000000e+00,6.016471099853515625e+01,2.473755455017089844e+01,1.970000076293945312e+01,2.000000000000000000e+00,0.000000000000000000e+00,0.000000000000000000e+00,-1.619327043953458778e-01,-8.366523060426203084e-01,0.000000000000000000e+00,6.022511827029016130e-05,3.627064870670437813e-09,0.000000000000000000e+00
1.000000000000000000e+00,6.016469955444335938e+01,2.473750686645507812e+01,1.970000076293945312e+01,2.000000000000000000e+00,-1.932216007528531898e-01,-8.050900031368882770e-01,0.000000000000000000e+00,0.000000000000000000e+00,4.903778126595474685e-05,0.000000000000000000e+00,2.404703991487622261e-09,0.000000000000000000e+00
1.000000000000000000e+00,6.016466522216796875e+01,2.473734092712402344e+01,1.970000076293945312e+01,2.000000000000000000e+00,-1.713430161074010194e-01,-8.281579111857716446e-01,-1.932216007528531898e-01,-8.050900031368882770e-01,1.694537303347875385e-04,4.903778126595474685e-05,1.450000079014773237e-08,0.000000000000000000e+00
1.000000000000000000e+00,6.016465377807617188e+01,2.473728752136230469e+01,1.970000076293945312e+01,2.000000000000000000e+00,-1.761988854081386335e-01,-8.222614652379802713e-01,-1.713430161074010194e-01,-8.281579111857716446e-01,5.461815285978833542e-05,1.694537303347875385e-04,1.318720985401654333e-08,0.000000000000000000e+00
1.000000000000000000e+00,6.016464996337890625e+01,2.473718833923339844e+01,1.970000076293945312e+01,2.000000000000000000e+00,-3.700111251985035293e-02,-9.620289255161093012e-01,-1.761988854081386335e-01,-8.222614652379802713e-01,9.925546135908270304e-05,5.461815285978833542e-05,1.992489310061177079e-09,0.000000000000000000e+00
1.000000000000000000e+00,6.016582489013671875e+01,2.472989845275878906e+01,1.971666717529296875e+01,2.000000000000000000e+00,1.387996221050862011e-01,-8.611885644247394556e-01,-3.700111251985035293e-02,-9.620289255161093012e-01,7.383962195116961641e-03,9.925546135908270304e-05,5.306695219685738973e-05,0.000000000000000000e+00
1.000000000000000000e+00,6.016582107543945312e+01,2.473284149169921875e+01,1.971666717529296875e+01,2.000000000000000000e+00,-1.294454455214406755e-03,9.986716121979148930e-01,1.387996221050862011e-01,-8.611885644247394556e-01,2.943041412688704797e-03,7.383962195116961641e-03,1.972177739580320075e-05,0.000000000000000000e+00
1.000000000000000000e+00,6.016581344604492188e+01,2.473273277282714844e+01,1.973333358764648438e+01,2.000000000000000000e+00,-6.551745898764309295e-02,-9.336237905739140919e-01,-1.294454455214406755e-03,9.986716121979148930e-01,1.089862413571293133e-04,2.943041412688704797e-03,8.031868714151246133e-06,0.000000000000000000e+00
1.000000000000000000e+00,6.016581344604492188e+01,2.473268508911132812e+01,1.973333358764648438e+01,2.000000000000000000e+00,0.000000000000000000e+00,-9.979072368424413142e-01,-6.551745898764309295e-02,-9.336237905739140919e-01,4.768371582031250000e-05,1.089862413571293133e-04,3.757999637192077196e-09,0.000000000000000000e+00
1.000000000000000000e+00,6.016582489013671875e+01,2.473252868652343750e+01,1.973333358764648438e+01,2.000000000000000000e+00,6.814122088134835775e-02,-9.312633520450942504e-01,0.000000000000000000e+00,-9.979072368424413142e-01,1.568207152640874126e-04,4.768371582031250000e-05,1.191088464759052582e-08,0.000000000000000000e+00
1.000000000000000000e+00,6.016582489013671875e+01,2.473252868652343750e+01,1.973333358764648438e+01,2.000000000000000000e+00,0.000000000000000000e+00,0.000000000000000000e+00,6.814122088134835775e-02,-9.312633520450942504e-01,0.000000000000000000e+00,1.568207152640874126e-04,2.459273673593997955e-08,0.000000000000000000e+00
1.000000000000000000e+00,6.016582489013671875e+01,2.473252868652343750e+01,1.973333358764648438e+01,2.000000000000000000e+00,0.000000000000000000e+00,0.000000000000000000e+00,0.000000000000000000e+00,0.000000000000000000e+00,0.000000000000000000e+00,0.000000000000000000e+00,0.000000000000000000e+00,0.000000000000000000e+00
1.000000000000000000e+00,6.016582489013671875e+01,2.473252868652343750e+01,1.973333358764648438e+01,2.000000000000000000e+00,0.000000000000000000e+00,0.000000000000000000e+00,0.000000000000000000e+00,0.000000000000000000e+00,0.000000000000000000e+00,0.000000000000000000e+00,0.000000000000000000e+00,0.000000000000000000e+00
1.000000000000000000e+00,6.016460418701171875e+01,2.472564506530761719e+01,1.975000000000000000e+01,2.000000000000000000e+00,-1.506218176226990502e-01,-8.493658434380013666e-01,0.000000000000000000e+00,0.000000000000000000e+00,6.991019751243467834e-03,0.000000000000000000e+00,4.887435716227627613e-05,0.000000000000000000e+00
1.000000000000000000e+00,6.016456985473632812e+01,2.472560310363769531e+01,1.975000000000000000e+01,2.000000000000000000e+00,-4.494109480821297797e-01,-5.492800476559364098e-01,-1.506218176226990502e-01,-8.493658434380013666e-01,5.421703492565877971e-05,6.991019751243467834e-03,4.811923192511414159e-05,0.000000000000000000e+00
1.000000000000000000e+00,6.016339111328125000e+01,2.472301483154296875e+01,1.975000000000000000e+01,2.000000000000000000e+00,-3.129030860084477395e-01,-6.870703684683876489e-01,-4.494109480821297797e-01,-5.492800476559364098e-01,2.844043574606395543e-03,5.421703492565877971e-05,7.783132121506994129e-06,0.000000000000000000e+00
1.000000000000000000e+00,6.016334152221679688e+01,2.472290611267089844e+01,1.975000000000000000e+01,2.000000000000000000e+00,-3.130552637131305826e-01,-6.863134627557092582e-01,-3.129030860084477395e-01,-6.870703684683876489e-01,1.194950493444601791e-04,2.844043574606395543e-03,7.423164666506986354e-06,0.000000000000000000e+00
1.000000000000000000e+00,6.016334152221679688e+01,2.472290611267089844e+01,1.975000000000000000e+01,2.000000000000000000e+00,0.000000000000000000e+00,0.000000000000000000e+00,-3.130552637131305826e-01,-6.863134627557092582e-01,0.000000000000000000e+00,1.194950493444601791e-04,1.427906681783497334e-08,0.000000000000000000e+00
1.000000000000000000e+00,6.016326522827148438e+01,2.472278594970703125e+01,1.975000000000000000e+01,2.000000000000000000e+00,-3.881519384432014497e-01,-6.113393030480422929e-01,0.000000000000000000e+00,0.000000000000000000e+00,1.423372894806338026e-04,0.000000000000000000e+00,2.025990397669374612e-08,0.000000000000000000e+00
1.000000000000000000e+00,6.016300964355468750e+01,2.472237586975097656e+01,1.976666641235351562e+01,2.000000000000000000e+00,-3.838964835760512728e-01,-6.159533132003808253e-01,-3.881519384432014497e-01,-6.113393030480422929e-01,4.832071168949741524e-04,1.423372894806338026e-04,1.161922392414821640e-07,0.000000000000000000e+00
1.000000000000000000e+00,6.016496658325195312e+01,2.471906280517578125e+01,1.976666641235351562e+01,2.000000000000000000e+00,3.713284588108934914e-01,-6.286525662324775610e-01,-3.838964835760512728e-01,-6.159533132003808253e-01,3.847857827174513880e-03,4.832071168949741524e-04,1.132087440218461210e-05,0.000000000000000000e+00
1.000000000000000000e+00,6.016504287719726562e+01,2.471884536743164062e+01,1.976666641235351562e+01,2.000000000000000000e+00,2.596518621068309995e-01,-7.400078070044683320e-01,3.713284588108934914e-01,-6.286525662324775610e-01,2.304342393575890434e-04,3.847857827174513880e-03,1.308575341369427185e-05,0.000000000000000000e+00
1.000000000000000000e+00,6.016504287719726562e+01,2.471884536743164062e+01,1.976666641235351562e+01,2.000000000000000000e+00,0.000000000000000000e+00,0.000000000000000000e+00,2.596518621068309995e-01,-7.400078070044683320e-01,0.000000000000000000e+00,2.304342393575890434e-04,5.309993866831064224e-08,0.000000000000000000e+00
1.000000000000000000e+00,6.016573333740234375e+01,2.471594238281250000e+01,1.976666641235351562e+01,2.000000000000000000e+00,1.921390267417169839e-01,-8.078331455825780161e-01,0.000000000000000000e+00,0.000000000000000000e+00,2.983966319140275627e-03,0.000000000000000000e+00,8.904054993763566017e-06,0.000000000000000000e+00
1.000000000000000000e+00,6.016573333740234375e+01,2.471594238281250000e+01,1.976666641235351562e+01,2.000000000000000000e+00,0.000000000000000000e+00,0.000000000000000000e+00,1.921390267417169839e-01,-8.078331455825780161e-01,0.000000000000000000e+00,2.983966319140275627e-03,8.904054993763566017e-06,0.000000000000000000e+00
1.000000000000000000e+00,6.016596221923828125e+01,2.471527290344238281e+01,1.978333282470703125e+01,2.000000000000000000e+00,2.547487130162951474e-01,-7.451399855726633659e-01,0.000000000000000000e+00,0.000000000000000000e+00,7.075235132733235241e-04,0.000000000000000000e+00,5.005895218346267939e-07,0.000000000000000000e+00
1.000000000000000000e+00,6.016596221923828125e+01,2.471527290344238281e+01,1.978333282470703125e+01,2.000000000000000000e+00,0.000000000000000000e+00,0.000000000000000000e+00,2.547487130162951474e-01,-7.451399855726633659e-01,0.000000000000000000e+00,7.075235132733235241e-04,5.005895218346267939e-07,0.000000000000000000e+00
1.000000000000000000e+00,6.016778564453125000e+01,2.470965957641601562e+01,1.978333282470703125e+01,2.000000000000000000e+00,2.451877776606931347e-01,-7.547987757901881700e-01,0.000000000000000000e+00,0.000000000000000000e+00,5.902060665901568033e-03,0.000000000000000000e+00,3.483432010398246348e-05,0.000000000000000000e+00
1.000000000000000000e+00,6.016790771484375000e+01,2.470931434631347656e+01,1.978333282470703125e+01,2.000000000000000000e+00,2.611686009944986786e-01,-7.386174496875665962e-01,2.451877776606931347e-01,-7.547987757901881700e-01,3.661761664731598138e-04,5.902060665901568033e-03,3.064601719101171399e-05,0.000000000000000000e+00
1.000000000000000000e+00,6.016801071166992188e+01,2.470903396606445312e+01,1.978333282470703125e+01,2.000000000000000000e+00,2.685866583274024166e-01,-7.311525698912620941e-01,2.611686009944986786e-01,-7.386174496875665962e-01,2.986995651887097247e-04,3.661761664731598138e-04,4.553091720900651054e-09,0.000000000000000000e+00
1.000000000000000000e+00,6.016801071166992188e+01,2.470903396606445312e+01,1.978333282470703125e+01,2.000000000000000000e+00,0.000000000000000000e+00,0.000000000000000000e+00,2.685866583274024166e-01,-7.311525698912620941e-01,0.000000000000000000e+00,2.986995651887097247e-04,8.922143024392424690e-08,0.000000000000000000e+00
1.000000000000000000e+00,6.017005920410156250e+01,2.470817947387695312e+01,1.979999923706054688e+01,2.000000000000000000e+00,7.056261530010181637e-01,-2.943394008793818739e-01,0.000000000000000000e+00,0.000000000000000000e+00,2.219567106664598142e-03,0.000000000000000000e+00,4.926478140987455845e-06,0.000000000000000000e+00
1.000000000000000000e+00,6.017045974731445312e+01,2.470794486999511719e+01,1.979999923706054688e+01,2.000000000000000000e+00,6.305313573500653801e-01,-3.693112235907525798e-01,7.056261530010181637e-01,-2.943394008793818739e-01,4.641916056600281265e-04,2.219567106664598142e-03,3.081343149527045258e-06,0.000000000000000000e+00
1.000000000000000000e+00,6.017054367065429688e+01,2.470789337158203125e+01,1.979999923706054688e+01,2.000000000000000000e+00,6.192610265843578876e-01,-3.800010844949469058e-01,6.305313573500653801e-01,-3.693112235907525798e-01,9.846427535354848604e-05,4.641916056600281265e-04,1.337564801331048659e-07,0.000000000000000000e+00
1.000000000000000000e+00,6.017061233520507812e+01,2.470784950256347656e+01,1.979999923706054688e+01,2.000000000000000000e+00,6.096277618305175894e-01,-3.894844033917195802e-01,6.192610265843578876e-01,-3.800010844949469058e-01,8.148196931188135842e-05,9.846427535354848604e-05,2.883987184928438286e-10,0.000000000000000000e+00
1.000000000000000000e+00,6.017055511474609375e+01,2.470566177368164062e+01,1.979999923706054688e+01,2.000000000000000000e+00,-2.548739483982448775e-02,-9.744680627092896508e-01,6.096277618305175894e-01,-3.894844033917195802e-01,2.188477059817055693e-03,8.148196931188135842e-05,4.439428311412908342e-06,0.000000000000000000e+00
1.000000000000000000e+00,6.017055511474609375e+01,2.470566177368164062e+01,1.979999923706054688e+01,2.000000000000000000e+00,0.000000000000000000e+00,0.000000000000000000e+00,-2.548739483982448775e-02,-9.744680627092896508e-01,0.000000000000000000e+00,2.188477059817055693e-03,4.789431841345504773e-06,0.000000000000000000e+00
1.000000000000000000e+00,6.017055511474609375e+01,2.470566177368164062e+01,1.981666755676269531e+01,2.000000000000000000e+00,0.000000000000000000e+00,0.000000000000000000e+00,0.000000000000000000e+00,0.000000000000000000e+00,0.000000000000000000e+00,0.000000000000000000e+00,0.000000000000000000e+00,0.000000000000000000e+00
1.000000000000000000e+00,6.017101669311523438e+01,2.470525169372558594e+01,1.981666755676269531e+01,2.000000000000000000e+00,5.294797374458236616e-01,-4.704055518630251842e-01,0.000000000000000000e+00,0.000000000000000000e+00,6.174302885478922609e-04,0.000000000000000000e+00,3.812201612163335085e-07,0.000000000000000000e+00
1.000000000000000000e+00,6.017098999023437500e+01,2.470525550842285156e+01,1.981666755676269531e+01,2.000000000000000000e+00,-8.721421645551854507e-01,1.245917377935979314e-01,5.294797374458236616e-01,-4.704055518630251842e-01,2.697398304697218134e-05,6.174302885478922609e-04,3.486386487057958641e-07,0.000000000000000000e+00
1.000000000000000000e+00,6.017095565795898438e+01,2.470521354675292969e+01,1.981666755676269531e+01,2.000000000000000000e+00,-4.494109480821297797e-01,-5.492800476559364098e-01,-8.721421645551854507e-01,1.245917377935979314e-01,5.421703492565877971e-05,2.697398304697218134e-05,7.421838756648094113e-10,0.000000000000000000e+00
1.000000000000000000e+00,6.017094039916992188e+01,2.470523071289062500e+01,1.981666755676269531e+01,2.000000000000000000e+00,-4.691413811972637848e-01,5.277840538469217302e-01,-4.494109480821297797e-01,-5.492800476559364098e-01,2.296751895674189716e-05,5.421703492565877971e-05,9.765322482915912396e-10,0.000000000000000000e+00
1.000000000000000000e+00,6.017096328735351562e+01,2.470515251159667969e+01,1.981666755676269531e+01,2.000000000000000000e+00,2.261913407440452606e-01,-7.728204142088213047e-01,-4.691413811972637848e-01,5.277840538469217302e-01,8.148196931188135842e-05,2.296751895674189716e-05,3.423940900364080594e-09,0.000000000000000000e+00
1.000000000000000000e+00,6.017095947265625000e+01,2.470516586303710938e+01,1.983333396911621094e+01,2.000000000000000000e+00,-2.209351815062052804e-01,7.732731352717184814e-01,2.261913407440452606e-01,-7.728204142088213047e-01,1.388570764404395686e-05,8.148196931188135842e-05,4.569254591466743934e-09,0.000000000000000000e+00
1.000000000000000000e+00,6.017095565795898438e+01,2.470518875122070312e+01,1.983333396911621094e+01,2.000000000000000000e+00,-1.423241511104471890e-01,8.539449066626831897e-01,-2.209351815062052804e-01,7.732731352717184814e-01,2.320389759177482353e-05,1.388570764404395686e-05,8.682866390199256818e-11,0.000000000000000000e+00
1.000000000000000000e+00,6.017096710205078125e+01,2.470522117614746094e+01,1.983333396911621094e+01,2.000000000000000000e+00,2.602762620830652018e-01,7.374494092353512942e-01,-1.423241511104471890e-01,8.539449066626831897e-01,3.438521647895802702e-05,2.320389759177482353e-05,1.250218920568798390e-10,0.000000000000000000e+00
1.000000000000000000e+00,6.017096710205078125e+01,2.470524024963378906e+01,1.983333396911621094e+01,2.000000000000000000e+00,0.000000000000000000e+00,9.947844644271442993e-01,2.602762620830652018e-01,7.374494092353512942e-01,1.907348632812500000e-05,3.438521647895802702e-05,2.344490802119291927e-10,0.000000000000000000e+00
1.000000000000000000e+00,6.017096710205078125e+01,2.470525550842285156e+01,1.983333396911621094e+01,2.000000000000000000e+00,0.000000000000000000e+00,9.934890700306472366e-01,0.000000000000000000e+00,9.947844644271442993e-01,1.525878906250000000e-05,1.907348632812500000e-05,1.455191522836685181e-11,0.000000000000000000e+00
1.000000000000000000e+00,6.017069625854492188e+01,2.470502090454101562e+01,2.263333320617675781e+01,2.000000000000000000e+00,0.000000000000000000e+00,0.000000000000000000e+00,0.000000000000000000e+00,9.934890700306472366e-01,0.000000000000000000e+00,1.525878906250000000e-05,2.328306436538696289e-10,0.000000000000000000e+00
1.000000000000000000e+00,6.017068099975585938e+01,2.470511817932128906e+01,2.263333320617675781e+01,2.000000000000000000e+00,-1.354728359623372513e-01,8.636393292598999460e-01,0.000000000000000000e+00,0.000000000000000000e+00,9.846427535354848604e-05,0.000000000000000000e+00,9.695213520899415016e-09,0.000000000000000000e+00
1.000000000000000000e+00,6.017071914672851562e+01,2.470516014099121094e+01,2.264999961853027344e+01,2.000000000000000000e+00,4.755967864571950532e-01,5.231564651029145807e-01,-1.354728359623372513e-01,8.636393292598999460e-01,5.670955180098917399e-05,9.846427535354848604e-05,1.743456938950651405e-09,0.000000000000000000e+00
1.000000000000000000e+00,6.017071914672851562e+01,2.470516014099121094e+01,2.264999961853027344e+01,2.000000000000000000e+00,0.000000000000000000e+00,0.000000000000000000e+00,4.755967864571950532e-01,5.231564651029145807e-01,0.000000000000000000e+00,5.670955180098917399e-05,3.215973265469074663e-09,0.000000000000000000e+00
1.000000000000000000e+00,6.017097091674804688e+01,2.470530128479003906e+01,2.264999961853027344e+01,2.000000000000000000e+00,6.406136572557595832e-01,3.591318987645925054e-01,0.000000000000000000e+00,0.000000000000000000e+00,2.886342229923545230e-04,0.000000000000000000e+00,8.330971468240023983e-08,0.000000000000000000e+00
1.000000000000000000e+00,6.017097091674804688e+01,2.470530128479003906e+01,2.264999961853027344e+01,2.000000000000000000e+00,0.000000000000000000e+00,0.000000000000000000e+00,6.406136572557595832e-01,3.591318987645925054e-01,0.000000000000000000e+00,2.886342229923545230e-04,8.330971468240023983e-08,0.000000000000000000e+00
1.000000000000000000e+00,6.017097091674804688e+01,2.470530128479003906e+01,2.264999961853027344e+01,2.000000000000000000e+00,0.000000000000000000e+00,0.000000000000000000e+00,0.000000000000000000e+00,0.000000000000000000e+00,0.000000000000000000e+00,0.000000000000000000e+00,0.000000000000000000e+00,0.000000000000000000e+00
1.000000000000000000e+00,6.017097091674804688e+01,2.470530128479003906e+01,2.266666603088378906e+01,2.000000000000000000e+00,0.000000000000000000e+00,0.000000000000000000e+00,0.000000000000000000e+00,0.000000000000000000e+00,0.000000000000000000e+00,0.000000000000000000e+00,0.000000000000000000e+00,0.000000000000000000e+00
1.000000000000000000e+00,6.017097091674804688e+01,2.470530128479003906e+01,2.266666603088378906e+01,2.000000000000000000e+00,0.000000000000000000e+00,0.000000000000000000e+00,0.000000000000000000e+00,0.000000000000000000e+00,0.000000000000000000e+00,0.000000000000000000e+00,0.000000000000000000e+00,0.000000000000000000e+00
1.000000000000000000e+00,6.017097091674804688e+01,2.470530128479003906e+01,2.266666603088378906e+01,2.000000000000000000e+00,0.000000000000000000e+00,0.000000000000000000e+00,0.000000000000000000e+00,0.000000000000000000e+00,0.000000000000000000e+00,0.000000000000000000e+00,0.000000000000000000e+00,0.000000000000000000e+00
1.000000000000000000e+00,6.017097091674804688e+01,2.470530128479003906e+01,2.266666603088378906e+01,2.000000000000000000e+00,0.000000000000000000e+00,0.000000000000000000e+00,0.000000000000000000e+00,0.000000000000000000e+00,0.000000000000000000e+00,0.000000000000000000e+00,0.000000000000000000e+00,0.000000000000000000e+00
1.000000000000000000e+00,6.017051696777343750e+01,2.470596122741699219e+01,8.149999618530273438e+00,3.000000000000000000e+00,0.000000000000000000e+00,0.000000000000000000e+00,0.000000000000000000e+00,0.000000000000000000e+00,0.000000000000000000e+00,0.000000000000000000e+00,0.000000000000000000e+00,0.000000000000000000e+00
1.000000000000000000e+00,6.017045593261718750e+01,2.470706748962402344e+01,8.149999618530273438e+00,3.000000000000000000e+00,-5.228310271187015801e-02,9.476312366526467024e-01,0.000000000000000000e+00,0.000000000000000000e+00,1.107944656110635469e-03,0.000000000000000000e+00,1.227541361004114363e-06,0.000000000000000000e+00
1.000000000000000000e+00,6.017033386230468750e+01,2.470718574523925781e+01,8.149999618530273438e+00,3.000000000000000000e+00,-5.077252426571252641e-01,4.918588288240900441e-01,-5.228310271187015801e-02,9.476312366526467024e-01,1.699574997707020761e-04,1.107944656110635469e-03,8.798199054586745075e-07,0.000000000000000000e+00
1.000000000000000000e+00,6.017064285278320312e+01,2.470750427246093750e+01,8.149999618530273438e+00,3.000000000000000000e+00,4.923227602081143295e-01,5.075179071281178400e-01,-5.077252426571252641e-01,4.918588288240900441e-01,4.437732605332318780e-04,1.699574997707020761e-04,7.497507084196294933e-08,0.000000000000000000e+00
1.000000000000000000e+00,6.017173385620117188e+01,2.470855140686035156e+01,8.149999618530273438e+00,3.000000000000000000e+00,5.102348340766558188e-01,4.897183984407064150e-01,4.923227602081143295e-01,5.075179071281178400e-01,1.512209941924647040e-03,4.437732605332318780e-04,1.141556942142700366e-06,0.000000000000000000e+00
1.000000000000000000e+00,6.017243194580078125e+01,2.470982360839843750e+01,8.149999618530273438e+00,3.000000000000000000e+00,3.542898596396969468e-01,6.456593890155133408e-01,5.102348340766558188e-01,4.897183984407064150e-01,1.451146389097599789e-03,1.512209941924647040e-03,3.728757483861589910e-09,0.000000000000000000e+00
1.000000000000000000e+00,6.017242813110351562e+01,2.470989799499511719e+01,8.166666984558105469e+00,3.000000000000000000e+00,-4.871818936082047274e-02,9.500046925359991734e-01,3.542898596396969468e-01,6.456593890155133408e-01,7.448434520632413842e-05,1.451146389097599789e-03,1.895198383090904675e-06,0.000000000000000000e+00
1.000000000000000000e+00,6.017326736450195312e+01,2.471077728271484375e+01,8.166666984558105469e+00,3.000000000000000000e+00,4.883178669036844499e-01,5.116239469149966856e-01,-4.871818936082047274e-02,9.500046925359991734e-01,1.215507956006415310e-03,7.448434520632413842e-05,1.301934880403277977e-06,0.000000000000000000e+00
1.000000000000000000e+00,6.017326736450195312e+01,2.471077728271484375e+01,8.166666984558105469e+00,3.000000000000000000e+00,0.000000000000000000e+00,0.000000000000000000e+00,4.883178669036844499e-01,5.116239469149966856e-01,0.000000000000000000e+00,1.215507956006415310e-03,1.477459591114893556e-06,0.000000000000000000e+00
1.000000000000000000e+00,6.017504119873046875e+01,2.471020126342773438e+01,8.166666984558105469e+00,3.000000000000000000e+00,7.548380071015368120e-01,-2.451194388652302436e-01,0.000000000000000000e+00,0.000000000000000000e+00,1.865016377776778332e-03,0.000000000000000000e+00,3.478286089375614696e-06,0.000000000000000000e+00
1.000000000000000000e+00,6.017520141601562500e+01,2.471037292480468750e+01,8.166666984558105469e+00,3.000000000000000000e+00,4.826132021203946576e-01,5.170855737004228514e-01,7.548380071015368120e-01,-2.451194388652302436e-01,2.348131316606505382e-04,1.865016377776778332e-03,2.657562623647559885e-06,0.000000000000000000e+00
1.000000000000000000e+00,6.017585754394531250e+01,2.471166610717773438e+01,8.166666984558105469e+00,3.000000000000000000e+00,3.365776454383002103e-01,6.633710569975801441e-01,4.826132021203946576e-01,5.170855737004228514e-01,1.450111895708449056e-03,2.348131316606505382e-04,1.476951085896106984e-06,0.000000000000000000e+00
1.000000000000000000e+00,6.017586517333984375e+01,2.471189689636230469e+01,8.183333396911621094e+00,3.000000000000000000e+00,3.198658385433934132e-02,9.675941615937651008e-01,3.365776454383002103e-01,6.633710569975801441e-01,2.309152558311019024e-04,1.450111895708449056e-03,1.486440446688213679e-06,0.000000000000000000e+00
1.000000000000000000e+00,6.017663574218750000e+01,2.471625900268554688e+01,8.183333396911621094e+00,3.000000000000000000e+00,1.501271382438849611e-01,8.498533791182298902e-01,3.198658385433934132e-02,9.675941615937651008e-01,4.429644220955872465e-03,2.309152558311019024e-04,1.762932492257772508e-05,0.000000000000000000e+00
1.000000000000000000e+00,6.017602157592773438e+01,2.471850776672363281e+01,8.183333396911621094e+00,3.000000000000000000e+00,-2.145161580114955668e-01,7.854489139613456405e-01,1.501271382438849611e-01,8.498533791182298902e-01,2.331124169499142976e-03,4.429644220955872465e-03,4.403786406365954770e-06,0.000000000000000000e+00
1.000000000000000000e+00,6.017496871948242188e+01,2.472031593322753906e+01,8.183333396911621094e+00,3.000000000000000000e+00,-3.679871379172957035e-01,6.319779107710078447e-01,-2.145161580114955668e-01,7.854489139613456405e-01,2.092360580847532538e-03,2.331124169499142976e-03,5.700805126579543463e-08,0.000000000000000000e+00
1.000000000000000000e+00,6.017407226562500000e+01,2.472165489196777344e+01,8.183333396911621094e+00,3.000000000000000000e+00,-4.010059519958567020e-01,5.989493155342370256e-01,-3.679871379172957035e-01,6.319779107710078447e-01,1.611347270620639349e-03,2.092360580847532538e-03,2.313738046154333820e-07,0.000000000000000000e+00
1.000000000000000000e+00,6.017397689819335938e+01,2.472188186645507812e+01,8.183333396911621094e+00,3.000000000000000000e+00,-2.957662327298073990e-01,7.039236338969416806e-01,-4.010059519958567020e-01,5.989493155342370256e-01,2.461957857172925490e-04,1.611347270620639349e-03,1.863638576733812806e-06,0.000000000000000000e+00
1.000000000000000000e+00,6.017330551147460938e+01,2.472226524353027344e+01,8.199999809265136719e+00,3.000000000000000000e+00,-6.364676867322709430e-01,3.634375142988251484e-01,-2.957662327298073990e-01,7.039236338969416806e-01,7.731352455419451646e-04,2.461957857172925490e-04,2.776651943202967285e-07,0.000000000000000000e+00
1.000000000000000000e+00,6.017245864868164062e+01,2.472434806823730469e+01,8.199999809265136719e+00,3.000000000000000000e+00,-2.890526336701040866e-01,7.109132341616073436e-01,-6.364676867322709430e-01,3.634375142988251484e-01,2.248407291914577590e-03,7.731352455419451646e-04,2.176427610808494669e-06,0.000000000000000000e+00
1.000000000000000000e+00,6.017250442504882812e+01,2.472574424743652344e+01,8.199999809265136719e+00,3.000000000000000000e+00,3.174383030300239467e-02,9.681868242415729853e-01,-2.890526336701040866e-01,7.109132341616073436e-01,1.396929429901165327e-03,2.248407291914577590e-03,7.250145494989315120e-07,0.000000000000000000e+00
1.000000000000000000e+00,6.017251968383789062e+01,2.472588539123535156e+01,8.199999809265136719e+00,3.000000000000000000e+00,9.749863735904426565e-02,9.018623955711594364e-01,3.174383030300239467e-02,9.681868242415729853e-01,1.419662022852203015e-04,1.396929429901165327e-03,1.574932702668230211e-06,0.000000000000000000e+00
1.000000000000000000e+00,6.017308807373046875e+01,2.472878265380859375e+01,8.199999809265136719e+00,3.000000000000000000e+00,1.640018720851121881e-01,8.359692741519644255e-01,9.749863735904426565e-02,9.018623955711594364e-01,2.952490048805400148e-03,1.419662022852203015e-04,7.899044291858588949e-06,0.000000000000000000e+00
1.000000000000000000e+00,6.017301559448242188e+01,2.473005676269531250e+01,8.199999809265136719e+00,3.000000000000000000e+00,-5.382036581133845671e-02,9.461053779466864766e-01,1.640018720851121881e-01,8.359692741519644255e-01,1.276168757105866766e-03,2.952490048805400148e-03,2.810053073005192229e-06,0.000000000000000000e+00
1.000000000000000000e+00,6.017242813110351562e+01,2.473085594177246094e+01,8.216666221618652344e+00,3.000000000000000000e+00,-4.236283214242939632e-01,5.762995671323998259e-01,-5.382036581133845671e-02,9.461053779466864766e-01,9.918671377295330827e-04,1.276168757105866766e-03,8.082741078000571284e-08,0.000000000000000000e+00
1.000000000000000000e+00,6.017193603515625000e+01,2.473147010803222656e+01,8.216666221618652344e+00,3.000000000000000000e+00,-4.447873798817545410e-01,5.551222338059107475e-01,-4.236283214242939632e-01,5.762995671323998259e-01,7.869934027358488392e-04,9.918671377295330827e-04,4.197324729026235948e-08,0.000000000000000000e+00
1.000000000000000000e+00,6.017202758789062500e+01,2.473190689086914062e+01,8.216666221618652344e+00,3.000000000000000000e+00,1.732524064412750142e-01,8.265583557302494944e-01,-4.447873798817545410e-01,5.551222338059107475e-01,4.462747469824343799e-04,7.869934027358488392e-04,1.160892023784137489e-07,0.000000000000000000e+00
1.000000000000000000e+00,6.017217254638671875e+01,2.473454856872558594e+01,8.216666221618652344e+00,3.000000000000000000e+00,5.201729828574376546e-02,9.479468174441462169e-01,1.732524064412750142e-01,8.265583557302494944e-01,2.645652067605122962e-03,4.462747469824343799e-04,4.837260598469437356e-06,0.000000000000000000e+00
1.000000000000000000e+00,6.017234802246093750e+01,2.473472213745117188e+01,8.216666221618652344e+00,3.000000000000000000e+00,5.025882508257656367e-01,4.971253350559203255e-01,5.201729828574376546e-02,9.479468174441462169e-01,2.468156298226486796e-04,2.645652067605122962e-03,5.754416255232911728e-06,0.000000000000000000e+00
1.000000000000000000e+00,6.017242050170898438e+01,2.473568344116210938e+01,8.216666221618652344e+00,3.000000000000000000e+00,7.010391980739705264e-02,9.297993574454765930e-01,5.025882508257656367e-01,4.971253350559203255e-01,9.640321914021590709e-04,2.468156298226486796e-04,5.143995962039356930e-07,0.000000000000000000e+00
1.000000000000000000e+00,6.017246627807617188e+01,2.473581314086914062e+01,8.233333587646484375e+00,3.000000000000000000e+00,2.607209859953200648e-01,7.387094603200735632e-01,7.010391980739705264e-02,9.297993574454765930e-01,1.375408659158321081e-04,9.640321914021590709e-04,6.830879111041456159e-07,0.000000000000000000e+00
1.000000000000000000e+00,6.017277526855468750e+01,2.473693847656250000e+01,8.233333587646484375e+00,3.000000000000000000e+00,2.154105136772081208e-01,7.845197720342764747e-01,2.607209859953200648e-01,7.387094603200735632e-01,1.166985663391774614e-03,1.375408659158321081e-04,1.059756591050284300e-06,0.000000000000000000e+00
1.000000000000000000e+00,6.017288589477539062e+01,2.473707389831542969e+01,8.233333587646484375e+00,3.000000000000000000e+00,4.494297437042889531e-01,5.501639966035261065e-01,2.154105136772081208e-01,7.845197720342764747e-01,1.748634091901614732e-04,1.166985663391774614e-03,9.843065672820901800e-07,0.000000000000000000e+00
1.000000000000000000e+00,6.017293548583984375e+01,2.473707771301269531e+01,8.233333587646484375e+00,3.000000000000000000e+00,9.268359679429967191e-01,7.129507445715359271e-02,4.494297437042889531e-01,5.501639966035261065e-01,4.973756717836493800e-05,1.748634091901614732e-04,1.565647633916106880e-08,0.000000000000000000e+00
1.000000000000000000e+00,6.017288589477539062e+01,2.473704910278320312e+01,8.233333587646484375e+00,3.000000000000000000e+00,-6.333364616906661526e-01,-3.653864202061535282e-01,9.268359679429967191e-01,7.129507445715359271e-02,5.725223930283979178e-05,4.973756717836493800e-05,5.647029713835941539e-11,0.000000000000000000e+00
1.000000000000000000e+00,6.017281723022460938e+01,2.473714065551757812e+01,8.233333587646484375e+00,3.000000000000000000e+00,-4.283041015466765300e-01,5.710721353955686697e-01,-6.333364616906661526e-01,-3.653864202061535282e-01,1.144409179687500000e-04,5.725223930283979178e-05,3.270544967552733395e-09,0.000000000000000000e+00
1.000000000000000000e+00,6.017277145385742188e+01,2.473719787597656250e+01,8.250000000000000000e+00,3.000000000000000000e+00,-4.440133502382042630e-01,5.550166877977553703e-01,-4.283041015466765300e-01,5.710721353955686697e-01,7.327794155997675168e-05,1.144409179687500000e-04,1.694390626829223041e-09,0.000000000000000000e+00
1.000000000000000000e+00,6.017292022705078125e+01,2.473708915710449219e+01,8.250000000000000000e+00,3.000000000000000000e+00,5.775534782533284783e-01,-4.220583110312785546e-01,-4.440133502382042630e-01,5.550166877977553703e-01,1.842640936443857398e-04,7.327794155997675168e-05,1.231792595450356192e-08,0.000000000000000000e+00
1.000000000000000000e+00,6.017290496826171875e+01,2.473716354370117188e+01,8.250000000000000000e+00,3.000000000000000000e+00,-1.700231040995698883e-01,8.288626324854031502e-01,5.775534782533284783e-01,-4.220583110312785546e-01,7.593547530133965180e-05,1.842640936443857398e-04,1.173508955211334071e-08,0.000000000000000000e+00
1.000000000000000000e+00,6.017286300659179688e+01,2.473687362670898438e+01,8.250000000000000000e+00,3.000000000000000000e+00,-1.263986957934366828e-01,-8.733000800273807984e-01,-1.700231040995698883e-01,8.288626324854031502e-01,2.929379526481321505e-04,7.593547530133965180e-05,4.709007517464519794e-08,0.000000000000000000e+00
1.000000000000000000e+00,6.017285537719726562e+01,2.473625373840332031e+01,8.250000000000000000e+00,3.000000000000000000e+00,-1.215611753600282299e-02,-9.876845498002293500e-01,-1.263986957934366828e-01,-8.733000800273807984e-01,6.199352540063967059e-04,2.929379526481321505e-04,1.069272350955876886e-07,0.000000000000000000e+00
1.000000000000000000e+00,6.017196273803710938e+01,2.473409843444824219e+01,8.266666412353515625e+00,3.000000000000000000e+00,-2.928564742718909319e-01,-7.071107177932409726e-01,-1.215611753600282299e-02,-9.876845498002293500e-01,2.332839430612373630e-03,6.199352540063967059e-04,2.934040718234199836e-06,0.000000000000000000e+00
1.000000000000000000e+00,6.017197799682617188e+01,2.473199081420898438e+01,8.266666412353515625e+00,3.000000000000000000e+00,7.187442202183531685e-03,-9.927654541766003371e-01,-2.928564742718909319e-01,-7.071107177932409726e-01,2.107675473969560908e-03,2.332839430612373630e-03,5.069880737104644621e-08,0.000000000000000000e+00
1.000000000000000000e+00,6.017202758789062500e+01,2.473166847229003906e+01,8.266666412353515625e+00,3.000000000000000000e+00,1.332974942171035460e-01,-8.664337124111729516e-01,7.187442202183531685e-03,-9.927654541766003371e-01,3.261343072768340279e-04,2.107675473969560908e-03,3.173888928620882644e-06,0.000000000000000000e+00
1.000000000000000000e+00,6.017195510864257812e+01,2.473152351379394531e+01,8.266666412353515625e+00,3.000000000000000000e+00,-3.331801032193362766e-01,-6.663602064386725532e-01,1.332974942171035460e-01,-8.664337124111729516e-01,1.620685255908813581e-04,3.261343072768340279e-04,2.691758072022268355e-08,0.000000000000000000e+00
1.000000000000000000e+00,6.017194747924804688e+01,2.473170661926269531e+01,8.266666412353515625e+00,3.000000000000000000e+00,-3.997903946935468800e-02,9.594969472645126229e-01,-3.331801032193362766e-01,-6.663602064386725532e-01,1.832643455423631814e-04,1.620685255908813581e-04,4.492627834156349081e-10,0.000000000000000000e+00
1.000000000000000000e+00,6.017209625244140625e+01,2.473136711120605469e+01,8.266666412353515625e+00,3.000000000000000000e+00,3.046251127769032951e-01,-6.951701291575486108e-01,-3.997903946935468800e-02,9.594969472645126229e-01,3.706739586027588780e-04,1.832643455423631814e-04,3.512236306744723679e-08,0.000000000000000000e+00
1.000000000000000000e+00,6.017329025268554688e+01,2.472956848144531250e+01,8.283333778381347656e+00,3.000000000000000000e+00,3.989669105440665775e-01,-6.009996751486498257e-01,3.046251127769032951e-01,-6.951701291575486108e-01,2.158866739573188885e-03,3.706739586027588780e-04,3.197633421914759685e-06,0.000000000000000000e+00
1.000000000000000000e+00,6.017297363281250000e+01,2.472852516174316406e+01,8.283333778381347656e+00,3.000000000000000000e+00,-2.328019557823571839e-01,-7.671245169454782298e-01,3.989669105440665775e-01,-6.009996751486498257e-01,1.090304611060286845e-03,2.158866739573188885e-03,1.141825022492023806e-06,0.000000000000000000e+00
1.000000000000000000e+00,6.017288208007812500e+01,2.472710037231445312e+01,8.283333778381347656e+00,3.000000000000000000e+00,-6.037337697646940476e-02,-9.395606791963050375e-01,-2.328019557823571839e-01,-7.671245169454782298e-01,1.427727851986497791e-03,1.090304611060286845e-03,1.138544435171478006e-07,0.000000000000000000e+00
1.000000000000000000e+00,6.017284011840820312e+01,2.472599792480468750e+01,8.283333778381347656e+00,3.000000000000000000e+00,-3.666346296438821595e-02,-9.632491633371086381e-01,-6.037337697646940476e-02,-9.395606791963050375e-01,1.103245799235628294e-03,1.427727851986497791e-03,1.052886025574180587e-07,0.000000000000000000e+00
1.000000000000000000e+00,6.017287063598632812e+01,2.472599220275878906e+01,8.283333778381347656e+00,3.000000000000000000e+00,8.397879434668192866e-01,-1.574602394000286232e-01,-3.666346296438821595e-02,-9.632491633371086381e-01,3.104938620777074072e-05,1.103245799235628294e-03,1.149605148109804280e-06,0.000000000000000000e+00
1.000000000000000000e+00,6.017262649536132812e+01,2.472555732727050781e+01,8.283333778381347656e+00,3.000000000000000000e+00,-3.594976178968843361e-01,-6.403551318788252011e-01,8.397879434668192866e-01,-1.574602394000286232e-01,4.987196959046697256e-04,3.104938620777074072e-05,2.187155185719934180e-07,0.000000000000000000e+00
1.000000000000000000e+00,6.017255783081054688e+01,2.472598457336425781e+01,8.300000190734863281e+00,3.000000000000000000e+00,-1.384336234278616407e-01,8.613647679955835912e-01,-3.594976178968843361e-01,-6.403551318788252011e-01,4.327286045070566703e-04,4.987196959046697256e-04,4.354824143848119791e-09,0.000000000000000000e+00
1.000000000000000000e+00,6.017263793945312500e+01,2.472613525390625000e+01,8.300000190734863281e+00,3.000000000000000000e+00,3.469571029375331239e-01,6.526097888586932516e-01,-1.384336234278616407e-01,8.613647679955835912e-01,1.706517516779982094e-04,4.327286045070566703e-04,6.868427678878395072e-08,0.000000000000000000e+00
1.000000000000000000e+00,6.017265701293945312e+01,2.472612380981445312e+01,8.300000190734863281e+00,3.000000000000000000e+00,6.229586889679896711e-01,-3.737752133807937804e-01,3.469571029375331239e-01,6.526097888586932516e-01,2.224331624925728127e-05,1.706517516779982094e-04,2.202506370640676777e-08,0.000000000000000000e+00
1.000000000000000000e+00,6.017276763916015625e+01,2.472586250305175781e+01,8.300000190734863281e+00,3.000000000000000000e+00,2.973559486381540662e-01,-7.023752579901224591e-01,6.229586889679896711e-01,-3.737752133807937804e-01,2.837593785892563174e-04,2.224331624925728127e-05,6.839065086181825909e-08,0.000000000000000000e+00
1.000000000000000000e+00,6.017277526855468750e+01,2.472577667236328125e+01,8.300000190734863281e+00,3.000000000000000000e+00,8.154540147867254951e-02,-9.173857666350662132e-01,2.973559486381540662e-01,-7.023752579901224591e-01,8.616910551511015274e-05,2.837593785892563174e-04,3.904191601351565425e-08,0.000000000000000000e+00
1.000000000000000000e+00,6.017277145385742188e+01,2.472573852539062500e+01,8.300000190734863281e+00,3.000000000000000000e+00,-9.069295804732400990e-02,-9.069295804732401267e-01,8.154540147867254951e-02,-9.173857666350662132e-01,3.833723305176120737e-05,8.616910551511015274e-05,2.287888023350078912e-09,0.000000000000000000e+00
1.000000000000000000e+00,6.017282485961914062e+01,2.472561264038085938e+01,8.316666603088378906e+00,3.000000000000000000e+00,2.977062937900440409e-01,-7.017362639336752750e-01,-9.069295804732400990e-02,-9.069295804732401267e-01,1.367450586619180350e-04,3.833723305176120737e-05,9.684100141319037808e-09,0.000000000000000000e+00
1.000000000000000000e+00,6.017283630371093750e+01,2.472561264038085938e+01,8.316666603088378906e+00,3.000000000000000000e+00,9.913375602204522741e-01,0.000000000000000000e+00,2.977062937900440409e-01,-7.017362639336752750e-01,1.144409179687500000e-05,1.367450586619180350e-04,1.570033229731461109e-08,0.000000000000000000e+00
1.000000000000000000e+00,6.017283248901367188e+01,2.472573471069335938e+01,8.316666603088378906e+00,3.000000000000000000e+00,-3.027897741740573009e-02,9.689272773569833630e-01,9.913375602204522741e-01,0.000000000000000000e+00,1.221299025999612528e-04,1.144409179687500000e-05,1.225134871313660615e-08,0.000000000000000000e+00
1.000000000000000000e+00,6.017284393310546875e+01,2.472569274902343750e+01,8.316666603088378906e+00,3.000000000000000000e+00,2.138852233714607920e-01,-7.842458190286895059e-01,-3.027897741740573009e-02,9.689272773569833630e-01,4.349424076458503410e-05,1.221299025999612528e-04,6.183567312287642627e-09,0.000000000000000000e+00
1.000000000000000000e+00,6.017284393310546875e+01,2.472569084167480469e+01,8.316666603088378906e+00,3.000000000000000000e+00,0.000000000000000000e+00,-9.501830432614539745e-01,2.138852233714607920e-01,-7.842458190286895059e-01,1.907348632812500000e-06,4.349424076458503410e-05,1.729469597179684380e-09,0.000000000000000000e+00
1.000000000000000000e+00,6.017263031005859375e+01,2.472258377075195312e+01,8.333333015441894531e+00,3.000000000000000000e+00,-6.432890712957718693e-02,-9.356409795900111348e-01,0.000000000000000000e+00,-9.501830432614539745e-01,3.114405966759282215e-03,1.907348632812500000e-06,9.687647647839184284e-06,0.000000000000000000e+00
1.000000000000000000e+00,6.017419815063476562e+01,2.472182083129882812e+01,8.333333015441894531e+00,3.000000000000000000e+00,6.726388988131767332e-01,-3.273181989358524002e-01,-6.432890712957718693e-02,-9.356409795900111348e-01,1.743617125812209649e-03,3.114405966759282215e-03,1.879062046465018656e-06,0.000000000000000000e+00
1.000000000000000000e+00,6.017483139038085938e+01,2.472019767761230469e+01,8.333333015441894531e+00,3.000000000000000000e+00,2.806299973846095863e-01,-7.193256860671769504e-01,6.726388988131767332e-01,-3.273181989358524002e-01,1.742303207282676868e-03,1.743617125812209649e-03,1.726381902249585982e-12,0.000000000000000000e+00
1.000000000000000000e+00,6.017513275146484375e+01,2.472026062011718750e+01,8.333333015441894531e+00,3.000000000000000000e+00,8.269981229361895725e-01,1.727274560562927497e-01,2.806299973846095863e-01,-7.193256860671769504e-01,3.078640314508344824e-04,1.742303207282676868e-03,2.057615749161135163e-06,0.000000000000000000e+00
1.000000000000000000e+00,6.017668914794921875e+01,2.471710586547851562e+01,8.333333015441894531e+00,3.000000000000000000e+00,3.303573602267336207e-01,-6.696214139889919981e-01,8.269981229361895725e-01,1.727274560562927497e-01,3.517790051551765267e-03,3.078640314508344824e-04,1.030362505452099933e-05,0.000000000000000000e+00
1.000000000000000000e+00,6.017652893066406250e+01,2.471467018127441406e+01,8.350000381469726562e+00,3.000000000000000000e+00,-6.171694655000200397e-02,-9.382445326708637179e-01,3.303573602267336207e-01,-6.696214139889919981e-01,2.440947996286013059e-03,3.517790051551765267e-03,1.159588811988969250e-06,0.000000000000000000e+00
1.000000000000000000e+00,6.017590713500976562e+01,2.471216392517089844e+01,8.350000381469726562e+00,3.000000000000000000e+00,-1.987741332382459147e-01,-8.011938990032365648e-01,-6.171694655000200397e-02,-9.382445326708637179e-01,2.582237303601627159e-03,2.440947996286013059e-03,1.996266836172604369e-08,0.000000000000000000e+00
1.000000000000000000e+00,6.017575836181640625e+01,2.471191787719726562e+01,8.350000381469726562e+00,3.000000000000000000e+00,-3.767161798200552858e-01,-6.230306050870145773e-01,-1.987741332382459147e-01,-8.011938990032365648e-01,2.875292478882090553e-04,2.582237303601627159e-03,5.265685060956056098e-06,0.000000000000000000e+00
1.000000000000000000e+00,6.017459106445312500e+01,2.471111106872558594e+01,8.350000381469726562e+00,3.000000000000000000e+00,-5.912743963216716692e-01,-4.086749503988024723e-01,-3.767161798200552858e-01,-6.230306050870145773e-01,1.418986625834603010e-03,2.875292478882090553e-04,1.280195798109329129e-06,0.000000000000000000e+00
1.000000000000000000e+00,6.017394638061523438e+01,2.471094131469726562e+01,8.350000381469726562e+00,3.000000000000000000e+00,-7.914719065051715186e-01,-2.084053244939652882e-01,-5.912743963216716692e-01,-4.086749503988024723e-01,6.666585940107268770e-04,1.418986625834603010e-03,5.659974674679871683e-07,0.000000000000000000e+00
1.000000000000000000e+00,6.017319869995117188e+01,2.471103286743164062e+01,8.350000381469726562e+00,3.000000000000000000e+00,-8.908029460693207557e-01,1.090779117635903017e-01,-7.914719065051715186e-01,-2.084053244939652882e-01,7.532650785642995214e-04,6.666585940107268770e-04,7.500683166728217007e-09,0.000000000000000000e+00
1.000000000000000000e+00,6.017245483398437500e+01,2.471114349365234375e+01,8.366666793823242188e+00,3.000000000000000000e+00,-8.704338486558830246e-01,1.294491364667723632e-01,-8.908029460693207557e-01,1.090779117635903017e-01,7.520470312857474755e-04,7.532650785642995214e-04,1.483639172788045185e-12,0.000000000000000000e+00
1.000000000000000000e+00,6.017216873168945312e+01,2.471033096313476562e+01,8.366666793823242188e+00,3.000000000000000000e+00,-2.603929651203303886e-01,-7.395160209417382946e-01,-8.704338486558830246e-01,1.294491364667723632e-01,8.614292571972112641e-04,7.520470312857474755e-04,1.196447134534649959e-08,0.000000000000000000e+00
1.000000000000000000e+00,6.017184066772460938e+01,2.470920181274414062e+01,8.366666793823242188e+00,3.000000000000000000e+00,-2.251154417114261674e-01,-7.748159389137458941e-01,-2.603929651203303886e-01,-7.395160209417382946e-01,1.175842918793829073e-03,8.614292571972112641e-04,9.885595059859250526e-08,0.000000000000000000e+00
1.000000000000000000e+00,6.017132186889648438e+01,2.470838356018066406e+01,8.366666793823242188e+00,3.000000000000000000e+00,-3.879881002132546941e-01,-6.119371139392877357e-01,-2.251154417114261674e-01,-7.748159389137458941e-01,9.688598875481630856e-04,1.175842918793829073e-03,4.284197522364434184e-08,0.000000000000000000e+00
1.000000000000000000e+00,6.017067718505859375e+01,2.470796585083007812e+01,8.366666793823242188e+00,3.000000000000000000e+00,-6.067651490688554805e-01,-3.931407326807080937e-01,-3.879881002132546941e-01,-6.119371139392877357e-01,7.681785940810322011e-04,9.688598875481630856e-04,4.027298154764071143e-08,0.000000000000000000e+00
1.000000000000000000e+00,6.017041397094726562e+01,2.470742607116699219e+01,8.366666793823242188e+00,3.000000000000000000e+00,-3.277501578444760311e-01,-6.721253236955558874e-01,-6.067651490688554805e-01,-3.931407326807080937e-01,6.005362212917908114e-04,7.681785940810322011e-04,2.810396515440698276e-08,0.000000000000000000e+00
1.000000000000000000e+00,6.017085647583007812e+01,2.470676040649414062e+01,8.383333206176757812e+00,3.000000000000000000e+00,3.992755016602040352e-01,-6.006342675836690015e-01,-3.277501578444760311e-01,-6.721253236955558874e-01,7.993247325058083080e-04,6.005362212917908114e-04,3.951687219068556055e-08,0.000000000000000000e+00
1.000000000000000000e+00,6.017060089111328125e+01,2.470609092712402344e+01,8.383333206176757812e+00,3.000000000000000000e+00,-2.762587960470800352e-01,-7.236331150188439754e-01,3.992755016602040352e-01,-6.006342675836690015e-01,7.166074060967029960e-04,7.993247325058083080e-04,6.842156088270470837e-09,0.000000000000000000e+00
1.000000000000000000e+00,6.017078781127929688e+01,2.470536041259765625e+01,8.383333206176757812e+00,3.000000000000000000e+00,2.037199983470907860e-01,-7.961710139483241244e-01,-2.762587960470800352e-01,-7.236331150188439754e-01,7.540494822601399340e-04,7.166074060967029960e-04,1.401909067428612456e-09,0.000000000000000000e+00
1.000000000000000000e+00,6.017094421386718750e+01,2.470508384704589844e+01,8.383333206176757812e+00,3.000000000000000000e+00,3.611500675565554874e-01,-6.386190218987870537e-01,2.037199983470907860e-01,-7.961710139483241244e-01,3.177267283657261854e-04,7.540494822601399340e-04,1.903775455660051531e-07,0.000000000000000000e+00
1.000000000000000000e+00,6.017093658447265625e+01,2.470504760742187500e+01,8.383333206176757812e+00,3.000000000000000000e+00,-1.735175080553767735e-01,-8.242081632630396948e-01,3.611500675565554874e-01,-6.386190218987870537e-01,3.703401153363723649e-05,3.177267283657261854e-04,7.878840128257927292e-08,0.000000000000000000e+00
1.000000000000000000e+00,6.017093658447265625e+01,2.470501327514648438e+01,8.383333206176757812e+00,3.000000000000000000e+00,0.000000000000000000e+00,-9.970957481355637864e-01,-1.735175080553767735e-01,-8.242081632630396948e-01,3.433227539062500000e-05,3.703401153363723649e-05,7.299378186458636262e-12,0.000000000000000000e+00
1.000000000000000000e+00,6.017094421386718750e+01,2.470505714416503906e+01,8.399999618530273438e+00,3.000000000000000000e+00,1.478610305038488837e-01,8.502009253971309910e-01,0.000000000000000000e+00,-9.970957481355637864e-01,4.452750217410565275e-05,3.433227539062500000e-05,1.039426491666012607e-10,0.000000000000000000e+00
1.000000000000000000e+00,6.017097091674804688e+01,2.470530509948730469e+01,8.399999618530273438e+00,3.000000000000000000e+00,9.718683757451508642e-02,9.024492060490687528e-01,1.478610305038488837e-01,8.502009253971309910e-01,2.493890247906670036e-04,4.452750217410565275e-05,4.196824344877587991e-08,0.000000000000000000e+00
1.000000000000000000e+00,6.017099761962890625e+01,2.470505332946777344e+01,8.399999618530273438e+00,3.000000000000000000e+00,9.585598894196548092e-02,-9.037850385956744947e-01,9.718683757451508642e-02,9.024492060490687528e-01,2.531821213690966469e-04,2.493890247906670036e-04,1.438758165329466655e-11,0.000000000000000000e+00
1.000000000000000000e+00,6.017102050781250000e+01,2.470503425598144531e+01,8.399999618530273438e+00,3.000000000000000000e+00,5.441577482839441426e-01,-4.534647902366200634e-01,9.585598894196548092e-02,-9.037850385956744947e-01,2.979373808252965537e-05,2.531821213690966469e-04,4.990236978738616521e-08,0.000000000000000000e+00
1.000000000000000000e+00,6.017091751098632812e+01,2.470512008666992188e+01,8.399999618530273438e+00,3.000000000000000000e+00,-5.451658344393872646e-01,4.543048620328227760e-01,5.441577482839441426e-01,-4.534647902366200634e-01,1.340718213713834627e-04,2.979373808252965537e-05,1.087391865439713167e-08,0.000000000000000000e+00
1.000000000000000000e+00,6.017096710205078125e+01,2.470533943176269531e+01,8.399999618530273438e+00,3.000000000000000000e+00,1.843286232019848703e-01,8.152996795472408076e-01,-5.451658344393872646e-01,4.543048620328227760e-01,2.248811761739561376e-04,1.340718213713834627e-04,8.246338919659529180e-09,0.000000000000000000e+00
1.000000000000000000e+00,6.017045593261718750e+01,2.470595359802246094e+01,8.816666603088378906e+00,3.000000000000000000e+00,0.000000000000000000e+00,0.000000000000000000e+00,1.843286232019848703e-01,8.152996795472408076e-01,0.000000000000000000e+00,2.248811761739561376e-04,5.057154339738189512e-08,0.000000000000000000e+00
1.000000000000000000e+00,6.017049407958984375e+01,2.470630073547363281e+01,8.816666603088378906e+00,3.000000000000000000e+00,9.898420978545544036e-02,9.007563090476445877e-01,0.000000000000000000e+00,0.000000000000000000e+00,3.492271489001715665e-04,0.000000000000000000e+00,1.219596015289426115e-07,0.000000000000000000e+00
1.000000000000000000e+00,6.017050552368164062e+01,2.470736694335937500e+01,8.816666603088378906e+00,3.000000000000000000e+00,1.061848369140219392e-02,9.892887305823044874e-01,9.898420978545544036e-02,9.007563090476445877e-01,1.066269301281754433e-03,3.492271489001715665e-04,5.141494482920130114e-07,0.000000000000000000e+00
1.000000000000000000e+00,6.017053985595703125e+01,2.470771789550781250e+01,8.833333015441894531e+00,3.000000000000000000e+00,8.908578880690989910e-02,9.106547300261901290e-01,1.061848369140219392e-02,9.892887305823044874e-01,3.526274459346503140e-04,1.066269301281754433e-03,5.092846977032570553e-07,0.000000000000000000e+00
1.000000000000000000e+00,6.017183685302734375e+01,2.470932388305664062e+01,8.833333015441894531e+00,3.000000000000000000e+00,4.467651620490617481e-01,5.532003918313382895e-01,8.908578880690989910e-02,9.106547300261901290e-01,2.064315239344557355e-03,3.526274459346503140e-04,2.929875102108477175e-06,0.000000000000000000e+00
1.000000000000000000e+00,6.017147064208984375e+01,2.470965385437011719e+01,8.833333015441894531e+00,3.000000000000000000e+00,-5.259518492484551722e-01,4.739045308332434647e-01,4.467651620490617481e-01,5.532003918313382895e-01,4.929416988469090483e-04,2.064315239344557355e-03,2.469214803776114715e-06,0.000000000000000000e+00
1.000000000000000000e+00,6.017226409912109375e+01,2.471058845520019531e+01,8.833333015441894531e+00,3.000000000000000000e+00,4.591345785044265715e-01,5.408075564114640521e-01,-5.259518492484551722e-01,4.739045308332434647e-01,1.225990526889495945e-03,4.929416988469090483e-04,5.373605842946101191e-07,0.000000000000000000e+00
1.000000000000000000e+00,6.017336273193359375e+01,2.471089553833007812e+01,8.833333015441894531e+00,3.000000000000000000e+00,7.814912175756471013e-01,2.184376493570819311e-01,4.591345785044265715e-01,5.408075564114640521e-01,1.140742786679049955e-03,1.225990526889495945e-03,7.267177210987689947e-09,0.000000000000000000e+00
1.000000000000000000e+00,6.017412185668945312e+01,2.471058654785156250e+01,8.833333015441894531e+00,3.000000000000000000e+00,7.106477528412424860e-01,-2.892586330660333882e-01,7.814912175756471013e-01,2.184376493570819311e-01,8.196008240429426871e-04,1.140742786679049955e-03,1.031321601657709103e-07,0.000000000000000000e+00
1.000000000000000000e+00,6.017493057250976562e+01,2.471001625061035156e+01,8.850000381469726562e+00,3.000000000000000000e+00,5.864028431571461919e-01,-4.135246464716667569e-01,7.106477528412424860e-01,-2.892586330660333882e-01,9.895757784811258333e-04,8.196008240429426871e-04,2.889148513626243790e-08,0.000000000000000000e+00
1.000000000000000000e+00,6.017528533935546875e+01,2.471022605895996094e+01,8.850000381469726562e+00,3.000000000000000000e+00,6.282670969933282779e-01,3.715558100498178029e-01,5.864028431571461919e-01,-4.135246464716667569e-01,4.121638732057367259e-04,9.895757784811258333e-04,3.334045083537548421e-07,0.000000000000000000e+00
1.000000000000000000e+00,6.017577362060546875e+01,2.471219635009765625e+01,8.850000381469726562e+00,3.000000000000000000e+00,1.985954909827171433e-01,8.013638366607296337e-01,6.282670969933282779e-01,3.715558100498178029e-01,2.029893038162910394e-03,4.121638732057367259e-04,2.617047651153034132e-06,0.000000000000000000e+00
1.000000000000000000e+00,6.017577362060546875e+01,2.471219635009765625e+01,8.850000381469726562e+00,3.000000000000000000e+00,0.000000000000000000e+00,0.000000000000000000e+00,1.985954909827171433e-01,8.013638366607296337e-01,0.000000000000000000e+00,2.029893038162910394e-03,4.120465746382250535e-06,0.000000000000000000e+00
1.000000000000000000e+00,6.017642211914062500e+01,2.471473693847656250e+01,8.850000381469726562e+00,3.000000000000000000e+00,2.033429060857927240e-01,7.966257379596349830e-01,0.000000000000000000e+00,0.000000000000000000e+00,2.622048752623278023e-03,0.000000000000000000e+00,6.875139661133288490e-06,0.000000000000000000e+00
1.000000000000000000e+00,6.017486953735351562e+01,2.472056198120117188e+01,8.850000381469726562e+00,3.000000000000000000e+00,-2.104418218169111510e-01,7.895446238683619944e-01,2.033429060857927240e-01,7.966257379596349830e-01,6.028402188738600682e-03,2.622048752623278023e-03,1.160324373173466519e-05,0.000000000000000000e+00
1.000000000000000000e+00,6.017361450195312500e+01,2.472220420837402344e+01,8.866666793823242188e+00,3.000000000000000000e+00,-4.331647726733156567e-01,5.668007131789130071e-01,-2.104418218169111510e-01,7.895446238683619944e-01,2.066887501410198408e-03,6.028402188738600682e-03,1.569359861791864570e-05,0.000000000000000000e+00
1.000000000000000000e+00,6.017361450195312500e+01,2.472220420837402344e+01,8.866666793823242188e+00,3.000000000000000000e+00,0.000000000000000000e+00,0.000000000000000000e+00,-4.331647726733156567e-01,5.668007131789130071e-01,0.000000000000000000e+00,2.066887501410198408e-03,4.272023943485692990e-06,0.000000000000000000e+00
1.000000000000000000e+00,6.017236709594726562e+01,2.472281455993652344e+01,8.866666793823242188e+00,3.000000000000000000e+00,-6.714217640273286714e-01,3.285244105332494891e-01,0.000000000000000000e+00,0.000000000000000000e+00,1.388722712891321065e-03,0.000000000000000000e+00,1.928550773300230503e-06,0.000000000000000000e+00
1.000000000000000000e+00,6.017274475097656250e+01,2.472280502319335938e+01,8.866666793823242188e+00,3.000000000000000000e+00,9.751176145498043901e-01,-2.462418218560111921e-02,-6.714217640273286714e-01,3.285244105332494891e-01,3.777754235301719870e-04,1.388722712891321065e-03,1.022014421866654916e-06,0.000000000000000000e+00
1.000000000000000000e+00,6.017250061035156250e+01,2.472552108764648438e+01,8.866666793823242188e+00,3.000000000000000000e+00,-8.247144079982254850e-02,9.174947788980258867e-01,9.751176145498043901e-01,-2.462418218560111921e-02,2.727014990480359450e-03,3.777754235301719870e-04,5.518926542924304947e-06,0.000000000000000000e+00
1.000000000000000000e+00,6.017278289794921875e+01,2.472787857055664062e+01,8.866666793823242188e+00,3.000000000000000000e+00,1.069323653644528860e-01,8.930297539896200343e-01,-8.247144079982254850e-02,9.174947788980258867e-01,2.374323474059362310e-03,2.727014990480359450e-03,1.243913057553424909e-07,0.000000000000000000e+00
1.000000000000000000e+00,6.017298126220703125e+01,2.472921371459960938e+01,8.883333206176757812e+00,3.000000000000000000e+00,1.293447992629208898e-01,8.705899950388906738e-01,1.069323653644528860e-01,8.930297539896200343e-01,1.349799242203240804e-03,2.374323474059362310e-03,1.049649901660375834e-06,0.000000000000000000e+00
1.000000000000000000e+00,6.017303848266601562e+01,2.472951316833496094e+01,8.883333206176757812e+00,3.000000000000000000e+00,1.603828412839085338e-01,8.393368693857879981e-01,1.293447992629208898e-01,8.705899950388906738e-01,3.048716460125246858e-04,1.349799242203240804e-03,1.091873681280908320e-06,0.000000000000000000e+00
1.000000000000000000e+00,6.017297744750976562e+01,2.472990989685058594e+01,8.883333206176757812e+00,3.000000000000000000e+00,-1.333042125837470282e-01,8.664773817943557388e-01,1.603828412839085338e-01,8.393368693857879981e-01,4.013960704945649825e-04,3.048716460125246858e-04,9.316964521589099906e-09,0.000000000000000000e+00
1.000000000000000000e+00,6.017280197143554688e+01,2.473024177551269531e+01,8.883333206176757812e+00,3.000000000000000000e+00,-3.457965049030216065e-01,6.540064331861495939e-01,-1.333042125837470282e-01,8.664773817943557388e-01,3.754135040015648805e-04,4.013960704945649825e-04,6.750937615631715849e-10,0.000000000000000000e+00
1.000000000000000000e+00,6.017226028442382812e+01,2.473175430297851562e+01,8.883333206176757812e+00,3.000000000000000000e+00,-2.636826141475946406e-01,7.362687078135300434e-01,-3.457965049030216065e-01,6.540064331861495939e-01,1.606600184714792635e-03,3.754135040015648805e-04,1.515820642765655398e-06,0.000000000000000000e+00
1.000000000000000000e+00,6.017218399047851562e+01,2.473210716247558594e+01,8.883333206176757812e+00,3.000000000000000000e+00,-1.777363622036146618e-01,8.220306751917177968e-01,-2.636826141475946406e-01,7.362687078135300434e-01,3.610132833623447453e-04,1.606600184714792635e-03,1.551486728820792734e-06,0.000000000000000000e+00
1.000000000000000000e+00,6.017195892333984375e+01,2.473442840576171875e+01,8.899999618530273438e+00,3.000000000000000000e+00,-8.838604196695350190e-02,9.115746870659526824e-01,-1.777363622036146618e-01,8.220306751917177968e-01,2.332128986640019403e-03,3.610132833623447453e-04,3.885297115707842253e-06,0.000000000000000000e+00
1.000000000000000000e+00,6.017237854003906250e+01,2.473558425903320312e+01,8.899999618530273438e+00,3.000000000000000000e+00,2.663269210643109952e-01,7.336096098407839383e-01,-8.838604196695350190e-02,9.115746870659526824e-01,1.229664571931862651e-03,2.332128986640019403e-03,1.215427785697798590e-06,0.000000000000000000e+00
1.000000000000000000e+00,6.017272949218750000e+01,2.473591423034667969e+01,8.899999618530273438e+00,3.000000000000000000e+00,5.153304813480659163e-01,4.845226808326923429e-01,2.663269210643109952e-01,7.336096098407839383e-01,4.817141042260906516e-04,1.229664571931862651e-03,5.594299021412830202e-07,0.000000000000000000e+00
1.000000000000000000e+00,6.017284011840820312e+01,2.473643112182617188e+01,8.899999618530273438e+00,3.000000000000000000e+00,1.762637042720409386e-01,8.235769630641912586e-01,5.153304813480659163e-01,4.845226808326923429e-01,5.285971644633359699e-04,4.817141042260906516e-04,2.198021337209172848e-09,0.000000000000000000e+00
1.000000000000000000e+00,6.017278671264648438e+01,2.473702239990234375e+01,8.899999618530273438e+00,3.000000000000000000e+00,-8.282738893310978567e-02,9.170175203308582601e-01,1.762637042720409386e-01,8.235769630641912586e-01,5.936850501286633107e-04,5.285971644633359699e-04,4.236432860382724415e-09,0.000000000000000000e+00
1.000000000000000000e+00,6.017285537719726562e+01,2.473689079284667969e+01,8.899999618530273438e+00,3.000000000000000000e+00,3.426860322148020388e-01,-6.568148950783706530e-01,-8.282738893310978567e-02,9.170175203308582601e-01,1.484427082566014920e-04,5.936850501286633107e-04,1.982407429957179595e-07,0.000000000000000000e+00
1.000000000000000000e+00,6.017289733886718750e+01,2.473670387268066406e+01,8.916666984558105469e+00,3.000000000000000000e+00,1.832532687585242681e-01,-8.163100153788808155e-01,3.426860322148020388e-01,-6.568148950783706530e-01,1.915722584455828751e-04,1.484427082566014920e-04,1.860158099503864027e-09,0.000000000000000000e+00
1.000000000000000000e+00,6.017292785644531250e+01,2.473669242858886719e+01,8.916666984558105469e+00,3.000000000000000000e+00,7.255436643785920792e-01,-2.720788741419720713e-01,1.832532687585242681e-01,-8.163100153788808155e-01,3.259278772475254201e-05,1.915722584455828751e-04,2.527447211067534663e-08,0.000000000000000000e+00
1.000000000000000000e+00,6.017305374145507812e+01,2.473662757873535156e+01,8.916666984558105469e+00,3.000000000000000000e+00,6.596541512443523381e-01,-3.398218354895148896e-01,7.255436643785920792e-01,-2.720788741419720713e-01,1.416069884740492617e-04,3.259278772475254201e-05,1.188409596500796374e-08,0.000000000000000000e+00
1.000000000000000000e+00,6.017396163940429688e+01,2.473680686950683594e+01,8.916666984558105469e+00,3.000000000000000000e+00,8.350109147013250466e-01,1.648971134074045386e-01,6.596541512443523381e-01,-3.398218354895148896e-01,9.254317192181572491e-04,1.416069884740492617e-04,6.143812085260734371e-07,0.000000000000000000e+00
1.000000000000000000e+00,6.017395019531250000e+01,2.473685836791992188e+01,8.916666984558105469e+00,3.000000000000000000e+00,-1.815297761113398023e-01,8.168839925010291658e-01,8.350109147013250466e-01,1.648971134074045386e-01,5.275465654731495137e-05,9.254317192181572491e-04,7.615652557118093276e-07,0.000000000000000000e+00
1.000000000000000000e+00,6.017424392700195312e+01,2.473709869384765625e+01,8.916666984558105469e+00,3.000000000000000000e+00,5.498970341370594817e-01,4.499157552030486618e-01,-1.815297761113398023e-01,8.168839925010291658e-01,3.795192444796114512e-04,5.275465654731495137e-05,1.067750959265635329e-07,0.000000000000000000e+00
1.000000000000000000e+00,6.017492675781250000e+01,2.473764610290527344e+01,8.933333396911621094e+00,3.000000000000000000e+00,5.549936470528331611e-01,4.449250745926344175e-01,5.498970341370594817e-01,4.499157552030486618e-01,8.751654656083268646e-04,3.795192444796114512e-04,2.456651765191754245e-07,0.000000000000000000e+00
1.000000000000000000e+00,6.017492675781250000e+01,2.473764610290527344e+01,8.933333396911621094e+00,3.000000000000000000e+00,0.000000000000000000e+00,0.000000000000000000e+00,5.549936470528331611e-01,4.449250745926344175e-01,0.000000000000000000e+00,8.751654656083268646e-04,7.659145921934396029e-07,0.000000000000000000e+00
1.000000000000000000e+00,6.017483520507812500e+01,2.474058532714843750e+01,8.933333396911621094e+00,3.000000000000000000e+00,-3.020668112017425508e-02,9.697603251289276249e-01,0.000000000000000000e+00,0.000000000000000000e+00,2.940649767445095795e-03,0.000000000000000000e+00,8.647421054774895310e-06,0.000000000000000000e+00
1.000000000000000000e+00,6.017489624023437500e+01,2.474117088317871094e+01,8.933333396911621094e+00,3.000000000000000000e+00,9.438068358117009116e-02,9.054646831068505763e-01,-3.020668112017425508e-02,9.697603251289276249e-01,5.887284220148104180e-04,2.940649767445095795e-03,5.531534015090603449e-06,0.000000000000000000e+00
1.000000000000000000e+00,6.017530822753906250e+01,2.474283027648925781e+01,8.933333396911621094e+00,3.000000000000000000e+00,1.988854260366256232e-01,8.010662993141864918e-01,9.438068358117009116e-02,9.054646831068505763e-01,1.709771826388359990e-03,5.887284220148104180e-04,1.256738314489437701e-06,0.000000000000000000e+00
1.000000000000000000e+00,6.017530059814453125e+01,2.474308013916015625e+01,8.933333396911621094e+00,3.000000000000000000e+00,-2.961812708991428192e-02,9.699936621946927406e-01,1.988854260366256232e-01,8.010662993141864918e-01,2.499791230671360716e-04,1.709771826388359990e-03,2.130994736669886568e-06,0.000000000000000000e+00
1.000000000000000000e+00,6.017692565917968750e+01,2.474232864379882812e+01,8.949999809265136719e+00,3.000000000000000000e+00,6.837593509773191025e-01,-3.161985731045348635e-01,-2.961812708991428192e-02,9.699936621946927406e-01,1.790410189336731931e-03,2.499791230671360716e-04,2.372927869928484012e-06,0.000000000000000000e+00
1.000000000000000000e+00,6.017692565917968750e+01,2.474232864379882812e+01,8.949999809265136719e+00,3.000000000000000000e+00,0.000000000000000000e+00,0.000000000000000000e+00,6.837593509773191025e-01,-3.161985731045348635e-01,0.000000000000000000e+00,1.790410189336731931e-03,3.205568646080792374e-06,0.000000000000000000e+00
1.000000000000000000e+00,6.017842483520507812e+01,2.474154853820800781e+01,8.949999809265136719e+00,3.000000000000000000e+00,6.577117296763742571e-01,-3.422443987756196848e-01,0.000000000000000000e+00,0.000000000000000000e+00,1.689998073352493631e-03,0.000000000000000000e+00,2.856093487935140305e-06,0.000000000000000000e+00
1.000000000000000000e+00,6.017961502075195312e+01,2.474284934997558594e+01,8.949999809265136719e+00,3.000000000000000000e+00,4.777756131684015029e-01,5.221842438795669672e-01,6.577117296763742571e-01,-3.422443987756196848e-01,1.763137229673251679e-03,1.689998073352493631e-03,5.349336187312281990e-09,0.000000000000000000e+00
1.000000000000000000e+00,6.017961502075195312e+01,2.474284934997558594e+01,8.949999809265136719e+00,3.000000000000000000e+00,0.000000000000000000e+00,0.000000000000000000e+00,4.777756131684015029e-01,5.221842438795669672e-01,0.000000000000000000e+00,1.763137229673251679e-03,3.108652890659868717e-06,0.000000000000000000e+00
1.000000000000000000e+00,6.018171691894531250e+01,2.474664688110351562e+01,8.949999809265136719e+00,3.000000000000000000e+00,3.562823538776996313e-01,6.437006956175135297e-01,0.000000000000000000e+00,0.000000000000000000e+00,4.340416878923305383e-03,0.000000000000000000e+00,1.883921868284232576e-05,0.000000000000000000e+00
1.000000000000000000e+00,6.018171310424804688e+01,2.474904632568359375e+01,8.966666221618652344e+00,3.000000000000000000e+00,-1.587235542178735276e-03,9.983711560304244781e-01,3.562823538776996313e-01,6.437006956175135297e-01,2.399447612426976618e-03,4.340416878923305383e-03,3.767361693483296652e-06,0.000000000000000000e+00
1.000000000000000000e+00,6.018162155151367188e+01,2.474949645996093750e+01,8.966666221618652344e+00,3.000000000000000000e+00,-1.689828888377384042e-01,8.308325367855471377e-01,-1.587235542178735276e-03,9.983711560304244781e-01,4.593503791348379161e-04,2.399447612426976618e-03,3.763977274627810891e-06,0.000000000000000000e+00
1.000000000000000000e+00,6.018139266967773438e+01,2.475240325927734375e+01,8.966666221618652344e+00,3.000000000000000000e+00,-7.299037299411945123e-02,9.269777370253169391e-01,-1.689828888377384042e-01,8.308325367855471377e-01,2.915796488214148809e-03,4.593503791348379161e-04,6.034127486810885321e-06,0.000000000000000000e+00
1.000000000000000000e+00,6.018088912963867188e+01,2.475758552551269531e+01,8.966666221618652344e+00,3.000000000000000000e+00,-8.855932805793395590e-02,9.114230845962368877e-01,-7.299037299411945123e-02,9.269777370253169391e-01,5.206672248663624276e-03,2.915796488214148809e-03,5.248111749814962526e-06,0.000000000000000000e+00
1.000000000000000000e+00,6.018087387084960938e+01,2.475942230224609375e+01,8.966666221618652344e+00,3.000000000000000000e+00,-8.238484105215802128e-03,9.917075241653522388e-01,-8.855932805793395590e-02,9.114230845962368877e-01,1.836840112529527971e-03,5.206672248663624276e-03,1.135576862572208604e-05,0.000000000000000000e+00
1.000000000000000000e+00,6.018087387084960938e+01,2.475942230224609375e+01,8.966666221618652344e+00,3.000000000000000000e+00,0.000000000000000000e+00,0.000000000000000000e+00,-8.238484105215802128e-03,9.917075241653522388e-01,0.000000000000000000e+00,1.836840112529527971e-03,3.373981598997489041e-06,0.000000000000000000e+00
1.000000000000000000e+00,6.018027496337890625e+01,2.475979042053222656e+01,8.983333587646484375e+00,3.000000000000000000e+00,-6.192653504157714650e-01,3.806312504147894571e-01,0.000000000000000000e+00,0.000000000000000000e+00,7.029944744088488734e-04,0.000000000000000000e+00,4.942012310493736400e-07,0.000000000000000000e+00
1.000000000000000000e+00,6.018026733398437500e+01,2.476001930236816406e+01,8.983333587646484375e+00,3.000000000000000000e+00,-3.224443115457970022e-02,9.673329346373910065e-01,-6.192653504157714650e-01,3.806312504147894571e-01,2.290089572113591671e-04,7.029944744088488734e-04,2.246622705129718121e-07,0.000000000000000000e+00
1.000000000000000000e+00,6.018031692504882812e+01,2.476016998291015625e+01,8.983333587646484375e+00,3.000000000000000000e+00,2.474954677106903644e-01,7.520054595824823274e-01,-3.224443115457970022e-02,9.673329346373910065e-01,1.586313317369975788e-04,2.290089572113591671e-04,4.953010167409509556e-09,0.000000000000000000e+00
1.000000000000000000e+00,6.018032073974609375e+01,2.476037216186523438e+01,8.983333587646484375e+00,3.000000000000000000e+00,1.850953303143149792e-02,9.810052506658692995e-01,2.474954677106903644e-01,7.520054595824823274e-01,2.022149395858546621e-04,1.586313317369975788e-04,1.899530873122956610e-09,0.000000000000000000e+00
1.000000000000000000e+00,6.018019485473632812e+01,2.476042556762695312e+01,8.983333587646484375e+00,3.000000000000000000e+00,-7.017362639336752750e-01,2.977062937900440409e-01,1.850953303143149792e-02,9.810052506658692995e-01,1.367450586619180350e-04,2.022149395858546621e-04,4.286305308194440759e-09,0.000000000000000000e+00
1.000000000000000000e+00,6.018025207519531250e+01,2.476035308837890625e+01,8.983333587646484375e+00,3.000000000000000000e+00,4.408365803984353737e-01,-5.583930018380180993e-01,-7.017362639336752750e-01,2.977062937900440409e-01,9.234404325035251357e-05,1.367450586619180350e-04,1.971450169578079140e-09,0.000000000000000000e+00
1.000000000000000000e+00,6.018024063110351562e+01,2.476015853881835938e+01,9.000000000000000000e+00,3.000000000000000000e+00,-5.552859909429449375e-02,-9.439861846030063175e-01,4.408365803984353737e-01,-5.583930018380180993e-01,1.948858608161132980e-04,9.234404325035251357e-05,1.051482434968976718e-08,0.000000000000000000e+00
1.000000000000000000e+00,6.018038177490234375e+01,2.476011657714843750e+01,9.000000000000000000e+00,3.000000000000000000e+00,7.704125853400596302e-01,-2.290415794254231363e-01,-5.552859909429449375e-02,-9.439861846030063175e-01,1.472492909669401704e-04,1.948858608161132980e-04,2.269242786995150344e-09,0.000000000000000000e+00
1.000000000000000000e+00,6.018036651611328125e+01,2.476008033752441406e+01,9.000000000000000000e+00,3.000000000000000000e+00,-2.957220610076977674e-01,-7.023398948932821906e-01,7.704125853400596302e-01,-2.290415794254231363e-01,3.932099938981686366e-05,1.472492909669401704e-04,1.164851612275654785e-08,0.000000000000000000e+00
1.000000000000000000e+00,6.018033981323242188e+01,2.476016044616699219e+01,9.000000000000000000e+00,3.000000000000000000e+00,-2.497661617831625491e-01,7.492984853494876196e-01,-2.957220610076977674e-01,-7.023398948932821906e-01,8.444192360373937393e-05,3.932099938981686366e-05,2.035897801918538820e-09,0.000000000000000000e+00
1.000000000000000000e+00,6.018009567260742188e+01,2.476000022888183594e+01,9.033333778381347656e+00,3.000000000000000000e+00,-6.036243051982435048e-01,-3.961284502863473000e-01,-2.497661617831625491e-01,7.492984853494876196e-01,2.920175050202123822e-04,8.444192360373937393e-05,4.308762200038681650e-08,0.000000000000000000e+00
1.000000000000000000e+00,6.018037033081054688e+01,2.476008224487304688e+01,9.033333778381347656e+00,3.000000000000000000e+00,7.698376381627609621e-01,2.298820725069355420e-01,-6.036243051982435048e-01,-3.961284502863473000e-01,2.866422009372771094e-04,2.920175050202123822e-04,2.889389398402061426e-11,0.000000000000000000e+00
1.000000000000000000e+00,6.018037033081054688e+01,2.476011466979980469e+01,9.033333778381347656e+00,3.000000000000000000e+00,0.000000000000000000e+00,9.969254350441855150e-01,7.698376381627609621e-01,2.298820725069355420e-01,3.242492675781250000e-05,2.866422009372771094e-04,6.462642249123708332e-08,0.000000000000000000e+00
1.000000000000000000e+00,6.018029022216796875e+01,2.476016998291015625e+01,9.050000190734863281e+00,3.000000000000000000e+00,-5.911127981032507916e-01,4.081493129760541128e-01,0.000000000000000000e+00,9.969254350441855150e-01,9.734954952373386895e-05,3.242492675781250000e-05,4.215206641297195276e-09,0.000000000000000000e+00
1.000000000000000000e+00,6.018051528930664062e+01,2.475999450683593750e+01,9.050000190734863281e+00,3.000000000000000000e+00,5.617645112418714337e-01,-4.379858901207810962e-01,-5.911127981032507916e-01,4.081493129760541128e-01,2.853893297465223385e-04,9.734954952373386895e-05,3.535895894623459295e-08,0.000000000000000000e+00
1.000000000000000000e+00,6.018071746826171875e+01,2.476005363464355469e+01,9.050000190734863281e+00,3.000000000000000000e+00,7.734266435707266574e-01,2.261908108555898966e-01,5.617645112418714337e-01,-4.379858901207810962e-01,2.106476382732491454e-04,2.853893297465223385e-04,5.586320444285958687e-09,0.000000000000000000e+00
1.000000000000000000e+00,6.018077468872070312e+01,2.475987052917480469e+01,9.050000190734863281e+00,3.000000000000000000e+00,2.379962074955274398e-01,-7.615878639856877852e-01,7.734266435707266574e-01,2.261908108555898966e-01,1.918379358013940167e-04,2.106476382732491454e-04,3.538049070797129443e-10,0.000000000000000000e+00
1.000000000000000000e+00,6.018080139160156250e+01,2.475988960266113281e+01,9.050000190734863281e+00,3.000000000000000000e+00,5.820617999293277167e-01,4.157584285209483532e-01,2.379962074955274398e-01,-7.615878639856877852e-01,3.281526667420435592e-05,1.918379358013940167e-04,2.528820929633564290e-08,0.000000000000000000e+00
1.000000000000000000e+00,6.018083572387695312e+01,2.475985336303710938e+01,9.050000190734863281e+00,3.000000000000000000e+00,4.857981131860376056e-01,-5.127868972519286084e-01,5.820617999293277167e-01,4.157584285209483532e-01,4.992009097405395650e-05,3.281526667420435592e-05,2.925750143287253657e-10,0.000000000000000000e+00
1.000000000000000000e+00,6.018083953857421875e+01,2.475995635986328125e+01,9.066666603088378906e+00,3.000000000000000000e+00,3.568088025473750702e-02,9.633837668779127172e-01,4.857981131860376056e-01,-5.127868972519286084e-01,1.030674445045951540e-04,4.992009097405395650e-05,2.824641187300329813e-09,0.000000000000000000e+00
1.000000000000000000e+00,6.018085479736328125e+01,2.475995826721191406e+01,9.066666603088378906e+00,3.000000000000000000e+00,8.837407260248211216e-01,1.104675907531026402e-01,3.568088025473750702e-02,9.633837668779127172e-01,1.537753629359922243e-05,1.030674445045951540e-04,7.689520002052892434e-09,0.000000000000000000e+00
1.000000000000000000e+00,6.018090438842773438e+01,2.475990486145019531e+01,9.066666603088378906e+00,3.000000000000000000e+00,4.810144627580546506e-01,-5.180155752779049827e-01,8.837407260248211216e-01,1.104675907531026402e-01,7.287968892876739153e-05,1.537753629359922243e-05,3.306497557678177634e-09,0.000000000000000000e+00
1.000000000000000000e+00,6.018088150024414062e+01,2.475983047485351562e+01,9.066666603088378906e+00,3.000000000000000000e+00,-2.350524800105102952e-01,-7.639205600341584246e-01,4.810144627580546506e-01,-5.180155752779049827e-01,7.782823853722826014e-05,7.287968892876739153e-05,2.448814322739821727e-11,0.000000000000000000e+00
1.000000000000000000e+00,6.018084716796875000e+01,2.475990676879882812e+01,9.066666603088378906e+00,3.000000000000000000e+00,-3.100645463433219784e-01,6.890323252073822236e-01,-2.350524800105102952e-01,-7.639205600341584246e-01,8.366284255775950965e-05,7.782823853722826014e-05,3.404260407639941945e-11,0.000000000000000000e+00
1.000000000000000000e+00,6.018090057373046875e+01,2.476084136962890625e+01,9.066666603088378906e+00,3.000000000000000000e+00,5.404858358614068881e-02,9.458502127574620610e-01,-3.100645463433219784e-01,6.890323252073822236e-01,9.361254653984582693e-04,8.366284255775950965e-05,7.266925233404433445e-07,0.000000000000000000e+00
1.000000000000000000e+00,6.018234252929687500e+01,2.476690864562988281e+01,9.083333015441894531e+00,3.000000000000000000e+00,1.920218269052683668e-01,8.079648563302362918e-01,5.404858358614068881e-02,9.458502127574620610e-01,6.236270835003569248e-03,9.361254653984582693e-04,2.809154093894650125e-05,0.000000000000000000e+00
1.000000000000000000e+00,6.018290710449218750e+01,2.476930236816406250e+01,9.083333015441894531e+00,3.000000000000000000e+00,1.908381654313296150e-01,8.091280324875631536e-01,1.920218269052683668e-01,8.079648563302362918e-01,2.459400886761199233e-03,6.236270835003569248e-03,1.426474660593632330e-05,0.000000000000000000e+00
1.000000000000000000e+00,6.018290710449218750e+01,2.476930236816406250e+01,9.083333015441894531e+00,3.000000000000000000e+00,0.000000000000000000e+00,0.000000000000000000e+00,1.908381654313296150e-01,8.091280324875631536e-01,0.000000000000000000e+00,2.459400886761199233e-03,6.048652721801772714e-06,0.000000000000000000e+00
1.000000000000000000e+00,6.018480682373046875e+01,2.477345466613769531e+01,9.083333015441894531e+00,3.000000000000000000e+00,3.138933321617606853e-01,6.860901446949327909e-01,0.000000000000000000e+00,0.000000000000000000e+00,4.566236048008365071e-03,0.000000000000000000e+00,2.085051164613105357e-05,0.000000000000000000e+00
1.000000000000000000e+00,6.018489074707031250e+01,2.477485084533691406e+01,9.083333015441894531e+00,3.000000000000000000e+00,5.669720030132067295e-02,9.432352413765165977e-01,3.138933321617606853e-01,6.860901446949327909e-01,1.398699211160726917e-03,4.566236048008365071e-03,1.003328961278674214e-05,0.000000000000000000e+00
1.000000000000000000e+00,6.018433761596679688e+01,2.477638053894042969e+01,9.100000381469726562e+00,3.000000000000000000e+00,-2.655550158142737094e-01,7.343969747691293515e-01,5.669720030132067295e-02,9.432352413765165977e-01,1.626627350782296070e-03,1.398699211160726917e-03,5.195123683134951904e-08,0.000000000000000000e+00
1.000000000000000000e+00,6.018349838256835938e+01,2.477735137939453125e+01,9.100000381469726562e+00,3.000000000000000000e+00,-4.636203297602266016e-01,5.363244269271711939e-01,-2.655550158142737094e-01,7.343969747691293515e-01,1.283294153486675771e-03,1.626627350782296070e-03,1.178776843652333379e-07,0.000000000000000000e+00
1.000000000000000000e+00,6.018334579467773438e+01,2.477749252319335938e+01,9.100000381469726562e+00,3.000000000000000000e+00,-5.193037242136619991e-01,4.803559448976373325e-01,-4.636203297602266016e-01,5.363244269271711939e-01,2.078572498447460600e-04,1.283294153486675771e-03,1.156564533714941184e-06,0.000000000000000000e+00
1.000000000000000000e+00,6.018176651000976562e+01,2.477946281433105469e+01,9.100000381469726562e+00,3.000000000000000000e+00,-4.449095507394659754e-01,5.550622776737540454e-01,-5.193037242136619991e-01,4.803559448976373325e-01,2.525111330171771456e-03,2.078572498447460600e-04,5.369666472792247650e-06,0.000000000000000000e+00
1.000000000000000000e+00,6.018170928955078125e+01,2.477941131591796875e+01,9.100000381469726562e+00,3.000000000000000000e+00,-5.258321272380256373e-01,-4.732489145142230735e-01,-4.449095507394659754e-01,5.550622776737540454e-01,7.698225429767824085e-05,2.525111330171771456e-03,5.993335972140141930e-06,0.000000000000000000e+00
1.000000000000000000e+00,6.018169784545898438e+01,2.477935028076171875e+01,9.100000381469726562e+00,3.000000000000000000e+00,-1.576771887948450745e-01,-8.409450069058403976e-01,-5.258321272380256373e-01,-4.732489145142230735e-01,6.209877241554148143e-05,7.698225429767824085e-05,2.215180329358931631e-10,0.000000000000000000e+00
1.000000000000000000e+00,6.018194961547851562e+01,2.478142738342285156e+01,9.116666793823242188e+00,3.000000000000000000e+00,1.081034662284928866e-01,8.918535963850662274e-01,-1.576771887948450745e-01,-8.409450069058403976e-01,2.092305811209197505e-03,6.209877241554148143e-05,4.121740620367305071e-06,0.000000000000000000e+00
1.000000000000000000e+00,6.018240737915039062e+01,2.478359985351562500e+01,9.116666793823242188e+00,3.000000000000000000e+00,1.740325421919158289e-01,8.259294398191339148e-01,1.081034662284928866e-01,8.918535963850662274e-01,2.220174291195065128e-03,2.092305811209197505e-03,1.635034817389623060e-08,0.000000000000000000e+00
1.000000000000000000e+00,6.018279647827148438e+01,2.478552436828613281e+01,9.116666793823242188e+00,3.000000000000000000e+00,1.681708021489268789e-01,8.317859772954275810e-01,1.740325421919158289e-01,8.259294398191339148e-01,1.963454921290190298e-03,2.220174291195065128e-03,6.590483488435595876e-08,0.000000000000000000e+00
1.000000000000000000e+00,6.018294525146484375e+01,2.478615760803222656e+01,9.116666793823242188e+00,3.000000000000000000e+00,1.902195780872789899e-01,8.096525631407259782e-01,1.681708021489268789e-01,8.317859772954275810e-01,6.504813902758656155e-04,1.963454921290190298e-03,1.723899493144224179e-06,0.000000000000000000e+00
1.000000000000000000e+00,6.018311691284179688e+01,2.478720283508300781e+01,9.116666793823242188e+00,3.000000000000000000e+00,1.410542393346344292e-01,8.588635906153296862e-01,1.902195780872789899e-01,8.096525631407259782e-01,1.059229538873568454e-03,6.504813902758656155e-04,1.670750489820497551e-07,0.000000000000000000e+00
1.000000000000000000e+00,6.018315124511718750e+01,2.478728866577148438e+01,9.116666793823242188e+00,3.000000000000000000e+00,2.854767110890421566e-01,7.136917777226052806e-01,1.410542393346344292e-01,8.588635906153296862e-01,9.244248059122188205e-05,1.059229538873568454e-03,9.346772160622334844e-07,0.000000000000000000e+00
1.000000000000000000e+00,6.018315124511718750e+01,2.478728866577148438e+01,9.133333206176757812e+00,3.000000000000000000e+00,0.000000000000000000e+00,0.000000000000000000e+00,2.854767110890421566e-01,7.136917777226052806e-01,0.000000000000000000e+00,9.244248059122188205e-05,8.545612217858433723e-09,0.000000000000000000e+00
1.000000000000000000e+00,6.018276596069335938e+01,2.479032135009765625e+01,9.133333206176757812e+00,3.000000000000000000e+00,-1.127199164230166528e-01,8.872508272900816451e-01,0.000000000000000000e+00,0.000000000000000000e+00,3.057060403304640451e-03,0.000000000000000000e+00,9.345618309453131462e-06,0.000000000000000000e+00
1.000000000000000000e+00,6.018276977539062500e+01,2.479169464111328125e+01,9.133333206176757812e+00,3.000000000000000000e+00,2.769881964560188745e-03,9.971575072416679619e-01,-1.127199164230166528e-01,8.872508272900816451e-01,1.373296313805426501e-03,3.057060403304640451e-03,2.835061509087117125e-06,0.000000000000000000e+00
1.000000000000000000e+00,6.018270874023437500e+01,2.479419136047363281e+01,9.133333206176757812e+00,3.000000000000000000e+00,-2.386185604140341268e-02,9.760990486936583777e-01,2.769881964560188745e-03,9.971575072416679619e-01,2.497465285975518368e-03,1.373296313805426501e-03,1.263755877989960871e-06,0.000000000000000000e+00
1.000000000000000000e+00,6.018271255493164062e+01,2.479421424865722656e+01,9.133333206176757812e+00,3.000000000000000000e+00,1.423241511104471890e-01,8.539449066626831897e-01,-2.386185604140341268e-02,9.760990486936583777e-01,2.320389759177482353e-05,2.497465285975518368e-03,6.121969418046651001e-06,0.000000000000000000e+00
1.000000000000000000e+00,6.018265914916992188e+01,2.479424095153808594e+01,9.133333206176757812e+00,3.000000000000000000e+00,-6.658355010400730523e-01,3.329177505200365261e-01,1.423241511104471890e-01,8.539449066626831897e-01,5.970945679664050535e-05,2.320389759177482353e-05,1.332655852859953753e-09,0.000000000000000000e+00
1.000000000000000000e+00,6.018273162841796875e+01,2.479417991638183594e+01,9.149999618530273438e+00,3.000000000000000000e+00,5.424508564648082842e-01,-4.568007212335227218e-01,-6.658355010400730523e-01,3.329177505200365261e-01,9.475511435222031638e-05,5.970945679664050535e-05,1.228198113502968255e-09,0.000000000000000000e+00
1.000000000000000000e+00,6.018267440795898438e+01,2.479415130615234375e+01,9.149999618530273438e+00,3.000000000000000000e+00,-6.658908475984317565e-01,-3.329454237992158783e-01,5.424508564648082842e-01,-4.568007212335227218e-01,6.397441799640053467e-05,9.475511435222031638e-05,9.474512681491771159e-10,0.000000000000000000e+00
1.000000000000000000e+00,6.018267822265625000e+01,2.479432106018066406e+01,9.149999618530273438e+00,3.000000000000000000e+00,2.196536683708979684e-02,9.774588242504960167e-01,-6.658908475984317565e-01,-3.329454237992158783e-01,1.697968846775518089e-04,6.397441799640053467e-05,1.119839445448337146e-08,0.000000000000000000e+00
1.000000000000000000e+00,6.018277740478515625e+01,2.479634094238281250e+01,9.149999618530273438e+00,3.000000000000000000e+00,4.680247182949140439e-02,9.531503397582961057e-01,2.196536683708979684e-02,9.774588242504960167e-01,2.022315802551717581e-03,1.697968846775518089e-04,3.431826341081670554e-06,0.000000000000000000e+00
1.000000000000000000e+00,6.018366622924804688e+01,2.479846000671386719e+01,9.149999618530273438e+00,3.000000000000000000e+00,2.954879568300627368e-01,7.044787983652354146e-01,4.680247182949140439e-02,9.531503397582961057e-01,2.297921357440471397e-03,2.022315802551717581e-03,7.595842188553788993e-08,0.000000000000000000e+00
1.000000000000000000e+00,6.018412017822265625e+01,2.480033493041992188e+01,9.149999618530273438e+00,3.000000000000000000e+00,1.949138254725856501e-01,8.050432371409734778e-01,2.954879568300627368e-01,7.044787983652354146e-01,1.929095273716346925e-03,2.297921357440471397e-03,1.360326800352748609e-07,0.000000000000000000e+00
1.000000000000000000e+00,6.018421936035156250e+01,2.480058097839355469e+01,9.166666984558105469e+00,3.000000000000000000e+00,2.872096240003602641e-01,7.125007980008937203e-01,1.949138254725856501e-01,8.050432371409734778e-01,2.652860720490036930e-04,1.929095273716346925e-03,2.768261059552922055e-06,0.000000000000000000e+00
1.000000000000000000e+00,6.018461990356445312e+01,2.480336380004882812e+01,9.166666984558105469e+00,3.000000000000000000e+00,1.258198941964836226e-01,8.741486934889028948e-01,2.872096240003602641e-01,7.125007980008937203e-01,2.811499818682465859e-03,2.652860720490036930e-04,6.483204443545211552e-06,0.000000000000000000e+00
1.000000000000000000e+00,6.018464279174804688e+01,2.480461120605468750e+01,9.166666984558105469e+00,3.000000000000000000e+00,1.801659971666182483e-02,9.819046845580693406e-01,1.258198941964836226e-01,8.741486934889028948e-01,1.247615971524194739e-03,2.811499818682465859e-03,2.445732687402554767e-06,0.000000000000000000e+00
1.000000000000000000e+00,6.018483352661132812e+01,2.480701255798339844e+01,9.166666984558105469e+00,3.000000000000000000e+00,7.358067862642857226e-02,9.263807439067357485e-01,1.801659971666182483e-02,9.819046845580693406e-01,2.408914874709078887e-03,1.247615971524194739e-03,1.348615142538414979e-06,0.000000000000000000e+00
1.000000000000000000e+00,6.018532180786132812e+01,2.480860328674316406e+01,9.166666984558105469e+00,3.000000000000000000e+00,2.348510890268106777e-01,7.651008134701566821e-01,7.358067862642857226e-02,9.263807439067357485e-01,1.663982141204359885e-03,2.408914874709078887e-03,5.549247774468126981e-07,0.000000000000000000e+00
1.000000000000000000e+00,6.018563461303710938e+01,2.480945587158203125e+01,9.166666984558105469e+00,3.000000000000000000e+00,2.683894086176324967e-01,7.315247905614740143e-01,2.348510890268106777e-01,7.651008134701566821e-01,9.081563661956715749e-04,1.663982141204359885e-03,5.712726021674843227e-07,0.000000000000000000e+00
1.000000000000000000e+00,6.018558883666992188e+01,2.480955886840820312e+01,9.183333396911621094e+00,3.000000000000000000e+00,-3.074856268918565450e-01,6.918426605066773094e-01,2.683894086176324967e-01,7.315247905614740143e-01,1.127112327781231512e-04,9.081563661956715749e-04,6.327329602776613367e-07,0.000000000000000000e+00
1.000000000000000000e+00,6.018559646606445312e+01,2.480953598022460938e+01,9.183333396911621094e+00,3.000000000000000000e+00,2.491834755871958629e-01,-7.475504267615875609e-01,-3.074856268918565450e-01,6.918426605066773094e-01,2.412626388678268069e-05,1.127112327781231512e-04,7.847296713479757766e-09,0.000000000000000000e+00
1.000000000000000000e+00,6.018564605712890625e+01,2.480950355529785156e+01,9.183333396911621094e+00,3.000000000000000000e+00,6.039148248936886398e-01,-3.948673855074118499e-01,2.491834755871958629e-01,-7.475504267615875609e-01,5.925073458484293601e-05,2.412626388678268069e-05,1.233728441818893154e-09,0.000000000000000000e+00
1.000000000000000000e+00,6.018559265136718750e+01,2.480944252014160156e+01,9.183333396911621094e+00,3.000000000000000000e+00,-4.662592431232356893e-01,-5.328677064265550101e-01,6.039148248936886398e-01,-3.948673855074118499e-01,8.110157633006782516e-05,5.925073458484293601e-05,4.774592849748626460e-10,0.000000000000000000e+00
1.000000000000000000e+00,6.018561935424804688e+01,2.480948638916015625e+01,9.183333396911621094e+00,3.000000000000000000e+00,3.778429769224737056e-01,6.207420335154925084e-01,-4.662592431232356893e-01,-5.328677064265550101e-01,5.135693366178993146e-05,8.110157633006782516e-05,8.847437674635378462e-10,0.000000000000000000e+00
1.000000000000000000e+00,6.018572616577148438e+01,2.480983352661132812e+01,9.183333396911621094e+00,3.000000000000000000e+00,2.352422963390491673e-01,7.645374631019097311e-01,3.778429769224737056e-01,6.207420335154925084e-01,3.631984465070652230e-04,5.135693366178993146e-05,9.724512913362999532e-08,0.000000000000000000e+00
1.000000000000000000e+00,6.018618392944335938e+01,2.481183242797851562e+01,9.199999809265136719e+00,3.000000000000000000e+00,1.863278191428848762e-01,8.136314769239306743e-01,2.352422963390491673e-01,7.645374631019097311e-01,2.050647277089002411e-03,3.631984465070652230e-04,2.847483555832347523e-06,0.000000000000000000e+00
1.000000000000000000e+00,6.018629074096679688e+01,2.481227684020996094e+01,9.199999809265136719e+00,3.000000000000000000e+00,1.937364796846156312e-01,8.060821386877757844e-01,1.863278191428848762e-01,8.136314769239306743e-01,4.570677553681090654e-04,2.050647277089002411e-03,2.539495692048191555e-06,0.000000000000000000e+00
1.000000000000000000e+00,6.018634414672851562e+01,2.481230545043945312e+01,9.199999809265136719e+00,3.000000000000000000e+00,6.503698114239724326e-01,3.484123989771280572e-01,1.937364796846156312e-01,8.060821386877757844e-01,6.058647222239910190e-05,4.570677553681090654e-04,1.571974078848686339e-07,0.000000000000000000e+00
1.000000000000000000e+00,6.018717575073242188e+01,2.481368446350097656e+01,9.199999809265136719e+00,3.000000000000000000e+00,3.761693510718951972e-01,6.237854147361932000e-01,6.503698114239724326e-01,3.484123989771280572e-01,1.610354694831281743e-03,6.058647222239910190e-05,2.401781543808295261e-06,0.000000000000000000e+00
1.000000000000000000e+00,6.018689346313476562e+01,2.481637573242187500e+01,9.199999809265136719e+00,3.000000000000000000e+00,-9.492945667896195150e-02,9.050369146892925931e-01,3.761693510718951972e-01,6.237854147361932000e-01,2.706033017607948135e-03,1.610354694831281743e-03,1.200510987002688828e-06,0.000000000000000000e+00
1.000000000000000000e+00,6.018673706054687500e+01,2.481831550598144531e+01,9.199999809265136719e+00,3.000000000000000000e+00,-7.460972547918544306e-02,9.253425708820925966e-01,-9.492945667896195150e-02,9.050369146892925931e-01,1.946068660635324457e-03,2.706033017607948135e-03,5.775458238688134155e-07,0.000000000000000000e+00
1.000000000000000000e+00,6.018680191040039062e+01,2.481847572326660156e+01,9.216666221618652344e+00,3.000000000000000000e+00,2.880076280141726230e-01,7.115482574467794086e-01,-7.460972547918544306e-02,9.253425708820925966e-01,1.728440972779722855e-04,1.946068660635324457e-03,3.144325352093872181e-06,0.000000000000000000e+00
1.000000000000000000e+00,6.018680191040039062e+01,2.481847572326660156e+01,9.216666221618652344e+00,3.000000000000000000e+00,0.000000000000000000e+00,0.000000000000000000e+00,2.880076280141726230e-01,7.115482574467794086e-01,0.000000000000000000e+00,1.728440972779722855e-04,2.987508196383714676e-08,0.000000000000000000e+00
1.000000000000000000e+00,6.018698883056640625e+01,2.482018280029296875e+01,9.216666221618652344e+00,3.000000000000000000e+00,9.868562540894516844e-02,9.012615789898563712e-01,0.000000000000000000e+00,0.000000000000000000e+00,1.717280152570904326e-03,0.000000000000000000e+00,2.949051122413948602e-06,0.000000000000000000e+00
1.000000000000000000e+00,6.018742370605468750e+01,2.482069396972656250e+01,9.216666221618652344e+00,3.000000000000000000e+00,4.596288351042945308e-01,5.402654728418900820e-01,9.868562540894516844e-02,9.012615789898563712e-01,6.711265753555068067e-04,1.717280152570904326e-03,1.094437307120572993e-06,0.000000000000000000e+00
1.000000000000000000e+00,6.018741989135742188e+01,2.482132911682128906e+01,9.216666221618652344e+00,3.000000000000000000e+00,-5.969215048412149227e-03,9.938743055606228394e-01,4.596288351042945308e-01,5.402654728418900820e-01,6.351585501706021432e-04,6.711265753555068067e-04,1.293698835701936235e-09,0.000000000000000000e+00
1.000000000000000000e+00,6.018756484985351562e+01,2.482125854492187500e+01,9.216666221618652344e+00,3.000000000000000000e+00,6.722544646471142471e-01,-3.272817788413582285e-01,-5.969215048412149227e-03,9.938743055606228394e-01,1.612245594711621201e-04,6.351585501706021432e-04,2.246134275402968943e-07,0.000000000000000000e+00
1.000000000000000000e+00,6.018763732910156250e+01,2.482126808166503906e+01,9.233333587646484375e+00,3.000000000000000000e+00,8.826447440753911744e-01,1.161374663257093570e-01,6.722544646471142471e-01,-3.272817788413582285e-01,7.310397299475402972e-05,1.612245594711621201e-04,7.765237760946116681e-09,0.000000000000000000e+00
1.000000000000000000e+00,6.018756103515625000e+01,2.482127380371093750e+01,9.233333587646484375e+00,3.000000000000000000e+00,-9.290997306056748561e-01,6.968247979542561976e-02,8.826447440753911744e-01,1.161374663257093570e-01,7.650822113087303242e-05,7.310397299475402972e-05,1.158890537226970409e-11,0.000000000000000000e+00
1.000000000000000000e+00,6.018730163574218750e+01,2.482099914550781250e+01,9.233333587646484375e+00,3.000000000000000000e+00,-4.856233548223382046e-01,-5.141894345177698833e-01,-9.290997306056748561e-01,6.968247979542561976e-02,3.777898682598860918e-04,7.650822113087303242e-05,9.077063089677113931e-08,0.000000000000000000e+00
1.000000000000000000e+00,6.018732070922851562e+01,2.482098579406738281e+01,9.233333587646484375e+00,3.000000000000000000e+00,5.864267264965796755e-01,-4.104987085476057840e-01,-4.856233548223382046e-01,-5.141894345177698833e-01,2.328215716501942076e-05,3.777898682598860918e-04,1.256757172257214681e-07,0.000000000000000000e+00
1.000000000000000000e+00,6.018733215332031250e+01,2.482110977172851562e+01,9.233333587646484375e+00,3.000000000000000000e+00,8.444468544332153770e-02,9.148174256359833389e-01,5.864267264965796755e-01,-4.104987085476057840e-01,1.245047296170622960e-04,2.328215716501942076e-05,1.024600917380906714e-08,0.000000000000000000e+00
1.000000000000000000e+00,6.018733215332031250e+01,2.482110977172851562e+01,9.233333587646484375e+00,3.000000000000000000e+00,0.000000000000000000e+00,0.000000000000000000e+00,8.444468544332153770e-02,9.148174256359833389e-01,0.000000000000000000e+00,1.245047296170622960e-04,1.550142769701778889e-08,0.000000000000000000e+00
1.000000000000000000e+00,6.018726730346679688e+01,2.482125282287597656e+01,9.250000000000000000e+00,3.000000000000000000e+00,-3.117766415120870604e-01,6.877425915707803261e-01,0.000000000000000000e+00,0.000000000000000000e+00,1.570641088565077100e-04,0.000000000000000000e+00,2.466913429088890222e-08,0.000000000000000000e+00
1.000000000000000000e+00,6.018719482421875000e+01,2.482137870788574219e+01,9.250000000000000000e+00,3.000000000000000000e+00,-3.652005093801327651e-01,6.342956215549674370e-01,-3.117766415120870604e-01,6.877425915707803261e-01,1.452593442127973300e-04,1.570641088565077100e-04,1.393524682933946482e-10,0.000000000000000000e+00
1.000000000000000000e+00,6.018719482421875000e+01,2.482137870788574219e+01,9.250000000000000000e+00,3.000000000000000000e+00,0.000000000000000000e+00,0.000000000000000000e+00,-3.652005093801327651e-01,6.342956215549674370e-01,0.000000000000000000e+00,1.452593442127973300e-04,2.110027708113193843e-08,0.000000000000000000e+00
1.000000000000000000e+00,6.018698120117187500e+01,2.482152175903320312e+01,9.250000000000000000e+00,3.000000000000000000e+00,-5.987626074599251558e-01,4.009571032097712928e-01,0.000000000000000000e+00,0.000000000000000000e+00,2.570961628380503960e-04,0.000000000000000000e+00,6.609843694604931938e-08,0.000000000000000000e+00
1.000000000000000000e+00,6.018700790405273438e+01,2.482147216796875000e+01,9.250000000000000000e+00,3.000000000000000000e+00,3.495418485083231497e-01,-6.491491472297430398e-01,-5.987626074599251558e-01,4.009571032097712928e-01,5.632333015530929679e-05,2.570961628380503960e-04,4.030973034345195642e-08,0.000000000000000000e+00
1.000000000000000000e+00,6.018701171875000000e+01,2.482145118713378906e+01,9.250000000000000000e+00,3.000000000000000000e+00,1.532281869256394702e-01,-8.427550280910170999e-01,3.495418485083231497e-01,-6.491491472297430398e-01,2.132480599880018048e-05,5.632333015530929679e-05,1.224896693133752160e-09,0.000000000000000000e+00
1.000000000000000000e+00,6.018700408935546875e+01,2.482146263122558594e+01,9.266666412353515625e+00,3.000000000000000000e+00,-3.979137857708577308e-01,5.968706786562865130e-01,1.532281869256394702e-01,-8.427550280910170999e-01,1.375408659158321047e-05,2.132480599880018048e-05,5.731579234281166943e-11,0.000000000000000000e+00
1.000000000000000000e+00,6.018700408935546875e+01,2.482147407531738281e+01,9.266666412353515625e+00,3.000000000000000000e+00,0.000000000000000000e+00,9.913375602204522741e-01,-3.979137857708577308e-01,5.968706786562865130e-01,1.144409179687500000e-05,1.375408659158321047e-05,5.336075951579027309e-12,0.000000000000000000e+00
1.000000000000000000e+00,6.018700408935546875e+01,2.482147979736328125e+01,9.266666412353515625e+00,3.000000000000000000e+00,0.000000000000000000e+00,9.828239073094842126e-01,0.000000000000000000e+00,9.913375602204522741e-01,5.722045898437500000e-06,1.144409179687500000e-05,3.274180926382541656e-11,0.000000000000000000e+00
1.000000000000000000e+00,6.018700027465820312e+01,2.482148933410644531e+01,9.266666412353515625e+00,3.000000000000000000e+00,-2.835902434066402411e-01,7.089756085166006860e-01,0.000000000000000000e+00,9.828239073094842126e-01,1.027138673235798595e-05,5.722045898437500000e-06,2.069650202317634107e-11,0.000000000000000000e+00
1.000000000000000000e+00,6.018700027465820312e+01,2.482148933410644531e+01,9.266666412353515625e+00,3.000000000000000000e+00,0.000000000000000000e+00,0.000000000000000000e+00,-2.835902434066402411e-01,7.089756085166006860e-01,0.000000000000000000e+00,1.027138673235798595e-05,1.055013854056596627e-10,0.000000000000000000e+00
1.000000000000000000e+00,6.018698883056640625e+01,2.482153129577636719e+01,9.333333015441894531e+00,3.000000000000000000e+00,-2.138852233714607920e-01,7.842458190286895059e-01,0.000000000000000000e+00,0.000000000000000000e+00,4.349424076458503410e-05,0.000000000000000000e+00,1.891748979687690735e-09,0.000000000000000000e+00
1.000000000000000000e+00,6.018698501586914062e+01,2.482154273986816406e+01,9.333333015441894531e+00,3.000000000000000000e+00,-2.483722675076618092e-01,7.451168025229853997e-01,-2.138852233714607920e-01,7.842458190286895059e-01,1.206313194339134034e-05,4.349424076458503410e-05,9.879146017297198313e-10,0.000000000000000000e+00
1.000000000000000000e+00,6.018698120117187500e+01,2.482155036926269531e+01,9.333333015441894531e+00,3.000000000000000000e+00,-3.304458534068174247e-01,6.608917068136348494e-01,-2.483722675076618092e-01,7.451168025229853997e-01,8.529922399520072193e-06,1.206313194339134034e-05,1.248356968090301460e-11,0.000000000000000000e+00
1.000000000000000000e+00,6.018697738647460938e+01,2.482156181335449219e+01,9.350000381469726562e+00,3.000000000000000000e+00,-2.483722675076618092e-01,7.451168025229853997e-01,-3.304458534068174247e-01,6.608917068136348494e-01,1.206313194339134034e-05,8.529922399520072193e-06,1.248356968090301460e-11,0.000000000000000000e+00
1.000000000000000000e+00,6.018697738647460938e+01,2.482156753540039062e+01,9.350000381469726562e+00,3.000000000000000000e+00,0.000000000000000000e+00,9.828239073094842126e-01,-2.483722675076618092e-01,7.451168025229853997e-01,5.722045898437500000e-06,1.206313194339134034e-05,4.020937222950833914e-11,0.000000000000000000e+00
1.000000000000000000e+00,6.018697357177734375e+01,2.482157516479492188e+01,9.350000381469726562e+00,3.000000000000000000e+00,-3.304458534068174247e-01,6.608917068136348494e-01,0.000000000000000000e+00,9.828239073094842126e-01,8.529922399520072193e-06,5.722045898437500000e-06,7.884170445331707436e-12,0.000000000000000000e+00
1.000000000000000000e+00,6.018697357177734375e+01,2.482158470153808594e+01,9.350000381469726562e+00,3.000000000000000000e+00,0.000000000000000000e+00,9.896230502050814559e-01,-3.304458534068174247e-01,6.608917068136348494e-01,9.536743164062500000e-06,8.529922399520072193e-06,1.013688051913798852e-12,0.000000000000000000e+00
1.000000000000000000e+00,6.018696975708007812e+01,2.482159233093261719e+01,9.350000381469726562e+00,3.000000000000000000e+00,-3.304458534068174247e-01,6.608917068136348494e-01,0.000000000000000000e+00,9.896230502050814559e-01,8.529922399520072193e-06,9.536743164062500000e-06,1.013688051913798852e-12,0.000000000000000000e+00
1.000000000000000000e+00,6.018730163574218750e+01,2.482155418395996094e+01,9.350000381469726562e+00,3.000000000000000000e+00,8.966648914213435351e-01,-1.030649300484302866e-01,-3.304458534068174247e-01,6.608917068136348494e-01,3.340638230732944735e-04,8.529922399520072193e-06,1.059723204878828253e-07,0.000000000000000000e+00
1.000000000000000000e+00,6.018729400634765625e+01,2.482158851623535156e+01,9.366666793823242188e+00,3.000000000000000000e+00,-1.813859160946480198e-01,8.162366224259161029e-01,8.966648914213435351e-01,-1.030649300484302866e-01,3.516977103154330091e-05,3.340638230732944735e-04,8.933765434593706137e-08,0.000000000000000000e+00
1.000000000000000000e+00,6.018729400634765625e+01,2.482158851623535156e+01,9.366666793823242188e+00,3.000000000000000000e+00,0.000000000000000000e+00,0.000000000000000000e+00,-1.813859160946480198e-01,8.162366224259161029e-01,0.000000000000000000e+00,3.516977103154330091e-05,1.236912794411182404e-09,0.000000000000000000e+00
1.000000000000000000e+00,6.018696212768554688e+01,2.482162284851074219e+01,9.366666793823242188e+00,3.000000000000000000e+00,-9.060026008897836824e-01,9.372440698859831054e-02,0.000000000000000000e+00,0.000000000000000000e+00,3.336497437388592259e-04,0.000000000000000000e+00,1.113221514970064296e-07,0.000000000000000000e+00
1.000000000000000000e+00,6.018695831298828125e+01,2.482163238525390625e+01,9.366666793823242188e+00,3.000000000000000000e+00,-2.835902434066402411e-01,7.089756085166006860e-01,-9.060026008897836824e-01,9.372440698859831054e-02,1.027138673235798595e-05,3.336497437388592259e-04,1.045735617802241529e-07,0.000000000000000000e+00
1.000000000000000000e+00,6.018695831298828125e+01,2.482163810729980469e+01,9.366666793823242188e+00,3.000000000000000000e+00,0.000000000000000000e+00,9.828239073094842126e-01,-2.835902434066402411e-01,7.089756085166006860e-01,5.722045898437500000e-06,1.027138673235798595e-05,2.069650202317634107e-11,0.000000000000000000e+00
1.000000000000000000e+00,6.018695449829101562e+01,2.482164192199707031e+01,9.366666793823242188e+00,3.000000000000000000e+00,-4.935311880124827466e-01,4.935311880124827466e-01,0.000000000000000000e+00,9.828239073094842126e-01,5.394796609394436438e-06,5.722045898437500000e-06,1.070920971791905583e-13,0.000000000000000000e+00
1.000000000000000000e+00,6.018695449829101562e+01,2.482164764404296875e+01,9.383333206176757812e+00,3.000000000000000000e+00,0.000000000000000000e+00,9.828239073094842126e-01,-4.935311880124827466e-01,4.935311880124827466e-01,5.722045898437500000e-06,5.394796609394436438e-06,1.070920971791905583e-13,0.000000000000000000e+00
1.000000000000000000e+00,6.018695449829101562e+01,2.482165718078613281e+01,9.383333206176757812e+00,3.000000000000000000e+00,0.000000000000000000e+00,9.896230502050814559e-01,0.000000000000000000e+00,9.828239073094842126e-01,9.536743164062500000e-06,5.722045898437500000e-06,1.455191522836685181e-11,0.000000000000000000e+00
1.000000000000000000e+00,6.018695068359375000e+01,2.482166290283203125e+01,9.383333206176757812e+00,3.000000000000000000e+00,-3.958492200820326046e-01,5.937738301230488513e-01,0.000000000000000000e+00,9.896230502050814559e-01,6.877043295791605234e-06,9.536743164062500000e-06,7.074003389280215347e-12,0.000000000000000000e+00
1.000000000000000000e+00,6.018695068359375000e+01,2.482166862487792969e+01,9.383333206176757812e+00,3.000000000000000000e+00,0.000000000000000000e+00,9.828239073094842126e-01,-3.958492200820326046e-01,5.937738301230488513e-01,5.722045898437500000e-06,6.877043295791605234e-06,1.334018987894756827e-12,0.000000000000000000e+00
1.000000000000000000e+00,6.018695068359375000e+01,2.482167625427246094e+01,9.383333206176757812e+00,3.000000000000000000e+00,0.000000000000000000e+00,9.870623760249654932e-01,0.000000000000000000e+00,9.828239073094842126e-01,7.629394531250000000e-06,5.722045898437500000e-06,3.637978807091712952e-12,0.000000000000000000e+00
1.000000000000000000e+00,6.018694686889648438e+01,2.482168006896972656e+01,9.383333206176757812e+00,3.000000000000000000e+00,-4.935311880124827466e-01,4.935311880124827466e-01,0.000000000000000000e+00,9.870623760249654932e-01,5.394796609394436438e-06,7.629394531250000000e-06,4.993427872361203418e-12,0.000000000000000000e+00
1.000000000000000000e+00,6.018724441528320312e+01,2.482121086120605469e+01,9.466666221618652344e+00,3.000000000000000000e+00,3.880090973846643254e-01,-6.118604997219706521e-01,-4.935311880124827466e-01,4.935311880124827466e-01,5.555985760775004022e-04,5.394796609394436438e-06,3.027241989409881529e-07,0.000000000000000000e+00
1.000000000000000000e+00,6.018721389770507812e+01,2.482116317749023438e+01,9.466666221618652344e+00,3.000000000000000000e+00,-3.897455148865637820e-01,-6.089773670102559544e-01,3.880090973846643254e-01,-6.118604997219706521e-01,5.661324340689021938e-05,5.555985760775004022e-04,2.489863622203995543e-07,0.000000000000000000e+00
1.000000000000000000e+00,6.018721389770507812e+01,2.482116317749023438e+01,9.483333587646484375e+00,3.000000000000000000e+00,0.000000000000000000e+00,0.000000000000000000e+00,-3.897455148865637820e-01,-6.089773670102559544e-01,0.000000000000000000e+00,5.661324340689021938e-05,3.205059329047798697e-09,0.000000000000000000e+00
1.000000000000000000e+00,6.018726348876953125e+01,2.482122421264648438e+01,9.483333587646484375e+00,3.000000000000000000e+00,4.478710113847984009e-01,5.512258601659056900e-01,0.000000000000000000e+00,0.000000000000000000e+00,7.864199877963372733e-05,0.000000000000000000e+00,6.184563972055912845e-09,0.000000000000000000e+00
1.000000000000000000e+00,6.018729019165039062e+01,2.482127189636230469e+01,9.483333587646484375e+00,3.000000000000000000e+00,3.584924274927555610e-01,6.401650490942063509e-01,4.478710113847984009e-01,5.512258601659056900e-01,5.465144646413575133e-05,7.864199877963372733e-05,5.755466004026452536e-10,0.000000000000000000e+00
1.000000000000000000e+00,6.018730163574218750e+01,2.482119560241699219e+01,9.483333587646484375e+00,3.000000000000000000e+00,1.302862879622974368e-01,-8.685752530819829120e-01,3.584924274927555610e-01,6.401650490942063509e-01,7.714747778380082980e-05,5.465144646413575133e-05,5.060714251353521118e-10,0.000000000000000000e+00
1.000000000000000000e+00,6.018729019165039062e+01,2.482122230529785156e+01,9.483333587646484375e+00,3.000000000000000000e+00,-2.992156241941125727e-01,6.981697897862626512e-01,1.302862879622974368e-01,-8.685752530819829120e-01,2.905186884255946600e-05,7.714747778380082980e-05,2.313187599428816083e-09,0.000000000000000000e+00
1.000000000000000000e+00,6.018728637695312500e+01,2.482126235961914062e+01,9.483333587646484375e+00,3.000000000000000000e+00,-8.675875402768838673e-02,9.109669172907280954e-01,-2.992156241941125727e-01,6.981697897862626512e-01,4.023556348748967738e-05,2.905186884255946600e-05,1.250750259110406871e-10,0.000000000000000000e+00
1.000000000000000000e+00,6.018724060058593750e+01,2.482128906250000000e+01,9.500000000000000000e+00,3.000000000000000000e+00,-6.307087551793802982e-01,3.679134405213051462e-01,-8.675875402768838673e-02,9.109669172907280954e-01,5.299546809940263353e-05,4.023556348748967738e-05,1.628151657051175313e-10,0.000000000000000000e+00
1.000000000000000000e+00,6.018691635131835938e+01,2.482174873352050781e+01,9.500000000000000000e+00,3.000000000000000000e+00,-4.135725471718706969e-01,5.862999051083578328e-01,-6.307087551793802982e-01,3.679134405213051462e-01,5.625255857466789425e-04,5.299546809940263353e-05,2.596209407896471665e-07,0.000000000000000000e+00
1.000000000000000000e+00,6.018691635131835938e+01,2.482174873352050781e+01,9.500000000000000000e+00,3.000000000000000000e+00,0.000000000000000000e+00,0.000000000000000000e+00,-4.135725471718706969e-01,5.862999051083578328e-01,0.000000000000000000e+00,5.625255857466789425e-04,3.164350346196442313e-07,0.000000000000000000e+00
1.000000000000000000e+00,6.018691635131835938e+01,2.482175064086914062e+01,9.500000000000000000e+00,3.000000000000000000e+00,0.000000000000000000e+00,9.501830432614539745e-01,0.000000000000000000e+00,0.000000000000000000e+00,1.907348632812500000e-06,0.000000000000000000e+00,3.637978807091712952e-12,0.000000000000000000e+00
1.000000000000000000e+00,6.018691635131835938e+01,2.482175254821777344e+01,9.516666412353515625e+00,3.000000000000000000e+00,0.000000000000000000e+00,9.501830432614539745e-01,0.000000000000000000e+00,9.501830432614539745e-01,1.907348632812500000e-06,1.907348632812500000e-06,0.000000000000000000e+00,0.000000000000000000e+00
1.000000000000000000e+00,6.018691253662109375e+01,2.482175445556640625e+01,9.516666412353515625e+00,3.000000000000000000e+00,-6.552159382063228454e-01,3.276079691031614227e-01,0.000000000000000000e+00,9.501830432614539745e-01,4.264961199760036097e-06,1.907348632812500000e-06,5.558337015828950221e-12,0.000000000000000000e+00
1.000000000000000000e+00,6.018691253662109375e+01,2.482175636291503906e+01,9.516666412353515625e+00,3.000000000000000000e+00,0.000000000000000000e+00,9.501830432614539745e-01,-6.552159382063228454e-01,3.276079691031614227e-01,1.907348632812500000e-06,4.264961199760036097e-06,5.558337015828950221e-12,0.000000000000000000e+00
1.000000000000000000e+00,6.018691253662109375e+01,2.482176017761230469e+01,9.516666412353515625e+00,3.000000000000000000e+00,0.000000000000000000e+00,9.744552405423272390e-01,0.000000000000000000e+00,9.501830432614539745e-01,3.814697265625000000e-06,1.907348632812500000e-06,3.637978807091712952e-12,0.000000000000000000e+00
1.000000000000000000e+00,6.018691253662109375e+01,2.482176208496093750e+01,9.516666412353515625e+00,3.000000000000000000e+00,0.000000000000000000e+00,9.501830432614539745e-01,0.000000000000000000e+00,9.744552405423272390e-01,1.907348632812500000e-06,3.814697265625000000e-06,3.637978807091712952e-12,0.000000000000000000e+00
1.000000000000000000e+00,6.018724822998046875e+01,2.482112693786621094e+01,9.649999618530273438e+00,3.000000000000000000e+00,0.000000000000000000e+00,0.000000000000000000e+00,0.000000000000000000e+00,9.501830432614539745e-01,0.000000000000000000e+00,1.907348632812500000e-06,3.637978807091712952e-12,0.000000000000000000e+00
1.000000000000000000e+00,6.018732070922851562e+01,2.482136154174804688e+01,9.666666984558105469e+00,3.000000000000000000e+00,2.359480094968924857e-01,7.637264517925730356e-01,0.000000000000000000e+00,0.000000000000000000e+00,2.455447469809341312e-04,0.000000000000000000e+00,6.029222276993095875e-08,0.000000000000000000e+00
1.000000000000000000e+00,6.018730545043945312e+01,2.482138824462890625e+01,9.666666984558105469e+00,3.000000000000000000e+00,-3.627718321892960396e-01,6.348507063312680554e-01,2.359480094968924857e-01,7.637264517925730356e-01,3.075507258719844487e-05,2.455447469809341312e-04,4.613460422616699717e-08,0.000000000000000000e+00
1.000000000000000000e+00,6.018729019165039062e+01,2.482137870788574219e+01,9.666666984558105469e+00,3.000000000000000000e+00,-6.129127477025578807e-01,-3.830704673140986616e-01,-3.627718321892960396e-01,6.348507063312680554e-01,1.799389101420708305e-05,3.075507258719844487e-05,1.628477551388543003e-10,0.000000000000000000e+00
1.000000000000000000e+00,6.018691635131835938e+01,2.482176208496093750e+01,9.666666984558105469e+00,3.000000000000000000e+00,-4.936375797835190204e-01,5.062303751861598755e-01,-6.129127477025578807e-01,-3.830704673140986616e-01,5.354760271371142863e-04,1.799389101420708305e-05,2.677877612063270834e-07,0.000000000000000000e+00
1.000000000000000000e+00,6.018691635131835938e+01,2.482176208496093750e+01,9.666666984558105469e+00,3.000000000000000000e+00,0.000000000000000000e+00,0.000000000000000000e+00,-4.936375797835190204e-01,5.062303751861598755e-01,0.000000000000000000e+00,5.354760271371142863e-04,2.867345756385475397e-07,0.000000000000000000e+00
1.000000000000000000e+00,6.018691635131835938e+01,2.482176208496093750e+01,9.666666984558105469e+00,3.000000000000000000e+00,0.000000000000000000e+00,0.000000000000000000e+00,0.000000000000000000e+00,0.000000000000000000e+00,0.000000000000000000e+00,0.000000000000000000e+00,0.000000000000000000e+00,0.000000000000000000e+00
1.000000000000000000e+00,6.018691635131835938e+01,2.482176017761230469e+01,9.683333396911621094e+00,3.000000000000000000e+00,0.000000000000000000e+00,-9.501830432614539745e-01,0.000000000000000000e+00,0.000000000000000000e+00,1.907348632812500000e-06,0.000000000000000000e+00,3.637978807091712952e-12,0.000000000000000000e+00
1.000000000000000000e+00,6.018691635131835938e+01,2.482176017761230469e+01,9.683333396911621094e+00,3.000000000000000000e+00,0.000000000000000000e+00,0.000000000000000000e+00,0.000000000000000000e+00,-9.501830432614539745e-01,0.000000000000000000e+00,1.907348632812500000e-06,3.637978807091712952e-12,0.000000000000000000e+00
1.000000000000000000e+00,6.018691635131835938e+01,2.482176017761230469e+01,9.683333396911621094e+00,3.000000000000000000e+00,0.000000000000000000e+00,0.000000000000000000e+00,0.000000000000000000e+00,0.000000000000000000e+00,0.000000000000000000e+00,0.000000000000000000e+00,0.000000000000000000e+00,0.000000000000000000e+00
1.000000000000000000e+00,6.018691635131835938e+01,2.482175827026367188e+01,9.683333396911621094e+00,3.000000000000000000e+00,0.000000000000000000e+00,-9.501830432614539745e-01,0.000000000000000000e+00,0.000000000000000000e+00,1.907348632812500000e-06,0.000000000000000000e+00,3.637978807091712952e-12,0.000000000000000000e+00
1.000000000000000000e+00,6.018691635131835938e+01,2.482175827026367188e+01,9.683333396911621094e+00,3.000000000000000000e+00,0.000000000000000000e+00,0.000000000000000000e+00,0.000000000000000000e+00,-9.501830432614539745e-01,0.000000000000000000e+00,1.907348632812500000e-06,3.637978807091712952e-12,0.000000000000000000e+00
1.000000000000000000e+00,6.018691635131835938e+01,2.482176017761230469e+01,9.683333396911621094e+00,3.000000000000000000e+00,0.000000000000000000e+00,9.501830432614539745e-01,0.000000000000000000e+00,0.000000000000000000e+00,1.907348632812500000e-06,0.000000000000000000e+00,3.637978807091712952e-12,0.000000000000000000e+00
1.000000000000000000e+00,6.018691635131835938e+01,2.482176017761230469e+01,9.699999809265136719e+00,3.000000000000000000e+00,0.000000000000000000e+00,0.000000000000000000e+00,0.000000000000000000e+00,9.501830432614539745e-01,0.000000000000000000e+00,1.907348632812500000e-06,3.637978807091712952e-12,0.000000000000000000e+00
1.000000000000000000e+00,6.018730545043945312e+01,2.482152366638183594e+01,9.816666603088378906e+00,3.000000000000000000e+00,0.000000000000000000e+00,0.000000000000000000e+00,0.000000000000000000e+00,0.000000000000000000e+00,0.000000000000000000e+00,0.000000000000000000e+00,0.000000000000000000e+00,0.000000000000000000e+00
1.000000000000000000e+00,6.018730545043945312e+01,2.482152366638183594e+01,9.816666603088378906e+00,3.000000000000000000e+00,0.000000000000000000e+00,0.000000000000000000e+00,0.000000000000000000e+00,0.000000000000000000e+00,0.000000000000000000e+00,0.000000000000000000e+00,0.000000000000000000e+00,0.000000000000000000e+00
1.000000000000000000e+00,6.018690872192382812e+01,2.482179260253906250e+01,9.816666603088378906e+00,3.000000000000000000e+00,-5.958990192822288812e-01,4.039507774942032170e-01,0.000000000000000000e+00,0.000000000000000000e+00,4.792913224478471935e-04,0.000000000000000000e+00,2.297201717738062408e-07,0.000000000000000000e+00
1.000000000000000000e+00,6.018690872192382812e+01,2.482179260253906250e+01,9.816666603088378906e+00,3.000000000000000000e+00,0.000000000000000000e+00,0.000000000000000000e+00,-5.958990192822288812e-01,4.039507774942032170e-01,0.000000000000000000e+00,4.792913224478471935e-04,2.297201717738062408e-07,0.000000000000000000e+00
1.000000000000000000e+00,6.018690872192382812e+01,2.482179450988769531e+01,9.816666603088378906e+00,3.000000000000000000e+00,0.000000000000000000e+00,9.501830432614539745e-01,0.000000000000000000e+00,0.000000000000000000e+00,1.907348632812500000e-06,0.000000000000000000e+00,3.637978807091712952e-12,0.000000000000000000e+00
1.000000000000000000e+00,6.018690872192382812e+01,2.482179450988769531e+01,9.833333015441894531e+00,3.000000000000000000e+00,0.000000000000000000e+00,0.000000000000000000e+00,0.000000000000000000e+00,9.501830432614539745e-01,0.000000000000000000e+00,1.907348632812500000e-06,3.637978807091712952e-12,0.000000000000000000e+00
1.000000000000000000e+00,6.018690872192382812e+01,2.482179450988769531e+01,9.833333015441894531e+00,3.000000000000000000e+00,0.000000000000000000e+00,0.000000000000000000e+00,0.000000000000000000e+00,0.000000000000000000e+00,0.000000000000000000e+00,0.000000000000000000e+00,0.000000000000000000e+00,0.000000000000000000e+00
1.000000000000000000e+00,6.018690872192382812e+01,2.482179641723632812e+01,9.833333015441894531e+00,3.000000000000000000e+00,0.000000000000000000e+00,9.501830432614539745e-01,0.000000000000000000e+00,0.000000000000000000e+00,1.907348632812500000e-06,0.000000000000000000e+00,3.637978807091712952e-12,0.000000000000000000e+00
1.000000000000000000e+00,6.018690872192382812e+01,2.482179641723632812e+01,9.833333015441894531e+00,3.000000000000000000e+00,0.000000000000000000e+00,0.000000000000000000e+00,0.000000000000000000e+00,9.501830432614539745e-01,0.000000000000000000e+00,1.907348632812500000e-06,3.637978807091712952e-12,0.000000000000000000e+00
1.000000000000000000e+00,6.018690872192382812e+01,2.482179641723632812e+01,9.833333015441894531e+00,3.000000000000000000e+00,0.000000000000000000e+00,0.000000000000000000e+00,0.000000000000000000e+00,0.000000000000000000e+00,0.000000000000000000e+00,0.000000000000000000e+00,0.000000000000000000e+00,0.000000000000000000e+00
1.000000000000000000e+00,6.018690872192382812e+01,2.482179641723632812e+01,9.833333015441894531e+00,3.000000000000000000e+00,0.000000000000000000e+00,0.000000000000000000e+00,0.000000000000000000e+00,0.000000000000000000e+00,0.000000000000000000e+00,0.000000000000000000e+00,0.000000000000000000e+00,0.000000000000000000e+00
1.000000000000000000e+00,6.018690872192382812e+01,2.482179641723632812e+01,9.850000381469726562e+00,3.000000000000000000e+00,0.000000000000000000e+00,0.000000000000000000e+00,0.000000000000000000e+00,0.000000000000000000e+00,0.000000000000000000e+00,0.000000000000000000e+00,0.000000000000000000e+00,0.000000000000000000e+00
1.000000000000000000e+00,6.018744659423828125e+01,2.482164192199707031e+01,9.850000381469726562e+00,3.000000000000000000e+00,7.767473169979796088e-01,-2.231082719036749928e-01,0.000000000000000000e+00,0.000000000000000000e+00,5.596207694577552553e-04,0.000000000000000000e+00,3.131754056084900565e-07,0.000000000000000000e+00
1.000000000000000000e+00,6.018740844726562500e+01,2.482161903381347656e+01,9.850000381469726562e+00,3.000000000000000000e+00,-6.239776749773171538e-01,-3.743866049863902590e-01,7.767473169979796088e-01,-2.231082719036749928e-01,4.448663249851456255e-05,5.596207694577552553e-04,2.653631790607417710e-07,0.000000000000000000e+00
1.000000000000000000e+00,6.018741607666015625e+01,2.482155036926269531e+01,9.850000381469726562e+00,3.000000000000000000e+00,9.986909957380661618e-02,-8.988218961642595595e-01,-6.239776749773171538e-01,-3.743866049863902590e-01,6.908710585126813736e-05,4.448663249851456255e-05,6.051832891795387277e-10,0.000000000000000000e+00
1.000000000000000000e+00,6.018740463256835938e+01,2.482152175903320312e+01,9.866666793823242188e+00,3.000000000000000000e+00,-2.850027451464412498e-01,-7.125068628661030967e-01,9.986909957380661618e-02,-8.988218961642595595e-01,3.081416019707395617e-05,6.908710585126813736e-05,1.464818369048901209e-09,0.000000000000000000e+00
1.000000000000000000e+00,6.018690872192382812e+01,2.482180023193359375e+01,9.866666793823242188e+00,3.000000000000000000e+00,-6.403114020728153388e-01,3.595594796255039971e-01,-2.850027451464412498e-01,-7.125068628661030967e-01,5.687482075676078466e-04,3.081416019707395617e-05,2.893730393204438557e-07,0.000000000000000000e+00
1.000000000000000000e+00,6.018690872192382812e+01,2.482180023193359375e+01,9.866666793823242188e+00,3.000000000000000000e+00,0.000000000000000000e+00,0.000000000000000000e+00,-6.403114020728153388e-01,3.595594796255039971e-01,0.000000000000000000e+00,5.687482075676078466e-04,3.234745236113667488e-07,0.000000000000000000e+00
1.000000000000000000e+00,6.018690872192382812e+01,2.482180023193359375e+01,9.866666793823242188e+00,3.000000000000000000e+00,0.000000000000000000e+00,0.000000000000000000e+00,0.000000000000000000e+00,0.000000000000000000e+00,0.000000000000000000e+00,0.000000000000000000e+00,0.000000000000000000e+00,0.000000000000000000e+00
1.000000000000000000e+00,6.018690872192382812e+01,2.482180023193359375e+01,9.866666793823242188e+00,3.000000000000000000e+00,0.000000000000000000e+00,0.000000000000000000e+00,0.000000000000000000e+00,0.000000000000000000e+00,0.000000000000000000e+00,0.000000000000000000e+00,0.000000000000000000e+00,0.000000000000000000e+00
1.000000000000000000e+00,6.018690872192382812e+01,2.482180023193359375e+01,9.866666793823242188e+00,3.000000000000000000e+00,0.000000000000000000e+00,0.000000000000000000e+00,0.000000000000000000e+00,0.000000000000000000e+00,0.000000000000000000e+00,0.000000000000000000e+00,0.000000000000000000e+00,0.000000000000000000e+00
1.000000000000000000e+00,6.018690872192382812e+01,2.482180023193359375e+01,9.883333206176757812e+00,3.000000000000000000e+00,0.000000000000000000e+00,0.000000000000000000e+00,0.000000000000000000e+00,0.000000000000000000e+00,0.000000000000000000e+00,0.000000000000000000e+00,0.000000000000000000e+00,0.000000000000000000e+00
1.000000000000000000e+00,6.018690872192382812e+01,2.482180213928222656e+01,9.883333206176757812e+00,3.000000000000000000e+00,0.000000000000000000e+00,9.501830432614539745e-01,0.000000000000000000e+00,0.000000000000000000e+00,1.907348632812500000e-06,0.000000000000000000e+00,3.637978807091712952e-12,0.000000000000000000e+00
1.000000000000000000e+00,6.018690872192382812e+01,2.482180213928222656e+01,9.883333206176757812e+00,3.000000000000000000e+00,0.000000000000000000e+00,0.000000000000000000e+00,0.000000000000000000e+00,9.501830432614539745e-01,0.000000000000000000e+00,1.907348632812500000e-06,3.637978807091712952e-12,0.000000000000000000e+00
1.000000000000000000e+00,6.018690872192382812e+01,2.482180023193359375e+01,9.883333206176757812e+00,3.000000000000000000e+00,0.000000000000000000e+00,-9.501830432614539745e-01,0.000000000000000000e+00,0.000000000000000000e+00,1.907348632812500000e-06,0.000000000000000000e+00,3.637978807091712952e-12,0.000000000000000000e+00
1.000000000000000000e+00,6.018692016601562500e+01,2.482175636291503906e+01,9.883333206176757812e+00,3.000000000000000000e+00,2.065231806023735961e-01,-7.916721923090987989e-01,0.000000000000000000e+00,-9.501830432614539745e-01,4.533715943910489332e-05,1.907348632812500000e-06,1.886148466670351694e-09,0.000000000000000000e+00
1.000000000000000000e+00,6.018660354614257812e+01,2.482133483886718750e+01,1.448333358764648438e+01,3.000000000000000000e+00,0.000000000000000000e+00,0.000000000000000000e+00,2.065231806023735961e-01,-7.916721923090987989e-01,0.000000000000000000e+00,4.533715943910489332e-05,2.055458026006817818e-09,0.000000000000000000e+00
1.000000000000000000e+00,6.018659210205078125e+01,2.482132720947265625e+01,1.448333358764648438e+01,3.000000000000000000e+00,-5.968706786562865130e-01,-3.979137857708577308e-01,0.000000000000000000e+00,0.000000000000000000e+00,1.375408659158321047e-05,0.000000000000000000e+00,1.891748979687690476e-10,0.000000000000000000e+00
1.000000000000000000e+00,6.018661117553710938e+01,2.482139968872070312e+01,1.450000000000000000e+01,3.000000000000000000e+00,2.081060260579377652e-01,7.908028990201635411e-01,-5.968706786562865130e-01,-3.979137857708577308e-01,7.494690973048591333e-05,1.375408659158321047e-05,3.744561603709026411e-09,0.000000000000000000e+00
1.000000000000000000e+00,6.018667602539062500e+01,2.482142257690429688e+01,1.450000000000000000e+01,3.000000000000000000e+00,7.382889651196854475e-01,2.605725759245948736e-01,2.081060260579377652e-01,7.908028990201635411e-01,6.877043295791605403e-05,7.494690973048591333e-05,3.814886532209498260e-11,0.000000000000000000e+00
1.000000000000000000e+00,6.018674087524414062e+01,2.482151794433593750e+01,1.450000000000000000e+01,3.000000000000000000e+00,4.045094292385278401e-01,5.948668077037173596e-01,7.382889651196854475e-01,2.605725759245948736e-01,1.153275791765668836e-04,6.877043295791605403e-05,2.167567864024833150e-09,0.000000000000000000e+00
1.000000000000000000e+00,6.018684768676757812e+01,2.482153320312500000e+01,1.450000000000000000e+01,3.000000000000000000e+00,8.742837867219174219e-01,1.248976838174167686e-01,4.045094292385278401e-01,5.948668077037173596e-01,1.078959321878887254e-04,1.153275791765668836e-04,5.522937696432913680e-11,0.000000000000000000e+00
1.000000000000000000e+00,6.018692779541015625e+01,2.482152748107910156e+01,1.450000000000000000e+01,3.000000000000000000e+00,9.322471866378044814e-01,-6.658908475984318120e-02,8.742837867219174219e-01,1.248976838174167686e-01,8.031274136134071114e-05,1.078959321878887254e-04,7.608324161737625193e-10,0.000000000000000000e+00
1.000000000000000000e+00,6.018692016601562500e+01,2.482156181335449219e+01,1.451666641235351562e+01,3.000000000000000000e+00,-1.813859160946480198e-01,8.162366224259161029e-01,9.322471866378044814e-01,-6.658908475984318120e-02,3.516977103154330091e-05,8.031274136134071114e-05,2.037887770196969151e-09,0.000000000000000000e+00
1.000000000000000000e+00,6.018692779541015625e+01,2.482156562805175781e+01,1.451666641235351562e+01,3.000000000000000000e+00,6.608917068136348494e-01,3.304458534068174247e-01,-1.813859160946480198e-01,8.162366224259161029e-01,8.529922399520072193e-06,3.516977103154330091e-05,7.096815351371099295e-10,0.000000000000000000e+00
1.000000000000000000e+00,6.018695068359375000e+01,2.482153892517089844e+01,1.451666641235351562e+01,3.000000000000000000e+00,4.606096457309961090e-01,-5.373779200194954697e-01,6.608917068136348494e-01,3.304458534068174247e-01,3.516977103154330091e-05,8.529922399520072193e-06,7.096815351371099295e-10,0.000000000000000000e+00
1.000000000000000000e+00,6.018696594238281250e+01,2.482152175903320312e+01,1.451666641235351562e+01,3.000000000000000000e+00,4.691413811972637848e-01,-5.277840538469217302e-01,4.606096457309961090e-01,-5.373779200194954697e-01,2.296751895674189716e-05,3.516977103154330091e-05,1.488949556969951665e-10,0.000000000000000000e+00
1.000000000000000000e+00,6.018695449829101562e+01,2.482153129577636719e+01,1.451666641235351562e+01,3.000000000000000000e+00,-5.428671026589196869e-01,4.523892522157663687e-01,4.691413811972637848e-01,-5.277840538469217302e-01,1.489686904126482768e-05,2.296751895674189716e-05,6.513539005819003200e-11,0.000000000000000000e+00
1.000000000000000000e+00,6.018695449829101562e+01,2.482153320312500000e+01,1.451666641235351562e+01,3.000000000000000000e+00,0.000000000000000000e+00,9.501830432614539745e-01,-5.428671026589196869e-01,4.523892522157663687e-01,1.907348632812500000e-06,1.489686904126482768e-05,1.687276404415995237e-10,0.000000000000000000e+00
1.000000000000000000e+00,6.018740081787109375e+01,2.482262992858886719e+01,1.720000076293945312e+01,3.000000000000000000e+00,0.000000000000000000e+00,0.000000000000000000e+00,0.000000000000000000e+00,9.501830432614539745e-01,0.000000000000000000e+00,1.907348632812500000e-06,3.637978807091712952e-12,0.000000000000000000e+00
1.000000000000000000e+00,6.018740081787109375e+01,2.482262992858886719e+01,1.720000076293945312e+01,3.000000000000000000e+00,0.000000000000000000e+00,0.000000000000000000e+00,0.000000000000000000e+00,0.000000000000000000e+00,0.000000000000000000e+00,0.000000000000000000e+00,0.000000000000000000e+00,0.000000000000000000e+00
1.000000000000000000e+00,6.018727874755859375e+01,2.482028961181640625e+01,1.720000076293945312e+01,3.000000000000000000e+00,-4.957196049697715212e-02,-9.503874301529837698e-01,0.000000000000000000e+00,0.000000000000000000e+00,2.343498187892584586e-03,0.000000000000000000e+00,5.491983756655828012e-06,0.000000000000000000e+00
1.000000000000000000e+00,6.018721771240234375e+01,2.482028961181640625e+01,1.720000076293945312e+01,3.000000000000000000e+00,-9.983642799637074683e-01,0.000000000000000000e+00,-4.957196049697715212e-02,-9.503874301529837698e-01,6.103515625000000000e-05,2.343498187892584586e-03,5.209637490815057774e-06,0.000000000000000000e+00
1.000000000000000000e+00,6.018667221069335938e+01,2.481997680664062500e+01,1.721666717529296875e+01,3.000000000000000000e+00,-6.354815165925842280e-01,-3.644019885356077348e-01,-9.983642799637074683e-01,0.000000000000000000e+00,6.288236577136808612e-04,6.103515625000000000e-05,3.223837823943723067e-07,0.000000000000000000e+00
1.000000000000000000e+00,6.018660736083984375e+01,2.482028007507324219e+01,1.721666717529296875e+01,3.000000000000000000e+00,-1.761179603454955389e-01,8.236104616156997293e-01,-6.354815165925842280e-01,-3.644019885356077348e-01,3.101245648494869002e-04,6.288236577136808612e-04,1.015691117924601300e-07,0.000000000000000000e+00
1.000000000000000000e+00,6.018659210205078125e+01,2.482034683227539062e+01,1.721666717529296875e+01,3.000000000000000000e+00,-1.858199461211349768e-01,8.129622642799655408e-01,-1.761179603454955389e-01,8.236104616156997293e-01,6.847886303335662980e-05,3.101245648494869002e-04,5.839264520621014602e-08,0.000000000000000000e+00
1.000000000000000000e+00,6.018577194213867188e+01,2.482435989379882812e+01,1.721666717529296875e+01,3.000000000000000000e+00,-1.696886753853101559e-01,8.302906349085873439e-01,-1.858199461211349768e-01,8.129622642799655408e-01,4.096013314471251034e-03,6.847886303335662980e-05,1.622103375751913861e-05,0.000000000000000000e+00
1.000000000000000000e+00,6.018570709228515625e+01,2.482442855834960938e+01,1.721666717529296875e+01,3.000000000000000000e+00,-4.853507663106179093e-01,5.139008113877130413e-01,-1.696886753853101559e-01,8.302906349085873439e-01,9.444746706497152296e-05,4.096013314471251034e-03,1.601252923112833423e-05,0.000000000000000000e+00
1.000000000000000000e+00,6.018430709838867188e+01,2.482701683044433594e+01,1.721666717529296875e+01,3.000000000000000000e+00,-3.510194148604983688e-01,6.489555122148450428e-01,-4.853507663106179093e-01,5.139008113877130413e-01,2.942640879640893384e-03,9.444746706497152296e-05,8.112205715440875249e-06,0.000000000000000000e+00
1.000000000000000000e+00,6.018372726440429688e+01,2.482781028747558594e+01,1.723333358764648438e+01,3.000000000000000000e+00,-4.221914791769118547e-01,5.777357083473529942e-01,-3.510194148604983688e-01,6.489555122148450428e-01,9.827418327700572064e-04,2.942640879640893384e-03,3.841204273925212713e-06,0.000000000000000000e+00
1.000000000000000000e+00,6.018299484252929688e+01,2.482719802856445312e+01,1.723333358764648438e+01,3.000000000000000000e+00,-5.446403477448739094e-01,-4.552852906929805710e-01,-4.221914791769118547e-01,5.777357083473529942e-01,9.546217980122037421e-04,9.827418327700572064e-04,7.907363547828869034e-10,0.000000000000000000e+00
1.000000000000000000e+00,6.018288421630859375e+01,2.482680892944335938e+01,1.723333358764648438e+01,3.000000000000000000e+00,-2.213297555210448353e-01,-7.784701745912611104e-01,-5.446403477448739094e-01,-4.552852906929805710e-01,4.045198224351746990e-04,9.546217980122037421e-04,3.026121835337502006e-07,0.000000000000000000e+00
1.000000000000000000e+00,6.018160629272460938e+01,2.482393836975097656e+01,1.723333358764648438e+01,3.000000000000000000e+00,-3.080385516820144942e-01,-6.919373437036295815e-01,-2.213297555210448353e-01,-7.784701745912611104e-01,3.142165118837069674e-03,4.045198224351746990e-04,7.494701768911420221e-06,0.000000000000000000e+00
1.000000000000000000e+00,6.018095016479492188e+01,2.482438659667968750e+01,1.723333358764648438e+01,3.000000000000000000e+00,-5.940740128020683963e-01,4.058354447921106445e-01,-3.080385516820144942e-01,-6.919373437036295815e-01,7.946138934964860033e-04,3.142165118837069674e-03,5.510996755598076018e-06,0.000000000000000000e+00
1.000000000000000000e+00,6.017985153198242188e+01,2.482481193542480469e+01,1.723333358764648438e+01,3.000000000000000000e+00,-7.208538254054550620e-01,2.790805608774591384e-01,-5.940740128020683963e-01,4.058354447921106445e-01,1.178094692628535662e-03,7.946138934964860033e-04,1.470575233029554246e-07,0.000000000000000000e+00
1.000000000000000000e+00,6.017938232421875000e+01,2.482428932189941406e+01,1.725000000000000000e+01,3.000000000000000000e+00,-4.730292300867338651e-01,-5.268699554624596271e-01,-7.208538254054550620e-01,2.790805608774591384e-01,7.023395349908614655e-04,1.178094692628535662e-03,2.263429700188482310e-07,0.000000000000000000e+00
1.000000000000000000e+00,6.017940139770507812e+01,2.482400512695312500e+01,1.725000000000000000e+01,3.000000000000000000e+00,6.287235017689965511e-02,-9.367980176358048361e-01,-4.730292300867338651e-01,-5.268699554624596271e-01,2.848342770400927207e-04,7.023395349908614655e-04,1.743106404165379505e-07,0.000000000000000000e+00
1.000000000000000000e+00,6.017925262451171875e+01,2.482373237609863281e+01,1.725000000000000000e+01,3.000000000000000000e+00,-3.528574665450588399e-01,-6.469053553326078454e-01,6.287235017689965511e-02,-9.367980176358048361e-01,3.106871282955964522e-04,2.848342770400927207e-04,6.683699180392008187e-10,0.000000000000000000e+00
1.000000000000000000e+00,6.017930603027343750e+01,2.482375717163085938e+01,1.725000000000000000e+01,3.000000000000000000e+00,6.820546510514866601e-01,3.166682308453330763e-01,-3.528574665450588399e-01,-6.469053553326078454e-01,5.888118377850773259e-05,3.106871282955964522e-04,6.340623369414314652e-08,0.000000000000000000e+00
1.000000000000000000e+00,6.017937850952148438e+01,2.482382011413574219e+01,1.725000000000000000e+01,3.000000000000000000e+00,5.348163411410363777e-01,4.644457699382684712e-01,6.820546510514866601e-01,3.166682308453330763e-01,9.599479318360610615e-05,5.888118377850773259e-05,1.377420003074206392e-09,0.000000000000000000e+00
1.000000000000000000e+00,6.017932891845703125e+01,2.482376480102539062e+01,1.725000000000000000e+01,3.000000000000000000e+00,-4.722770741769707348e-01,-5.267705827358519777e-01,5.348163411410363777e-01,4.644457699382684712e-01,7.428871953640154831e-05,9.599479318360610615e-05,4.711536331778681751e-10,0.000000000000000000e+00
1.000000000000000000e+00,6.017931365966796875e+01,2.482372474670410156e+01,1.726666641235351562e+01,3.000000000000000000e+00,-2.753642408031647948e-01,-7.228311321083075169e-01,-4.722770741769707348e-01,-5.267705827358519777e-01,4.286232958649488658e-05,7.428871953640154831e-05,9.876179852835944955e-10,0.000000000000000000e+00
1.000000000000000000e+00,6.017920684814453125e+01,2.482347297668457031e+01,1.726666641235351562e+01,3.000000000000000000e+00,-2.977892939609828593e-01,-7.019319071937453192e-01,-2.753642408031647948e-01,-7.228311321083075169e-01,2.734901173238360700e-04,4.286232958649488658e-05,5.318917647662010299e-08,0.000000000000000000e+00
1.000000000000000000e+00,6.017890548706054688e+01,2.482433319091796875e+01,1.726666641235351562e+01,3.000000000000000000e+00,-2.594193743078953562e-01,7.404945431193722394e-01,-2.977892939609828593e-01,-7.019319071937453192e-01,9.114751945508441002e-04,2.734901173238360700e-04,4.070249587643513481e-07,0.000000000000000000e+00
1.000000000000000000e+00,6.017757034301757812e+01,2.482672119140625000e+01,1.726666641235351562e+01,3.000000000000000000e+00,-3.585969258163400619e-01,6.413762158886539000e-01,-2.594193743078953562e-01,7.404945431193722394e-01,2.735901304416229855e-03,9.114751945508441002e-04,3.328530630358544729e-06,0.000000000000000000e+00
1.000000000000000000e+00,6.017682266235351562e+01,2.482854843139648438e+01,1.726666641235351562e+01,3.000000000000000000e+00,-2.903590939415819361e-01,7.096020714184578804e-01,-3.585969258163400619e-01,6.413762158886539000e-01,1.974292875265638066e-03,2.735901304416229855e-03,5.800473993532319535e-07,0.000000000000000000e+00
1.000000000000000000e+00,6.017581176757812500e+01,2.482789230346679688e+01,1.726666641235351562e+01,3.000000000000000000e+00,-6.063709481680007451e-01,-3.935690682448910738e-01,-2.903590939415819361e-01,7.096020714184578804e-01,1.205160614618676958e-03,1.974292875265638066e-03,5.915644343679048714e-07,0.000000000000000000e+00
1.000000000000000000e+00,6.017549133300781250e+01,2.482768821716308594e+01,1.728333282470703125e+01,3.000000000000000000e+00,-6.107926431806153245e-01,-3.890167429781300479e-01,-6.063709481680007451e-01,-3.935690682448910738e-01,3.799072692299392527e-04,1.205160614618676958e-03,6.810430840753032733e-07,0.000000000000000000e+00
1.000000000000000000e+00,6.017366790771484375e+01,2.482674789428710938e+01,1.728333282470703125e+01,3.000000000000000000e+00,-6.597414841585061973e-01,-3.402223344039158048e-01,-6.107926431806153245e-01,-3.890167429781300479e-01,2.051605934414064102e-03,3.799072692299392527e-04,2.794576427178384752e-06,0.000000000000000000e+00
1.000000000000000000e+00,6.017282485961914062e+01,2.482621383666992188e+01,1.728333282470703125e+01,3.000000000000000000e+00,-6.121439141678017837e-01,-3.877834750384264728e-01,-6.597414841585061973e-01,-3.402223344039158048e-01,9.979717581899078330e-04,2.051605934414064102e-03,1.110144977307556355e-06,0.000000000000000000e+00
1.000000000000000000e+00,6.017170715332031250e+01,2.482562255859375000e+01,1.728333282470703125e+01,3.000000000000000000e+00,-6.539795899942768553e-01,-3.459618991437301005e-01,-6.121439141678017837e-01,-3.877834750384264728e-01,1.264467134330338974e-03,9.979717581899078330e-04,7.101978550422987024e-08,0.000000000000000000e+00
1.000000000000000000e+00,6.017079925537109375e+01,2.482446861267089844e+01,1.728333282470703125e+01,3.000000000000000000e+00,-4.403116697386953438e-01,-5.596398323359468296e-01,-6.539795899942768553e-01,-3.459618991437301005e-01,1.468288077681405247e-03,1.264467134330338974e-03,4.154297694851856776e-08,0.000000000000000000e+00
1.000000000000000000e+00,6.016963195800781250e+01,2.482225418090820312e+01,1.728333282470703125e+01,3.000000000000000000e+00,-3.451674581412129683e-01,-6.548029720620069938e-01,-4.403116697386953438e-01,-5.596398323359468296e-01,2.503256112737413733e-03,1.468288077681405247e-03,1.071158833587695248e-06,0.000000000000000000e+00
1.000000000000000000e+00,6.016965103149414062e+01,2.481939315795898438e+01,1.729999923706054688e+01,3.000000000000000000e+00,6.622286623482831133e-03,-9.933429935224247220e-01,-3.451674581412129683e-01,-6.548029720620069938e-01,2.861086526800100602e-03,2.503256112737413733e-03,1.280426052282739237e-07,0.000000000000000000e+00
1.000000000000000000e+00,6.016992568969726562e+01,2.481548881530761719e+01,1.729999923706054688e+01,3.000000000000000000e+00,6.572184129745639591e-02,-9.342542301103697877e-01,6.622286623482831133e-03,-9.933429935224247220e-01,3.913991398537919157e-03,2.861086526800100602e-03,1.108608668929232159e-06,0.000000000000000000e+00
1.000000000000000000e+00,6.016979217529296875e+01,2.481065750122070312e+01,1.729999923706054688e+01,3.000000000000000000e+00,-2.689150599716111020e-02,-9.730883527258441523e-01,6.572184129745639591e-02,-9.342542301103697877e-01,4.833158584463064476e-03,3.913991398537919157e-03,8.448683156815506580e-07,0.000000000000000000e+00
1.000000000000000000e+00,6.016981124877929688e+01,2.481023025512695312e+01,1.729999923706054688e+01,3.000000000000000000e+00,4.272546989266705342e-02,-9.570505255957421076e-01,-2.689150599716111020e-02,-9.730883527258441523e-01,4.276716292967572470e-04,4.833158584463064476e-03,1.940831531214050055e-05,0.000000000000000000e+00
1.000000000000000000e+00,6.016951370239257812e+01,2.480313873291015625e+01,1.729999923706054688e+01,3.000000000000000000e+00,-4.026791140984157386e-02,-9.597185552678909604e-01,4.272546989266705342e-02,-9.570505255957421076e-01,7.097761703774863214e-03,4.276716292967572470e-04,4.449010160165134343e-05,0.000000000000000000e+00
1.000000000000000000e+00,6.016910171508789062e+01,2.479886054992675781e+01,1.729999923706054688e+01,3.000000000000000000e+00,-8.783871277824134571e-02,-9.121399664888673042e-01,-4.026791140984157386e-02,-9.597185552678909604e-01,4.297974311075349919e-03,7.097761703774863214e-03,7.838809444319138484e-06,0.000000000000000000e+00
1.000000000000000000e+00,6.016874313354492188e+01,2.479542350769042969e+01,1.731666755676269531e+01,3.000000000000000000e+00,-9.446987289343118654e-02,-9.055037816700158837e-01,-8.783871277824134571e-02,-9.121399664888673042e-01,3.455696754239481489e-03,4.297974311075349919e-03,7.094314827493995852e-07,0.000000000000000000e+00
1.000000000000000000e+00,6.016872024536132812e+01,2.479056930541992188e+01,1.731666755676269531e+01,3.000000000000000000e+00,-4.692903385493539872e-03,-9.952865930067549272e-01,-9.446987289343118654e-02,-9.055037816700158837e-01,4.854256230562147001e-03,3.455696754239481489e-03,1.955968608811928557e-06,0.000000000000000000e+00
1.000000000000000000e+00,6.016870498657226562e+01,2.478656005859375000e+01,1.731666755676269531e+01,3.000000000000000000e+00,-3.791374987089609835e-03,-9.961837778577948832e-01,-4.692903385493539872e-03,-9.952865930067549272e-01,4.009275862772840662e-03,4.854256230562147001e-03,7.139918219493513950e-07,0.000000000000000000e+00
1.000000000000000000e+00,6.016854095458984375e+01,2.478256988525390625e+01,1.731666755676269531e+01,3.000000000000000000e+00,-3.948481628028659152e-02,-9.604911123065064116e-01,-3.791374987089609835e-03,-9.961837778577948832e-01,3.993543510875658190e-03,4.009275862772840662e-03,2.475068962167809534e-10,0.000000000000000000e+00
1.000000000000000000e+00,6.016855239868164062e+01,2.478220367431640625e+01,1.731666755676269531e+01,3.000000000000000000e+00,3.029500842960629325e-02,-9.694402697474013841e-01,-3.948481628028659152e-02,-9.604911123065064116e-01,3.663897077998837584e-04,3.993543510875658190e-03,1.315624471116705312e-05,0.000000000000000000e+00
1.000000000000000000e+00,6.016843795776367188e+01,2.477846717834472656e+01,1.731666755676269531e+01,3.000000000000000000e+00,-2.971691034078807747e-02,-9.702571226267306947e-01,3.029500842960629325e-02,-9.694402697474013841e-01,3.738248101729480313e-03,3.663897077998837584e-04,1.136942902871347766e-05,0.000000000000000000e+00
1.000000000000000000e+00,6.016796493530273438e+01,2.477162933349609375e+01,1.733333396911621094e+01,3.000000000000000000e+00,-6.470039338273295138e-02,-9.352859285366840192e-01,-2.971691034078807747e-02,-9.702571226267306947e-01,6.854186488747271780e-03,3.738248101729480313e-03,9.709072031691036379e-06,0.000000000000000000e+00
1.000000000000000000e+00,6.016740798950195312e+01,2.476744651794433594e+01,1.733333396911621094e+01,3.000000000000000000e+00,-1.175025510994965328e-01,-8.824763512369723228e-01,-6.470039338273295138e-02,-9.352859285366840192e-01,4.219731574997973717e-03,6.854186488747271780e-03,6.940352692577821727e-06,0.000000000000000000e+00
1.000000000000000000e+00,6.016714477539062500e+01,2.476437568664550781e+01,1.733333396911621094e+01,3.000000000000000000e+00,-7.894500057686142103e-02,-9.210250067300499444e-01,-1.175025510994965328e-01,-8.824763512369723228e-01,3.082091259885839755e-03,4.219731574997973717e-03,1.294225486568435499e-06,0.000000000000000000e+00
1.000000000000000000e+00,6.016673660278320312e+01,2.476100158691406250e+01,1.733333396911621094e+01,3.000000000000000000e+00,-1.079144438604164036e-01,-8.920591177059655763e-01,-7.894500057686142103e-02,-9.210250067300499444e-01,3.398698850323297362e-03,3.082091259885839755e-03,1.002403663226129000e-07,0.000000000000000000e+00
1.000000000000000000e+00,6.016644668579101562e+01,2.475739860534667969e+01,1.733333396911621094e+01,3.000000000000000000e+00,-7.447138439719828973e-02,-9.255029284625498898e-01,-1.079144438604164036e-01,-8.920591177059655763e-01,3.614626956860051386e-03,3.398698850323297362e-03,4.662494719254779617e-08,0.000000000000000000e+00
1.000000000000000000e+00,6.016664123535156250e+01,2.475427246093750000e+01,1.733333396911621094e+01,3.000000000000000000e+00,5.858525470729351176e-02,-9.413846320122948308e-01,-7.447138439719828973e-02,-9.255029284625498898e-01,3.132192267175564013e-03,3.614626956860051386e-03,2.327432298109676262e-07,0.000000000000000000e+00
1.000000000000000000e+00,6.016739654541015625e+01,2.475256729125976562e+01,1.735000038146972656e+01,3.000000000000000000e+00,3.069642683967171437e-01,-6.929950907744069077e-01,5.858525470729351176e-02,-9.413846320122948308e-01,1.864965660401726039e-03,3.132192267175564013e-03,1.605863272915535379e-06,0.000000000000000000e+00
1.000000000000000000e+00,6.016888046264648438e+01,2.475341606140136719e+01,1.735000038146972656e+01,3.000000000000000000e+00,6.361133682252166910e-01,3.638437646018270466e-01,3.069642683967171437e-01,-6.929950907744069077e-01,1.709509028214252230e-03,1.864965660401726039e-03,2.416676449107151833e-08,0.000000000000000000e+00
1.000000000000000000e+00,6.016995620727539062e+01,2.475453567504882812e+01,1.735000038146972656e+01,3.000000000000000000e+00,4.899863688989246624e-01,5.099680825242354221e-01,6.361133682252166910e-01,3.638437646018270466e-01,1.552662624719687665e-03,1.709509028214252230e-03,2.460079428917975496e-08,0.000000000000000000e+00
1.000000000000000000e+00,6.017038345336914062e+01,2.475385475158691406e+01,1.735000038146972656e+01,3.000000000000000000e+00,3.855073809133004459e-01,-6.144023883305725908e-01,4.899863688989246624e-01,5.099680825242354221e-01,8.038631634859663396e-04,1.552662624719687665e-03,5.607006331439113789e-07,0.000000000000000000e+00
1.000000000000000000e+00,6.017033386230468750e+01,2.475318527221679688e+01,1.735000038146972656e+01,3.000000000000000000e+00,-6.895592764843636036e-02,-9.309050232538909064e-01,3.855073809133004459e-01,-6.144023883305725908e-01,6.713135636095103956e-04,8.038631634859663396e-04,1.756939642740857069e-08,0.000000000000000000e+00
1.000000000000000000e+00,6.017016601562500000e+01,2.475262832641601562e+01,1.735000038146972656e+01,3.000000000000000000e+00,-2.315470007068667069e-01,-7.683150478000576600e-01,-6.895592764843636036e-02,-9.309050232538909064e-01,5.816881749614531130e-04,6.713135636095103956e-04,8.032710290315314958e-09,0.000000000000000000e+00
1.000000000000000000e+00,6.017010116577148438e+01,2.475216865539550781e+01,1.736666679382324219e+01,3.000000000000000000e+00,-1.236127968341721589e-01,-8.761965893245732273e-01,-2.315470007068667069e-01,-7.683150478000576600e-01,4.642229535424673452e-04,5.816881749614531130e-04,1.379807824301135267e-08,0.000000000000000000e+00
1.000000000000000000e+00,6.016987609863281250e+01,2.474997329711914062e+01,1.736666679382324219e+01,3.000000000000000000e+00,-9.298276203732522283e-02,-9.069759246183163315e-01,-1.236127968341721589e-01,-8.761965893245732273e-01,2.206865011395996688e-03,4.642229535424673452e-04,3.036801341799983208e-06,0.000000000000000000e+00
1.000000000000000000e+00,6.016978836059570312e+01,2.474781227111816406e+01,1.736666679382324219e+01,3.000000000000000000e+00,-3.901438042650678256e-02,-9.609411526789605196e-01,-9.298276203732522283e-02,-9.069759246183163315e-01,2.162806357502344758e-03,2.206865011395996688e-03,1.941164982920610341e-09,0.000000000000000000e+00
1.000000000000000000e+00,6.016936492919921875e+01,2.474529266357421875e+01,1.736666679382324219e+01,3.000000000000000000e+00,-1.438706785696483581e-01,-8.560953441013759990e-01,-3.901438042650678256e-02,-9.609411526789605196e-01,2.554939592834796873e-03,2.162806357502344758e-03,1.537684742522962838e-07,0.000000000000000000e+00
1.000000000000000000e+00,6.016836547851562500e+01,2.474273109436035156e+01,1.736666679382324219e+01,3.000000000000000000e+00,-2.806562857673940981e-01,-7.193156331786455526e-01,-1.438706785696483581e-01,-8.560953441013759990e-01,2.749643341666001446e-03,2.554939592834796873e-03,3.790954980892479449e-08,0.000000000000000000e+00
1.000000000000000000e+00,6.016750717163085938e+01,2.474110412597656250e+01,1.736666679382324219e+01,3.000000000000000000e+00,-3.453429732020925624e-01,-6.546167914252999376e-01,-2.806562857673940981e-01,-7.193156331786455526e-01,1.839488197919537113e-03,2.749643341666001446e-03,8.283823856881471748e-07,0.000000000000000000e+00
1.000000000000000000e+00,6.016740798950195312e+01,2.474085807800292969e+01,1.738333320617675781e+01,3.000000000000000000e+00,-2.872096240003602641e-01,-7.125007980008937203e-01,-3.453429732020925624e-01,-6.546167914252999376e-01,2.652860720490036930e-04,1.839488197919537113e-03,2.478112333095306657e-06,0.000000000000000000e+00
1.000000000000000000e+00,6.016621780395507812e+01,2.473719024658203125e+01,1.738333320617675781e+01,3.000000000000000000e+00,-2.449890677334768674e-01,-7.549903481594166799e-01,-2.872096240003602641e-01,-7.125007980008937203e-01,3.856102821258789413e-03,2.652860720490036930e-04,1.289396492640553201e-05,0.000000000000000000e+00
1.000000000000000000e+00,6.016580581665039062e+01,2.473450851440429688e+01,1.738333320617675781e+01,3.000000000000000000e+00,-1.331646228968058343e-01,-8.668030545968009593e-01,-2.449890677334768674e-01,-7.549903481594166799e-01,2.713193876655264902e-03,3.856102821258789413e-03,1.306240855654742234e-06,0.000000000000000000e+00
1.000000000000000000e+00,6.016582489013671875e+01,2.473253631591796875e+01,1.738333320617675781e+01,3.000000000000000000e+00,9.578063059049320496e-03,-9.903717203056997542e-01,-1.331646228968058343e-01,-8.668030545968009593e-01,1.972290715730228364e-03,2.713193876655264902e-03,5.489374938687106402e-07,0.000000000000000000e+00
1.000000000000000000e+00,6.016590881347656250e+01,2.473055267333984375e+01,1.738333320617675781e+01,3.000000000000000000e+00,4.058844280133769300e-02,-9.593631934861637234e-01,9.578063059049320496e-03,-9.903717203056997542e-01,1.985417085833837171e-03,1.972290715730228364e-03,1.723015920969150948e-10,0.000000000000000000e+00
1.000000000000000000e+00,6.016592788696289062e+01,2.472913932800292969e+01,1.738333320617675781e+01,3.000000000000000000e+00,1.331464970558390859e-02,-9.866155431837676515e-01,4.058844280133769300e-02,-9.593631934861637234e-01,1.413474032042129217e-03,1.985417085833837171e-03,3.271188567805845489e-07,0.000000000000000000e+00
1.000000000000000000e+00,6.016590881347656250e+01,2.472901535034179688e+01,1.739999961853027344e+01,3.000000000000000000e+00,-1.332401916885066762e-01,-8.660612459752934367e-01,1.331464970558390859e-02,-9.866155431837676515e-01,1.254362720295515638e-04,1.413474032042129217e-03,1.659041271218218785e-06,0.000000000000000000e+00
1.000000000000000000e+00,6.016587448120117188e+01,2.472901725769042969e+01,1.739999961853027344e+01,3.000000000000000000e+00,-9.447614364001716281e-01,5.248674646667620541e-02,-1.332401916885066762e-01,-8.660612459752934367e-01,3.438521647895802702e-05,1.254362720295515638e-04,8.290294716877270201e-09,0.000000000000000000e+00
1.000000000000000000e+00,6.016588211059570312e+01,2.472874641418457031e+01,1.739999961853027344e+01,3.000000000000000000e+00,2.738742541199013641e-02,-9.722536021256498184e-01,-9.447614364001716281e-01,5.248674646667620541e-02,2.709509408123742945e-04,3.438521647895802702e-05,5.596334192939390050e-08,0.000000000000000000e+00
1.000000000000000000e+00,6.016578292846679688e+01,2.472825050354003906e+01,1.739999961853027344e+01,3.000000000000000000e+00,-1.666386645345668549e-01,-8.331933226728341912e-01,2.738742541199013641e-02,-9.722536021256498184e-01,5.057316106926437391e-04,2.709509408123742945e-04,5.512196294942805701e-08,0.000000000000000000e+00
1.000000000000000000e+00,6.016519927978515625e+01,2.472619438171386719e+01,1.739999961853027344e+01,3.000000000000000000e+00,-2.210898905508282553e-01,-7.788722288032446928e-01,-1.666386645345668549e-01,-8.331933226728341912e-01,2.137354146518822846e-03,5.057316106926437391e-04,2.662192099415851178e-06,0.000000000000000000e+00
1.000000000000000000e+00,6.016429138183593750e+01,2.472466659545898438e+01,1.739999961853027344e+01,3.000000000000000000e+00,-3.727333265771085036e-01,-6.272256188829073986e-01,-2.210898905508282553e-01,-7.788722288032446928e-01,1.777191471621575791e-03,2.137354146518822846e-03,1.297171523891400831e-07,0.000000000000000000e+00
1.000000000000000000e+00,6.016349792480468750e+01,2.472332572937011719e+01,1.741666603088378906e+01,3.000000000000000000e+00,-3.717430830708188805e-01,-6.282100658624655276e-01,-3.727333265771085036e-01,-6.272256188829073986e-01,1.558042338549903323e-03,1.777191471621575791e-03,4.802634252606560695e-08,0.000000000000000000e+00
1.000000000000000000e+00,6.016300964355468750e+01,2.472184562683105469e+01,1.741666603088378906e+01,3.000000000000000000e+00,-2.480494138245082358e-01,-7.518997856555406090e-01,-3.717430830708188805e-01,-6.282100658624655276e-01,1.558564116499806243e-03,1.558042338549903323e-03,2.722522290048935856e-13,0.000000000000000000e+00
1.000000000000000000e+00,6.016353607177734375e+01,2.472127914428710938e+01,1.741666603088378906e+01,3.000000000000000000e+00,4.816313239923920575e-01,-5.182771856005088384e-01,-2.480494138245082358e-01,-7.518997856555406090e-01,7.733234421661943064e-04,1.558564116499806243e-03,6.166029166279055690e-07,0.000000000000000000e+00
1.000000000000000000e+00,6.016416549682617188e+01,2.471973228454589844e+01,1.741666603088378906e+01,3.000000000000000000e+00,2.892066934619718088e-01,-7.107473587807853210e-01,4.816313239923920575e-01,-5.182771856005088384e-01,1.670015254742140314e-03,7.733234421661943064e-04,8.040562067407355167e-07,0.000000000000000000e+00
1.000000000000000000e+00,6.016477966308593750e+01,2.471898269653320312e+01,1.741666603088378906e+01,3.000000000000000000e+00,4.503166299852724430e-01,-5.496100483981741780e-01,2.892066934619718088e-01,-7.107473587807853210e-01,9.690626313149244093e-04,1.670015254742140314e-03,4.913345802894963106e-07,0.000000000000000000e+00
1.000000000000000000e+00,6.016515731811523438e+01,2.471842384338378906e+01,1.741666603088378906e+01,3.000000000000000000e+00,4.032156005904679597e-01,-5.966776311768036134e-01,4.503166299852724430e-01,-5.496100483981741780e-01,6.744925231336816162e-04,9.690626313149244093e-04,8.677154863390908742e-08,0.000000000000000000e+00
1.000000000000000000e+00,6.016532516479492188e+01,2.471716308593750000e+01,1.743333244323730469e+01,3.000000000000000000e+00,1.174817631136689799e-01,-8.824482433878999554e-01,4.032156005904679597e-01,-5.966776311768036134e-01,1.271881223328435052e-03,6.744925231336816162e-04,3.568732591203769958e-07,0.000000000000000000e+00
1.000000000000000000e+00,6.016582489013671875e+01,2.471584701538085938e+01,1.743333244323730469e+01,3.000000000000000000e+00,2.751949284245132632e-01,-7.247500023393669277e-01,1.174817631136689799e-01,-8.824482433878999554e-01,1.407752509246695772e-03,1.271881223328435052e-03,1.846100633708175515e-08,0.000000000000000000e+00
1.000000000000000000e+00,6.016608047485351562e+01,2.471450614929199219e+01,1.743333244323730469e+01,3.000000000000000000e+00,1.600855518597594507e-01,-8.398518131150065624e-01,2.751949284245132632e-01,-7.247500023393669277e-01,1.365007478270403862e-03,1.407752509246695772e-03,1.827137673164154979e-09,0.000000000000000000e+00
1.000000000000000000e+00,6.016652679443359375e+01,2.471332168579101562e+01,1.743333244323730469e+01,3.000000000000000000e+00,2.736674291755429866e-01,-7.262712543504794560e-01,1.600855518597594507e-01,-8.398518131150065624e-01,1.265762597293334938e-03,1.365007478270403862e-03,9.849546400152576628e-09,0.000000000000000000e+00
1.000000000000000000e+00,6.016694259643554688e+01,2.471212959289550781e+01,1.743333244323730469e+01,3.000000000000000000e+00,2.585841550925853660e-01,-7.413536556553479429e-01,2.736674291755429866e-01,-7.262712543504794560e-01,1.262527930918134946e-03,1.265762597293334938e-03,1.046306655884945263e-11,0.000000000000000000e+00
1.000000000000000000e+00,6.016732406616210938e+01,2.471087646484375000e+01,1.743333244323730469e+01,3.000000000000000000e+00,2.333579525350970019e-01,-7.665808740777936281e-01,2.585841550925853660e-01,-7.413536556553479429e-01,1.309904220310019116e-03,1.262527930918134946e-03,2.244512796543556534e-09,0.000000000000000000e+00
1.000000000000000000e+00,6.016763305664062500e+01,2.470998382568359375e+01,1.745000076293945312e+01,3.000000000000000000e+00,2.571214594133788833e-01,-7.427953271942057123e-01,2.333579525350970019e-01,-7.665808740777936281e-01,9.446056246168398583e-04,1.309904220310019116e-03,1.334430640154088327e-07,0.000000000000000000e+00
1.000000000000000000e+00,6.016846847534179688e+01,2.470887374877929688e+01,1.745000076293945312e+01,3.000000000000000000e+00,4.293896937388479440e-01,-5.705589081187431022e-01,2.571214594133788833e-01,-7.427953271942057123e-01,1.389314629492195349e-03,9.446056246168398583e-04,1.977660990172289552e-07,0.000000000000000000e+00
1.000000000000000000e+00,6.016850280761718750e+01,2.470890235900878906e+01,1.745000076293945312e+01,3.000000000000000000e+00,5.445893283340194069e-01,4.538244402783495057e-01,4.293896937388479440e-01,-5.705589081187431022e-01,4.469060712379448305e-05,1.389314629492195349e-03,1.808013761530177972e-06,0.000000000000000000e+00
1.000000000000000000e+00,6.016914749145507812e+01,2.470896530151367188e+01,1.745000076293945312e+01,3.000000000000000000e+00,9.109224836315099605e-01,8.893621881609417579e-02,5.445893283340194069e-01,4.538244402783495057e-01,6.477491873852938946e-04,4.469060712379448305e-05,3.636796512270153013e-07,0.000000000000000000e+00
1.000000000000000000e+00,6.017004013061523438e+01,2.470780754089355469e+01,1.745000076293945312e+01,3.000000000000000000e+00,4.353276058567610018e-01,-5.646236255449870178e-01,9.109224836315099605e-01,8.893621881609417579e-02,1.461921449236787884e-03,6.477491873852938946e-04,6.628764719683776438e-07,0.000000000000000000e+00
1.000000000000000000e+00,6.017060852050781250e+01,2.470698547363281250e+01,1.745000076293945312e+01,3.000000000000000000e+00,4.087497527310891554e-01,-5.911783336479846662e-01,4.353276058567610018e-01,-5.646236255449870178e-01,9.994306635125501780e-04,1.461921449236787884e-03,2.138977268798227434e-07,0.000000000000000000e+00
1.000000000000000000e+00,6.017059326171875000e+01,2.470618247985839844e+01,1.746666717529296875e+01,3.000000000000000000e+00,-1.864573992128395336e-02,-9.812320633575679629e-01,4.087497527310891554e-01,-5.911783336479846662e-01,8.031387379471843779e-04,9.994306635125501780e-04,3.853052004215910808e-08,0.000000000000000000e+00
1.000000000000000000e+00,6.017056274414062500e+01,2.470604133605957031e+01,1.746666717529296875e+01,3.000000000000000000e+00,-1.776742750107812852e-01,-8.217435219248634404e-01,-1.864573992128395336e-02,-9.812320633575679629e-01,1.444053133449378981e-04,8.031387379471843779e-04,4.339297246882035493e-07,0.000000000000000000e+00
1.000000000000000000e+00,6.017061233520507812e+01,2.470538139343261719e+01,1.746666717529296875e+01,3.000000000000000000e+00,6.988262402656300609e-02,-9.299764581996461388e-01,-1.776742750107812852e-01,-8.217435219248634404e-01,6.618032521402305484e-04,1.444053133449378981e-04,2.677006270696174192e-07,0.000000000000000000e+00
1.000000000000000000e+00,6.017092132568359375e+01,2.470492935180664062e+01,1.746666717529296875e+01,3.000000000000000000e+00,4.059616940239006988e-01,-5.939069227386695182e-01,6.988262402656300609e-02,-9.299764581996461388e-01,5.475552460061444086e-04,6.618032521402305484e-04,1.305260690561418392e-08,0.000000000000000000e+00
1.000000000000000000e+00,6.017087173461914062e+01,2.470493125915527344e+01,1.746666717529296875e+01,3.000000000000000000e+00,-9.610966982750176468e-01,3.696525762596222092e-02,4.059616940239006988e-01,-5.939069227386695182e-01,4.962773067954135152e-05,5.475552460061444086e-04,2.479318105193245012e-07,0.000000000000000000e+00
1.000000000000000000e+00,6.017089843750000000e+01,2.470495605468750000e+01,1.746666717529296875e+01,3.000000000000000000e+00,5.175136067634710235e-01,4.805483491375088234e-01,-9.610966982750176468e-01,3.696525762596222092e-02,3.643984446438369577e-05,4.962773067954135152e-05,1.739203428239453113e-10,0.000000000000000000e+00
1.000000000000000000e+00,6.017082977294921875e+01,2.470500183105468750e+01,1.748333358764648438e+01,3.000000000000000000e+00,-5.994761697298743863e-01,3.996507798199162576e-01,5.175136067634710235e-01,4.805483491375088234e-01,8.252451954949927297e-05,3.643984446438369577e-05,2.123797277700672329e-09,0.000000000000000000e+00
1.000000000000000000e+00,6.017093276977539062e+01,2.470495986938476562e+01,1.748333358764648438e+01,3.000000000000000000e+00,7.100364952447120181e-01,-2.892741276922901061e-01,-5.994761697298743863e-01,3.996507798199162576e-01,1.112165812462863996e-04,8.252451954949927297e-05,8.232344044122389965e-10,0.000000000000000000e+00
1.000000000000000000e+00,6.017096328735351562e+01,2.470491600036621094e+01,1.748333358764648438e+01,3.000000000000000000e+00,4.097056314202920935e-01,-5.889518451666698740e-01,7.100364952447120181e-01,-2.892741276922901061e-01,5.343981066178092961e-05,1.112165812462863996e-04,3.338155219174576511e-09,0.000000000000000000e+00
1.000000000000000000e+00,6.017095565795898438e+01,2.470499038696289062e+01,1.748333358764648438e+01,3.000000000000000000e+00,-9.290997306056748839e-02,9.058722373405330153e-01,4.097056314202920935e-01,-5.889518451666698740e-01,7.477682412686408628e-05,5.343981066178092961e-05,4.552681436091399286e-10,0.000000000000000000e+00
1.000000000000000000e+00,6.017094802856445312e+01,2.470513725280761719e+01,1.748333358764648438e+01,3.000000000000000000e+00,-4.935077281731006793e-02,9.500023767332188562e-01,-9.290997306056748839e-02,9.058722373405330153e-01,1.470638773056124455e-04,7.477682412686408628e-05,5.225418057267193341e-09,0.000000000000000000e+00
1.000000000000000000e+00,6.017096328735351562e+01,2.470520591735839844e+01,1.748333358764648438e+01,3.000000000000000000e+00,1.816017917268616111e-01,8.172080627708772083e-01,-4.935077281731006793e-02,9.500023767332188562e-01,7.033954206308660182e-05,1.470638773056124455e-04,5.886623618407493358e-09,0.000000000000000000e+00
1.000000000000000000e+00,6.017098236083984375e+01,2.470531463623046875e+01,1.750000000000000000e+01,3.000000000000000000e+00,1.491370287246030213e-01,8.500810637302372852e-01,1.816017917268616111e-01,8.172080627708772083e-01,1.103793052385733576e-04,7.033954206308660182e-05,1.603182635149065279e-09,0.000000000000000000e+00
1.000000000000000000e+00,6.017097091674804688e+01,2.470532989501953125e+01,2.066666603088378906e+01,3.000000000000000000e+00,0.000000000000000000e+00,0.000000000000000000e+00,1.491370287246030213e-01,8.500810637302372852e-01,0.000000000000000000e+00,1.103793052385733576e-04,1.218359102495014833e-08,0.000000000000000000e+00
1.000000000000000000e+00,6.017097091674804688e+01,2.470532989501953125e+01,2.066666603088378906e+01,3.000000000000000000e+00,0.000000000000000000e+00,0.000000000000000000e+00,0.000000000000000000e+00,0.000000000000000000e+00,0.000000000000000000e+00,0.000000000000000000e+00,0.000000000000000000e+00,0.000000000000000000e+00
1.000000000000000000e+00,6.017097091674804688e+01,2.470532989501953125e+01,2.066666603088378906e+01,3.000000000000000000e+00,0.000000000000000000e+00,0.000000000000000000e+00,0.000000000000000000e+00,0.000000000000000000e+00,0.000000000000000000e+00,0.000000000000000000e+00,0.000000000000000000e+00,0.000000000000000000e+00
1.000000000000000000e+00,6.017097091674804688e+01,2.470532989501953125e+01,2.066666603088378906e+01,3.000000000000000000e+00,0.000000000000000000e+00,0.000000000000000000e+00,0.000000000000000000e+00,0.000000000000000000e+00,0.000000000000000000e+00,0.000000000000000000e+00,0.000000000000000000e+00,0.000000000000000000e+00
1.000000000000000000e+00,6.017097091674804688e+01,2.470532989501953125e+01,2.066666603088378906e+01,3.000000000000000000e+00,0.000000000000000000e+00,0.000000000000000000e+00,0.000000000000000000e+00,0.000000000000000000e+00,0.000000000000000000e+00,0.000000000000000000e+00,0.000000000000000000e+00,0.000000000000000000e+00
1.000000000000000000e+00,6.017097091674804688e+01,2.470532989501953125e+01,2.068333244323730469e+01,3.000000000000000000e+00,0.000000000000000000e+00,0.000000000000000000e+00,0.000000000000000000e+00,0.000000000000000000e+00,0.000000000000000000e+00,0.000000000000000000e+00,0.000000000000000000e+00,0.000000000000000000e+00
1.000000000000000000e+00,6.017097091674804688e+01,2.470532989501953125e+01,2.068333244323730469e+01,3.000000000000000000e+00,0.000000000000000000e+00,0.000000000000000000e+00,0.000000000000000000e+00,0.000000000000000000e+00,0.000000000000000000e+00,0.000000000000000000e+00,0.000000000000000000e+00,0.000000000000000000e+00
1.000000000000000000e+00,6.017097091674804688e+01,2.470532989501953125e+01,2.068333244323730469e+01,3.000000000000000000e+00,0.000000000000000000e+00,0.000000000000000000e+00,0.000000000000000000e+00,0.000000000000000000e+00,0.000000000000000000e+00,0.000000000000000000e+00,0.000000000000000000e+00,0.000000000000000000e+00
1.000000000000000000e+00,6.017097091674804688e+01,2.470532989501953125e+01,2.068333244323730469e+01,3.000000000000000000e+00,0.000000000000000000e+00,0.000000000000000000e+00,0.000000000000000000e+00,0.000000000000000000e+00,0.000000000000000000e+00,0.000000000000000000e+00,0.000000000000000000e+00,0.000000000000000000e+00
1.000000000000000000e+00,6.017097091674804688e+01,2.470533180236816406e+01,2.068333244323730469e+01,3.000000000000000000e+00,0.000000000000000000e+00,9.501830432614539745e-01,0.000000000000000000e+00,0.000000000000000000e+00,1.907348632812500000e-06,0.000000000000000000e+00,3.637978807091712952e-12,0.000000000000000000e+00
1.000000000000000000e+00,6.017086791992187500e+01,2.470540809631347656e+01,2.335000038146972656e+01,3.000000000000000000e+00,0.000000000000000000e+00,0.000000000000000000e+00,0.000000000000000000e+00,9.501830432614539745e-01,0.000000000000000000e+00,1.907348632812500000e-06,3.637978807091712952e-12,0.000000000000000000e+00
1.000000000000000000e+00,6.017088317871093750e+01,2.470544624328613281e+01,2.335000038146972656e+01,3.000000000000000000e+00,2.851802978286143708e-01,7.129507445715359548e-01,0.000000000000000000e+00,0.000000000000000000e+00,4.108554692943194381e-05,0.000000000000000000e+00,1.688022166490554603e-09,0.000000000000000000e+00
1.000000000000000000e+00,6.017081832885742188e+01,2.470537185668945312e+01,2.336666679382324219e+01,3.000000000000000000e+00,-4.654191593421737050e-01,-5.338631533630816550e-01,2.851802978286143708e-01,7.129507445715359548e-01,9.868570953580116086e-05,4.108554692943194381e-05,3.317778732280174666e-09,0.000000000000000000e+00
1.000000000000000000e+00,6.017084121704101562e+01,2.470531845092773438e+01,2.336666679382324219e+01,3.000000000000000000e+00,2.996072987214198347e-01,-6.990836970166462994e-01,-4.654191593421737050e-01,-5.338631533630816550e-01,5.810373768511893199e-05,9.868570953580116086e-05,1.646896439289564797e-09,0.000000000000000000e+00
1.000000000000000000e+00,6.017084121704101562e+01,2.470531463623046875e+01,2.336666679382324219e+01,3.000000000000000000e+00,0.000000000000000000e+00,-9.744552405423272390e-01,2.996072987214198347e-01,-6.990836970166462994e-01,3.814697265625000000e-06,5.810373768511893199e-05,2.947299909669445970e-09,0.000000000000000000e+00
1.000000000000000000e+00,6.017098236083984375e+01,2.470529174804687500e+01,4.099999904632568359e+00,4.000000000000000000e+00,0.000000000000000000e+00,0.000000000000000000e+00,0.000000000000000000e+00,-9.744552405423272390e-01,0.000000000000000000e+00,3.814697265625000000e-06,1.455191522836685181e-11,0.000000000000000000e+00
1.000000000000000000e+00,6.017098236083984375e+01,2.470529174804687500e+01,4.099999904632568359e+00,4.000000000000000000e+00,0.000000000000000000e+00,0.000000000000000000e+00,0.000000000000000000e+00,0.000000000000000000e+00,0.000000000000000000e+00,0.000000000000000000e+00,0.000000000000000000e+00,0.000000000000000000e+00
1.000000000000000000e+00,6.017098236083984375e+01,2.470529174804687500e+01,4.099999904632568359e+00,4.000000000000000000e+00,0.000000000000000000e+00,0.000000000000000000e+00,0.000000000000000000e+00,0.000000000000000000e+00,0.000000000000000000e+00,0.000000000000000000e+00,0.000000000000000000e+00,0.000000000000000000e+00
1.000000000000000000e+00,6.017098236083984375e+01,2.470529174804687500e+01,4.116666793823242188e+00,4.000000000000000000e+00,0.000000000000000000e+00,0.000000000000000000e+00,0.000000000000000000e+00,0.000000000000000000e+00,0.000000000000000000e+00,0.000000000000000000e+00,0.000000000000000000e+00,0.000000000000000000e+00
1.000000000000000000e+00,6.017098236083984375e+01,2.470529174804687500e+01,4.116666793823242188e+00,4.000000000000000000e+00,0.000000000000000000e+00,0.000000000000000000e+00,0.000000000000000000e+00,0.000000000000000000e+00,0.000000000000000000e+00,0.000000000000000000e+00,0.000000000000000000e+00,0.000000000000000000e+00
1.000000000000000000e+00,6.017098236083984375e+01,2.470529174804687500e+01,4.116666793823242188e+00,4.000000000000000000e+00,0.000000000000000000e+00,0.000000000000000000e+00,0.000000000000000000e+00,0.000000000000000000e+00,0.000000000000000000e+00,0.000000000000000000e+00,0.000000000000000000e+00,0.000000000000000000e+00
1.000000000000000000e+00,6.017098236083984375e+01,2.470529174804687500e+01,4.116666793823242188e+00,4.000000000000000000e+00,0.000000000000000000e+00,0.000000000000000000e+00,0.000000000000000000e+00,0.000000000000000000e+00,0.000000000000000000e+00,0.000000000000000000e+00,0.000000000000000000e+00,0.000000000000000000e+00
1.000000000000000000e+00,6.017098236083984375e+01,2.470529174804687500e+01,4.116666793823242188e+00,4.000000000000000000e+00,0.000000000000000000e+00,0.000000000000000000e+00,0.000000000000000000e+00,0.000000000000000000e+00,0.000000000000000000e+00,0.000000000000000000e+00,0.000000000000000000e+00,0.000000000000000000e+00
1.000000000000000000e+00,6.017098236083984375e+01,2.470529174804687500e+01,4.116666793823242188e+00,4.000000000000000000e+00,0.000000000000000000e+00,0.000000000000000000e+00,0.000000000000000000e+00,0.000000000000000000e+00,0.000000000000000000e+00,0.000000000000000000e+00,0.000000000000000000e+00,0.000000000000000000e+00
1.000000000000000000e+00,6.017106628417968750e+01,2.470526504516601562e+01,8.800000190734863281e+00,4.000000000000000000e+00,0.000000000000000000e+00,0.000000000000000000e+00,0.000000000000000000e+00,0.000000000000000000e+00,0.000000000000000000e+00,0.000000000000000000e+00,0.000000000000000000e+00,0.000000000000000000e+00
1.000000000000000000e+00,6.017100143432617188e+01,2.470527076721191406e+01,8.816666603088378906e+00,4.000000000000000000e+00,-9.176186582402932057e-01,8.096635219767293890e-02,0.000000000000000000e+00,0.000000000000000000e+00,6.510180727339176911e-05,0.000000000000000000e+00,4.238245310261845589e-09,0.000000000000000000e+00
1.000000000000000000e+00,6.017065811157226562e+01,2.470698738098144531e+01,8.916666984558105469e+00,4.000000000000000000e+00,0.000000000000000000e+00,0.000000000000000000e+00,-9.176186582402932057e-01,8.096635219767293890e-02,0.000000000000000000e+00,6.510180727339176911e-05,4.238245310261845589e-09,0.000000000000000000e+00
1.000000000000000000e+00,6.017023468017578125e+01,2.470753860473632812e+01,8.916666984558105469e+00,4.000000000000000000e+00,-4.343977006845995414e-01,5.654997094497714594e-01,0.000000000000000000e+00,0.000000000000000000e+00,6.950840060566887890e-04,0.000000000000000000e+00,4.831417754758149385e-07,0.000000000000000000e+00
1.000000000000000000e+00,6.017019653320312500e+01,2.470771217346191406e+01,8.916666984558105469e+00,4.000000000000000000e+00,-1.800951155784176749e-01,8.194327758818004126e-01,-4.343977006845995414e-01,5.654997094497714594e-01,1.777112658903851148e-04,6.950840060566887890e-04,2.676745522671895643e-07,0.000000000000000000e+00
1.000000000000000000e+00,6.017128372192382812e+01,2.470874214172363281e+01,8.933333396911621094e+00,4.000000000000000000e+00,5.134892597966630445e-01,4.864635092810492556e-01,-1.800951155784176749e-01,8.194327758818004126e-01,1.497602729221618641e-03,1.777112658903851148e-04,1.742113474974664907e-06,0.000000000000000000e+00
1.000000000000000000e+00,6.017156219482421875e+01,2.470884132385253906e+01,8.933333396911621094e+00,4.000000000000000000e+00,7.371785384537531405e-01,2.625567397232545508e-01,5.134892597966630445e-01,4.864635092810492556e-01,2.956082727975368313e-04,1.497602729221618641e-03,1.444790673274223808e-06,0.000000000000000000e+00
1.000000000000000000e+00,6.017195129394531250e+01,2.471029281616210938e+01,8.933333396911621094e+00,4.000000000000000000e+00,2.113874789721683634e-01,7.885581936167652684e-01,7.371785384537531405e-01,2.625567397232545508e-01,1.502740180729086883e-03,2.956082727975368313e-04,1.457167443146464021e-06,0.000000000000000000e+00
1.000000000000000000e+00,6.017189407348632812e+01,2.470951080322265625e+01,8.933333396911621094e+00,4.000000000000000000e+00,-6.817369485224393511e-02,-9.317071629806671362e-01,2.113874789721683634e-01,7.885581936167652684e-01,7.841035763204370901e-04,1.502740180729086883e-03,5.164385691959941939e-07,0.000000000000000000e+00
1.000000000000000000e+00,6.017330932617187500e+01,2.471102333068847656e+01,8.933333396911621094e+00,4.000000000000000000e+00,4.833711123339581306e-01,5.165947332625724364e-01,-6.817369485224393511e-02,-9.317071629806671362e-01,2.071395543784059195e-03,7.841035763204370901e-04,1.657120609496363098e-06,0.000000000000000000e+00
1.000000000000000000e+00,6.017430496215820312e+01,2.471069908142089844e+01,8.933333396911621094e+00,4.000000000000000000e+00,7.542781128665839718e-01,-2.456461287113396175e-01,4.833711123339581306e-01,5.165947332625724364e-01,1.047104868098954356e-03,2.071395543784059195e-03,1.049171388295448715e-06,0.000000000000000000e+00
1.000000000000000000e+00,6.017513656616210938e+01,2.471015930175781250e+01,8.949999809265136719e+00,4.000000000000000000e+00,6.063535599589369163e-01,-3.935735263036218567e-01,7.542781128665839718e-01,-2.456461287113396175e-01,9.914269030009597097e-04,1.047104868098954356e-03,3.100035797453509888e-09,0.000000000000000000e+00
1.000000000000000000e+00,6.017621612548828125e+01,2.471354675292968750e+01,8.949999809265136719e+00,4.000000000000000000e+00,2.416683730218635584e-01,7.583092411428086210e-01,6.063535599589369163e-01,-3.935735263036218567e-01,3.555316270117467661e-03,9.914269030009597097e-04,6.573528686813088015e-06,0.000000000000000000e+00
1.000000000000000000e+00,6.017659378051757812e+01,2.471657752990722656e+01,8.949999809265136719e+00,4.000000000000000000e+00,1.107969731660063128e-01,8.891736886908284676e-01,2.416683730218635584e-01,7.583092411428086210e-01,3.054215514454413413e-03,3.555316270117467661e-03,2.511019673260839746e-07,0.000000000000000000e+00
1.000000000000000000e+00,6.017660140991210938e+01,2.471706008911132812e+01,8.949999809265136719e+00,4.000000000000000000e+00,1.556102783651270617e-02,9.842350106594286441e-01,1.107969731660063128e-01,8.891736886908284676e-01,4.826195117523191728e-04,3.054215514454413413e-03,6.613106001113390085e-06,0.000000000000000000e+00
1.000000000000000000e+00,6.017488479614257812e+01,2.472011947631835938e+01,8.949999809265136719e+00,4.000000000000000000e+00,-3.594173946394967345e-01,6.405616677797253411e-01,1.556102783651270617e-02,9.842350106594286441e-01,3.508078236911309124e-03,4.826195117523191728e-04,9.153400497640661737e-06,0.000000000000000000e+00
1.000000000000000000e+00,6.017437744140625000e+01,2.472176933288574219e+01,8.949999809265136719e+00,4.000000000000000000e+00,-2.351791952581853695e-01,7.647744507456027963e-01,-3.594173946394967345e-01,6.405616677797253411e-01,1.726104145586464331e-03,3.508078236911309124e-03,3.175431662153006331e-06,0.000000000000000000e+00
1.000000000000000000e+00,6.017252349853515625e+01,2.472270011901855469e+01,8.966666221618652344e+00,4.000000000000000000e+00,-6.657295182193392336e-01,3.342345729331661630e-01,-2.351791952581853695e-01,7.647744507456027963e-01,2.074479933456910025e-03,1.726104145586464331e-03,1.213656895743537845e-07,0.000000000000000000e+00
1.000000000000000000e+00,6.017230987548828125e+01,2.472304153442382812e+01,8.966666221618652344e+00,4.000000000000000000e+00,-3.848103946830901956e-01,6.150094700738674147e-01,-6.657295182193392336e-01,3.342345729331661630e-01,4.027397237847094068e-04,2.074479933456910025e-03,2.794715328634853544e-06,0.000000000000000000e+00
1.000000000000000000e+00,6.017234039306640625e+01,2.472431182861328125e+01,8.966666221618652344e+00,4.000000000000000000e+00,2.345860717503833043e-02,9.764645236609704737e-01,-3.848103946830901956e-01,6.150094700738674147e-01,1.270660714090503154e-03,4.027397237847094068e-04,7.532868454133897523e-07,0.000000000000000000e+00
1.000000000000000000e+00,6.017255020141601562e+01,2.472584533691406250e+01,8.966666221618652344e+00,4.000000000000000000e+00,1.203432062911444222e-01,8.795994350734556155e-01,2.345860717503833043e-02,9.764645236609704737e-01,1.547794318419216247e-03,1.270660714090503154e-03,7.680303464822370726e-08,0.000000000000000000e+00
1.000000000000000000e+00,6.017266845703125000e+01,2.472753334045410156e+01,8.966666221618652344e+00,4.000000000000000000e+00,6.546628055065498164e-02,9.344783594730589060e-01,1.203432062911444222e-01,8.795994350734556155e-01,1.692140757064514341e-03,1.547794318419216247e-03,2.083589434958080538e-08,0.000000000000000000e+00
1.000000000000000000e+00,6.017314147949218750e+01,2.472915077209472656e+01,8.966666221618652344e+00,4.000000000000000000e+00,2.262665484638539393e-01,7.736856173280166615e-01,6.546628055065498164e-02,9.344783594730589060e-01,1.685181106185993163e-03,1.692140757064514341e-03,4.843674035090059618e-11,0.000000000000000000e+00
1.000000000000000000e+00,6.017310714721679688e+01,2.472937965393066406e+01,8.983333587646484375e+00,4.000000000000000000e+00,-1.303852467969038587e-01,8.692349786460258354e-01,2.262665484638539393e-01,7.736856173280166615e-01,2.314424333514024758e-04,1.685181106185993163e-03,2.113356128894877235e-06,0.000000000000000000e+00
1.000000000000000000e+00,6.017316055297851562e+01,2.472927284240722656e+01,8.983333587646484375e+00,4.000000000000000000e+00,3.331254123140817702e-01,-6.662508246281635405e-01,-1.303852467969038587e-01,8.692349786460258354e-01,1.194189135932810107e-04,2.314424333514024758e-04,1.254926897899823013e-08,0.000000000000000000e+00
1.000000000000000000e+00,6.017318344116210938e+01,2.472940635681152344e+01,8.983333587646484375e+00,4.000000000000000000e+00,1.462479560385664124e-01,8.531130768916374008e-01,3.331254123140817702e-01,-6.662508246281635405e-01,1.354620430340934989e-04,1.194189135932810107e-04,2.573820022546644050e-10,0.000000000000000000e+00
1.000000000000000000e+00,6.017315673828125000e+01,2.472966003417968750e+01,8.983333587646484375e+00,4.000000000000000000e+00,-9.520413987205085526e-02,9.044393287844831875e-01,1.462479560385664124e-01,8.531130768916374008e-01,2.550789112506859110e-04,1.354620430340934989e-04,1.430819516194563615e-08,0.000000000000000000e+00
1.000000000000000000e+00,6.017298507690429688e+01,2.473013687133789062e+01,8.983333587646484375e+00,4.000000000000000000e+00,-2.646650703763478441e-01,7.351807510454105854e-01,-9.520413987205085526e-02,9.044393287844831875e-01,5.067951299891060562e-04,2.550789112506859110e-04,6.336105477596817146e-08,0.000000000000000000e+00
1.000000000000000000e+00,6.017227935791015625e+01,2.473100471496582031e+01,8.983333587646484375e+00,4.000000000000000000e+00,-4.484563490566867427e-01,5.514801049210606987e-01,-2.646650703763478441e-01,7.351807510454105854e-01,1.118566878299647079e-03,5.067951299891060562e-04,3.742646720309359441e-07,0.000000000000000000e+00
1.000000000000000000e+00,6.017197799682617188e+01,2.473227691650390625e+01,9.000000000000000000e+00,4.000000000000000000e+00,-1.915029814890716331e-01,8.084334724886758083e-01,-4.484563490566867427e-01,5.514801049210606987e-01,1.307407838606019059e-03,1.118566878299647079e-03,3.566090828943276078e-08,0.000000000000000000e+00
1.000000000000000000e+00,6.017190933227539062e+01,2.473498344421386719e+01,9.000000000000000000e+00,4.000000000000000000e+00,-2.474137652186846059e-02,9.752225912369818506e-01,-1.915029814890716331e-01,8.084334724886758083e-01,2.707398578953676416e-03,1.307407838606019059e-03,1.959974073059181926e-06,0.000000000000000000e+00
1.000000000000000000e+00,6.017245483398437500e+01,2.473523139953613281e+01,9.000000000000000000e+00,4.000000000000000000e+00,6.874133647648592582e-01,3.124606203476632538e-01,-2.474137652186846059e-02,9.752225912369818506e-01,5.992111116666009804e-04,2.707398578953676416e-03,4.444454397226293354e-06,0.000000000000000000e+00
1.000000000000000000e+00,6.017245483398437500e+01,2.473528480529785156e+01,9.000000000000000000e+00,4.000000000000000000e+00,0.000000000000000000e+00,9.981310424001503812e-01,6.874133647648592582e-01,3.124606203476632538e-01,5.340576171875000000e-05,5.992111116666009804e-04,2.979034800316960903e-07,0.000000000000000000e+00
1.000000000000000000e+00,6.017267990112304688e+01,2.473639488220214844e+01,9.000000000000000000e+00,4.000000000000000000e+00,1.685588038059814553e-01,8.313663035176372951e-01,0.000000000000000000e+00,9.981310424001503812e-01,1.132663211357762137e-03,5.340576171875000000e-05,1.164796642601304821e-06,0.000000000000000000e+00
1.000000000000000000e+00,6.017293930053710938e+01,2.473703765869140625e+01,9.000000000000000000e+00,4.000000000000000000e+00,2.874945602646908904e-01,7.123946088911826680e-01,1.685588038059814553e-01,8.313663035176372951e-01,6.931447692643774887e-04,1.132663211357762137e-03,1.931764609401959139e-07,0.000000000000000000e+00
1.000000000000000000e+00,6.017282485961914062e+01,2.473664665222167969e+01,9.016666412353515625e+00,4.000000000000000000e+00,-2.263703082127727639e-01,-7.734318863936402444e-01,2.874945602646908904e-01,7.123946088911826680e-01,4.074098465594067921e-04,6.931447692643774887e-04,8.164444605321557575e-08,0.000000000000000000e+00
1.000000000000000000e+00,6.017271423339843750e+01,2.473704528808593750e+01,9.016666412353515625e+00,4.000000000000000000e+00,-2.171858172592662228e-01,7.826178587445973278e-01,-2.263703082127727639e-01,-7.734318863936402444e-01,4.137012363767234675e-04,4.074098465594067921e-04,3.958158583343595057e-11,0.000000000000000000e+00
1.000000000000000000e+00,6.017303466796875000e+01,2.473688316345214844e+01,9.016666412353515625e+00,4.000000000000000000e+00,6.638940428142612316e-01,-3.358987716619774022e-01,-2.171858172592662228e-01,7.826178587445973278e-01,3.591137852165997377e-04,4.137012363767234675e-04,2.979789824158893441e-09,0.000000000000000000e+00
1.000000000000000000e+00,6.017284774780273438e+01,2.473622894287109375e+01,9.016666412353515625e+00,4.000000000000000000e+00,-2.221958062143200852e-01,-7.776853217501202842e-01,6.638940428142612316e-01,-3.358987716619774022e-01,6.803996745581539522e-04,3.591137852165997377e-04,1.032246226899934142e-07,0.000000000000000000e+00
1.000000000000000000e+00,6.017284774780273438e+01,2.473622894287109375e+01,9.016666412353515625e+00,4.000000000000000000e+00,0.000000000000000000e+00,0.000000000000000000e+00,-2.221958062143200852e-01,-7.776853217501202842e-01,0.000000000000000000e+00,6.803996745581539522e-04,4.629437171388418012e-07,0.000000000000000000e+00
1.000000000000000000e+00,6.017242813110351562e+01,2.473492622375488281e+01,9.016666412353515625e+00,4.000000000000000000e+00,-2.436181920160956915e-01,-7.563237506681516065e-01,0.000000000000000000e+00,0.000000000000000000e+00,1.368632627845998984e-03,0.000000000000000000e+00,1.873155270004644778e-06,0.000000000000000000e+00
1.000000000000000000e+00,6.017221450805664062e+01,2.473464584350585938e+01,9.033333778381347656e+00,4.000000000000000000e+00,-4.323449138030239780e-01,-5.674526993664690266e-01,-2.436181920160956915e-01,-7.563237506681516065e-01,3.524881419262260651e-04,1.368632627845998984e-03,1.032549616265159272e-06,0.000000000000000000e+00
1.000000000000000000e+00,6.017210006713867188e+01,2.473402404785156250e+01,9.033333778381347656e+00,4.000000000000000000e+00,-1.554193045398086781e-01,-8.444448879996271362e-01,-4.323449138030239780e-01,-5.674526993664690266e-01,6.322393213080068283e-04,3.524881419262260651e-04,7.826072236549728350e-08,0.000000000000000000e+00
1.000000000000000000e+00,6.017210006713867188e+01,2.473184967041015625e+01,9.033333778381347656e+00,4.000000000000000000e+00,0.000000000000000000e+00,-9.999540119395604609e-01,-1.554193045398086781e-01,-8.444448879996271362e-01,2.174377441406250000e-03,6.322393213080068283e-04,2.378189981460143369e-06,0.000000000000000000e+00
1.000000000000000000e+00,6.017208862304687500e+01,2.473171615600585938e+01,9.033333778381347656e+00,4.000000000000000000e+00,-7.889294391607910850e-02,-9.204176790209229742e-01,0.000000000000000000e+00,-9.999540119395604609e-01,1.340039678211234794e-04,2.174377441406250000e-03,4.163123911709835657e-06,0.000000000000000000e+00
1.000000000000000000e+00,6.017240142822265625e+01,2.473085021972656250e+01,9.033333778381347656e+00,4.000000000000000000e+00,2.653496570160230328e-01,-7.345655139346003448e-01,-7.889294391607910850e-02,-9.204176790209229742e-01,9.207022959665378667e-04,1.340039678211234794e-04,6.188942595067901317e-07,0.000000000000000000e+00
1.000000000000000000e+00,6.017261123657226562e+01,2.473060417175292969e+01,9.033333778381347656e+00,4.000000000000000000e+00,4.601501041097140199e-01,-5.396305766377554880e-01,2.653496570160230328e-01,-7.345655139346003448e-01,3.233560713743023683e-04,9.207022959665378667e-04,3.568225120345975322e-07,0.000000000000000000e+00
1.000000000000000000e+00,6.017323684692382812e+01,2.472941970825195312e+01,9.050000190734863281e+00,4.000000000000000000e+00,3.456078821848961868e-01,-6.543368745025016642e-01,4.601501041097140199e-01,-5.396305766377554880e-01,1.339530551024428794e-03,3.233560713743023683e-04,1.032610573092205036e-06,0.000000000000000000e+00
1.000000000000000000e+00,6.017287826538085938e+01,2.472759246826171875e+01,9.050000190734863281e+00,4.000000000000000000e+00,-1.640413608274881863e-01,-8.359128918762429583e-01,3.456078821848961868e-01,-6.543368745025016642e-01,1.862092023738238459e-03,1.339530551024428794e-03,2.730704927648256277e-07,0.000000000000000000e+00
1.000000000000000000e+00,6.017280578613281250e+01,2.472615432739257812e+01,9.050000190734863281e+00,4.000000000000000000e+00,-4.797662202434243434e-02,-9.519571843777420161e-01,-1.640413608274881863e-01,-8.359128918762429583e-01,1.439966111021364617e-03,1.862092023738238459e-03,1.781902861870537943e-07,0.000000000000000000e+00
1.000000000000000000e+00,6.017269897460937500e+01,2.472595596313476562e+01,9.050000190734863281e+00,4.000000000000000000e+00,-3.498853495686533588e-01,-6.497870777703561584e-01,-4.797662202434243434e-02,-9.519571843777420161e-01,2.252933206212371872e-04,1.439966111021364617e-03,1.475429987738432024e-06,0.000000000000000000e+00
1.000000000000000000e+00,6.017235183715820312e+01,2.472309494018554688e+01,9.050000190734863281e+00,4.000000000000000000e+00,-1.082011457454042508e-01,-8.917676847148702235e-01,-3.498853495686533588e-01,-6.497870777703561584e-01,2.882005677642301197e-03,2.252933206212371872e-04,7.058120547948418047e-06,0.000000000000000000e+00
1.000000000000000000e+00,6.017237854003906250e+01,2.472257614135742188e+01,9.050000190734863281e+00,4.000000000000000000e+00,4.894207701270181232e-02,-9.508746391039208934e-01,-1.082011457454042508e-01,-8.917676847148702235e-01,5.194855800790462979e-04,2.882005677642301197e-03,5.581501211390292556e-06,0.000000000000000000e+00
1.000000000000000000e+00,6.017263031005859375e+01,2.472257804870605469e+01,9.066666603088378906e+00,4.000000000000000000e+00,9.920901195905114101e-01,7.515834239322055979e-03,4.894207701270181232e-02,-9.508746391039208934e-01,2.517772442330185869e-04,5.194855800790462979e-04,7.166775308144957079e-08,0.000000000000000000e+00
1.000000000000000000e+00,6.017296981811523438e+01,2.472252082824707031e+01,9.066666603088378906e+00,4.000000000000000000e+00,8.555535786179679913e-01,-1.441944233625788718e-01,9.920901195905114101e-01,7.515834239322055979e-03,3.442962408308815076e-04,2.517772442330185869e-04,8.559764731475370093e-09,0.000000000000000000e+00
1.000000000000000000e+00,6.017445755004882812e+01,2.472155380249023438e+01,9.066666603088378906e+00,4.000000000000000000e+00,6.060359178431007354e-01,-3.939233465980154780e-01,8.555535786179679913e-01,-1.441944233625788718e-01,1.774397114689582741e-03,3.442962408308815076e-04,2.045188509411420899e-06,0.000000000000000000e+00
1.000000000000000000e+00,6.017445755004882812e+01,2.472155380249023438e+01,9.066666603088378906e+00,4.000000000000000000e+00,0.000000000000000000e+00,0.000000000000000000e+00,6.060359178431007354e-01,-3.939233465980154780e-01,0.000000000000000000e+00,1.774397114689582741e-03,3.148485120618716306e-06,0.000000000000000000e+00
1.000000000000000000e+00,6.017677688598632812e+01,2.471578216552734375e+01,9.066666603088378906e+00,4.000000000000000000e+00,2.866536942693997947e-01,-7.133339464302662636e-01,0.000000000000000000e+00,0.000000000000000000e+00,6.220218036563053381e-03,0.000000000000000000e+00,3.869111242238432847e-05,0.000000000000000000e+00
1.000000000000000000e+00,6.017677688598632812e+01,2.471561813354492188e+01,9.066666603088378906e+00,4.000000000000000000e+00,0.000000000000000000e+00,-9.993907342217863699e-01,2.866536942693997947e-01,-7.133339464302662636e-01,1.640319824218750000e-04,6.220218036563053381e-03,3.667738952237409425e-05,0.000000000000000000e+00
1.000000000000000000e+00,6.017612075805664062e+01,2.471302032470703125e+01,9.083333015441894531e+00,4.000000000000000000e+00,-2.016350694696774914e-01,-7.983341994700603461e-01,0.000000000000000000e+00,-9.993907342217863699e-01,2.679386985550733218e-03,1.640319824218750000e-04,6.327010791765378566e-06,0.000000000000000000e+00
1.000000000000000000e+00,6.017545318603515625e+01,2.471027183532714844e+01,9.083333015441894531e+00,4.000000000000000000e+00,-1.954158317043231397e-01,-8.045548956740847801e-01,-2.016350694696774914e-01,-7.983341994700603461e-01,2.828399949653044240e-03,2.679386985550733218e-03,2.220486347055663230e-08,0.000000000000000000e+00
1.000000000000000000e+00,6.017410659790039062e+01,2.471103286743164062e+01,9.083333015441894531e+00,4.000000000000000000e+00,-6.388837141117915674e-01,3.610688412614799225e-01,-1.954158317043231397e-01,-8.045548956740847801e-01,1.546760960445851428e-03,2.828399949653044240e-03,1.642598498656034862e-06,0.000000000000000000e+00
1.000000000000000000e+00,6.017344284057617188e+01,2.471120452880859375e+01,9.083333015441894531e+00,4.000000000000000000e+00,-7.944254548555079731e-01,2.054548590143555065e-01,-6.388837141117915674e-01,3.610688412614799225e-01,6.855956634864879707e-04,1.546760960445851428e-03,7.416056686871086173e-07,0.000000000000000000e+00
1.000000000000000000e+00,6.017299652099609375e+01,2.471095275878906250e+01,9.083333015441894531e+00,4.000000000000000000e+00,-6.392526905697722972e-01,-3.606040818598715836e-01,-7.944254548555079731e-01,2.054548590143555065e-01,5.124346888100764479e-04,6.855956634864879707e-04,2.998472315088483221e-08,0.000000000000000000e+00
1.000000000000000000e+00,6.017224502563476562e+01,2.471038818359375000e+01,9.083333015441894531e+00,4.000000000000000000e+00,-5.709711082173354324e-01,-4.289529137876428866e-01,-6.392526905697722972e-01,-3.606040818598715836e-01,9.399417158844672847e-04,5.124346888100764479e-04,1.827622581979839344e-07,0.000000000000000000e+00
1.000000000000000000e+00,6.017190170288085938e+01,2.470962715148925781e+01,9.100000381469726562e+00,4.000000000000000000e+00,-3.108526811173613624e-01,-6.890567764768176229e-01,-5.709711082173354324e-01,-4.289529137876428866e-01,8.348894402359987059e-04,9.399417158844672847e-04,1.103598061892182513e-08,0.000000000000000000e+00
1.000000000000000000e+00,6.017141342163085938e+01,2.470851707458496094e+01,9.100000381469726562e+00,4.000000000000000000e+00,-3.054701486475782657e-01,-6.944672910659787091e-01,-3.108526811173613624e-01,-6.890567764768176229e-01,1.212719799687832136e-03,8.348894402359987059e-04,1.427557805235016529e-07,0.000000000000000000e+00
1.000000000000000000e+00,6.017082977294921875e+01,2.470649719238281250e+01,9.100000381469726562e+00,4.000000000000000000e+00,-2.241672140527237178e-01,-7.757943780452105642e-01,-3.054701486475782657e-01,-6.944672910659787091e-01,2.102515135293170877e-03,1.212719799687832136e-03,7.917357392650173617e-07,0.000000000000000000e+00
1.000000000000000000e+00,6.017029571533203125e+01,2.470793724060058594e+01,9.100000381469726562e+00,4.000000000000000000e+00,-2.705176976635099151e-01,7.294316490569642264e-01,-2.241672140527237178e-01,-7.757943780452105642e-01,1.535889451747242179e-03,2.102515135293170877e-03,3.210646652538909517e-07,0.000000000000000000e+00
1.000000000000000000e+00,6.017031860351562500e+01,2.470752716064453125e+01,9.100000381469726562e+00,4.000000000000000000e+00,5.285122939852031354e-02,-9.469178600568222137e-01,-2.705176976635099151e-01,7.294316490569642264e-01,4.107181993849744802e-04,1.535889451747242179e-03,1.266010347142473887e-06,0.000000000000000000e+00
1.000000000000000000e+00,6.017059326171875000e+01,2.470682334899902344e+01,9.100000381469726562e+00,4.000000000000000000e+00,2.806730694888389110e-01,-7.192247405651497338e-01,5.285122939852031354e-02,-9.469178600568222137e-01,7.555051031569995010e-04,4.107181993849744802e-04,1.188780090126996381e-07,0.000000000000000000e+00
1.000000000000000000e+00,6.017052078247070312e+01,2.470597267150878906e+01,9.116666793823242188e+00,4.000000000000000000e+00,-7.850389284112192778e-02,-9.213877949247468724e-01,2.806730694888389110e-01,-7.192247405651497338e-01,8.537595878166730993e-04,7.555051031569995010e-04,9.653943755738033846e-09,0.000000000000000000e+00
1.000000000000000000e+00,6.017057800292968750e+01,2.470569038391113281e+01,9.116666793823242188e+00,4.000000000000000000e+00,1.684896982433075341e-01,-8.312158446669838385e-01,-7.850389284112192778e-02,-9.213877949247468724e-01,2.880285901033427238e-04,8.537595878166730993e-04,3.200515617737201365e-07,0.000000000000000000e+00
1.000000000000000000e+00,6.017074966430664062e+01,2.470524215698242188e+01,9.116666793823242188e+00,4.000000000000000000e+00,2.768784110681901667e-01,-7.229602955669409692e-01,1.684896982433075341e-01,-8.312158446669838385e-01,4.799739659180305307e-04,2.880285901033427238e-04,3.684302729664173757e-08,0.000000000000000000e+00
1.000000000000000000e+00,6.017091369628906250e+01,2.470521545410156250e+01,9.116666793823242188e+00,4.000000000000000000e+00,8.595493485911258613e-01,-1.399266381427414219e-01,2.768784110681901667e-01,-7.229602955669409692e-01,1.661912606109006119e-04,4.799739659180305307e-04,9.845958614986116185e-08,0.000000000000000000e+00
1.000000000000000000e+00,6.017093276977539062e+01,2.470525550842285156e+01,9.116666793823242188e+00,4.000000000000000000e+00,3.220360012547552886e-01,6.762756026349860949e-01,8.595493485911258613e-01,-1.399266381427414219e-01,4.436379756779864502e-05,1.661912606109006119e-04,1.484193075151837447e-08,0.000000000000000000e+00
1.000000000000000000e+00,6.017096328735351562e+01,2.470529174804687500e+01,9.116666793823242188e+00,4.000000000000000000e+00,4.564590970654792135e-01,5.420451777652566250e-01,3.220360012547552886e-01,6.762756026349860949e-01,4.737755717611015819e-05,4.436379756779864502e-05,9.082746976689964845e-12,0.000000000000000000e+00
1.000000000000000000e+00,6.017094039916992188e+01,2.470515441894531250e+01,9.133333206176757812e+00,4.000000000000000000e+00,-1.427680338488921674e-01,-8.566082030933530600e-01,4.564590970654792135e-01,5.420451777652566250e-01,1.392233855506489479e-04,4.737755717611015819e-05,8.435656189805235352e-09,0.000000000000000000e+00
1.000000000000000000e+00,6.017097854614257812e+01,2.470531082153320312e+01,9.133333206176757812e+00,4.000000000000000000e+00,1.959776972990573130e-01,8.035085589261350414e-01,-1.427680338488921674e-01,-8.566082030933530600e-01,1.609874561005339910e-04,1.392233855506489479e-04,4.736747669003734330e-10,0.000000000000000000e+00
1.000000000000000000e+00,6.017097854614257812e+01,2.470531082153320312e+01,9.133333206176757812e+00,4.000000000000000000e+00,0.000000000000000000e+00,0.000000000000000000e+00,1.959776972990573130e-01,8.035085589261350414e-01,0.000000000000000000e+00,1.609874561005339910e-04,2.591696102172135976e-08,0.000000000000000000e+00
1.000000000000000000e+00,6.017097854614257812e+01,2.470530128479003906e+01,9.133333206176757812e+00,4.000000000000000000e+00,0.000000000000000000e+00,-9.896230502050814559e-01,0.000000000000000000e+00,0.000000000000000000e+00,9.536743164062500000e-06,0.000000000000000000e+00,9.094947017729282379e-11,0.000000000000000000e+00
1.000000000000000000e+00,6.017098236083984375e+01,2.470529556274414062e+01,9.133333206176757812e+00,4.000000000000000000e+00,3.958492200820326046e-01,-5.937738301230488513e-01,0.000000000000000000e+00,-9.896230502050814559e-01,6.877043295791605234e-06,9.536743164062500000e-06,7.074003389280215347e-12,0.000000000000000000e+00
1.000000000000000000e+00,6.017097473144531250e+01,2.470530509948730469e+01,9.133333206176757812e+00,4.000000000000000000e+00,-4.418703630124105608e-01,5.523379537655132010e-01,3.958492200820326046e-01,-5.937738301230488513e-01,1.221299025999612528e-05,6.877043295791605234e-06,2.847233000480343510e-11,0.000000000000000000e+00
1.000000000000000000e+00,6.017021942138671875e+01,2.470799446105957031e+01,9.783333778381347656e+00,4.000000000000000000e+00,0.000000000000000000e+00,0.000000000000000000e+00,-4.418703630124105608e-01,5.523379537655132010e-01,0.000000000000000000e+00,1.221299025999612528e-05,1.491571310907602310e-10,0.000000000000000000e+00
1.000000000000000000e+00,6.017116928100585938e+01,2.470801734924316406e+01,9.783333778381347656e+00,4.000000000000000000e+00,9.763702158455441760e-01,2.352699315290467802e-02,0.000000000000000000e+00,0.000000000000000000e+00,9.501353403711464791e-04,0.000000000000000000e+00,9.027571650221943855e-07,0.000000000000000000e+00
1.000000000000000000e+00,6.017116928100585938e+01,2.470801734924316406e+01,9.783333778381347656e+00,4.000000000000000000e+00,0.000000000000000000e+00,0.000000000000000000e+00,9.763702158455441760e-01,2.352699315290467802e-02,0.000000000000000000e+00,9.501353403711464791e-04,9.027571650221943855e-07,0.000000000000000000e+00
1.000000000000000000e+00,6.017180252075195312e+01,2.470966148376464844e+01,9.800000190734863281e+00,4.000000000000000000e+00,2.780447424186002769e-01,7.219113492916668928e-01,0.000000000000000000e+00,0.000000000000000000e+00,1.761865744252249068e-03,0.000000000000000000e+00,3.104170900769531727e-06,0.000000000000000000e+00
1.000000000000000000e+00,6.017232131958007812e+01,2.471083259582519531e+01,9.800000190734863281e+00,4.000000000000000000e+00,3.069795772337935991e-01,6.929612515498134728e-01,2.780447424186002769e-01,7.219113492916668928e-01,1.280880822880185298e-03,1.761865744252249068e-03,2.313464945872903778e-07,0.000000000000000000e+00
1.000000000000000000e+00,6.017229461669921875e+01,2.471090507507324219e+01,9.800000190734863281e+00,4.000000000000000000e+00,-2.689595917568403660e-01,7.300331776257095173e-01,3.069795772337935991e-01,6.929612515498134728e-01,7.724173252607950918e-05,1.280880822880185298e-03,1.448747059828459128e-06,0.000000000000000000e+00
1.000000000000000000e+00,6.017363357543945312e+01,2.471102905273437500e+01,9.800000190734863281e+00,4.000000000000000000e+00,9.151916787464319247e-01,8.473997025429926000e-02,-2.689595917568403660e-01,7.300331776257095173e-01,1.344686197040033263e-03,7.724173252607950918e-05,1.606415470627062924e-06,0.000000000000000000e+00
1.000000000000000000e+00,6.017398452758789062e+01,2.471097183227539062e+01,9.800000190734863281e+00,4.000000000000000000e+00,8.596024863232012425e-01,-1.401525792918262847e-01,9.151916787464319247e-01,8.473997025429926000e-02,3.555862643850006208e-04,1.344686197040033263e-03,9.783186767781901357e-07,0.000000000000000000e+00
1.000000000000000000e+00,6.017530822753906250e+01,2.470982360839843750e+01,9.800000190734863281e+00,4.000000000000000000e+00,5.354721649976510456e-01,-4.644873823178471972e-01,8.596024863232012425e-01,-1.401525792918262847e-01,1.752312652564515889e-03,3.555862643850006208e-04,1.950844603436993759e-06,0.000000000000000000e+00
1.000000000000000000e+00,6.017528915405273438e+01,2.471018028259277344e+01,9.816666603088378906e+00,4.000000000000000000e+00,-5.074791547050446633e-02,9.489860192984335141e-01,5.354721649976510456e-01,-4.644873823178471972e-01,3.571838165229484423e-04,1.752312652564515889e-03,1.946384469154698710e-06,0.000000000000000000e+00
1.000000000000000000e+00,6.017623519897460938e+01,2.471340179443359375e+01,9.816666603088378906e+00,4.000000000000000000e+00,2.269968415688753960e-01,7.729791641327228291e-01,-5.074791547050446633e-02,9.489860192984335141e-01,3.357549632507456170e-03,3.571838165229484423e-04,9.002195029728381038e-06,0.000000000000000000e+00
1.000000000000000000e+00,6.017647933959960938e+01,2.471426963806152344e+01,9.816666603088378906e+00,4.000000000000000000e+00,2.195342883030967640e-01,7.803757904524142308e-01,2.269968415688753960e-01,7.729791641327228291e-01,9.015304805238436936e-04,3.357549632507456170e-03,6.032030074910303397e-06,0.000000000000000000e+00
1.000000000000000000e+00,6.017603683471679688e+01,2.471868133544921875e+01,9.816666603088378906e+00,4.000000000000000000e+00,-9.115725765594097363e-02,9.088221420611701795e-01,2.195342883030967640e-01,7.803757904524142308e-01,4.433834053267053307e-03,9.015304805238436936e-04,1.247716853001444332e-05,0.000000000000000000e+00
1.000000000000000000e+00,6.017583847045898438e+01,2.471888923645019531e+01,9.816666603088378906e+00,4.000000000000000000e+00,-4.881427570939759208e-01,5.116111588773400998e-01,-9.115725765594097363e-02,9.088221420611701795e-01,2.873520575610354153e-04,4.433834053267053307e-03,1.719331294071416410e-05,0.000000000000000000e+00
1.000000000000000000e+00,6.017456054687500000e+01,2.472110366821289062e+01,9.816666603088378906e+00,4.000000000000000000e+00,-3.659097847018459304e-01,6.340615821475270586e-01,-4.881427570939759208e-01,5.116111588773400998e-01,2.556716002636456268e-03,2.873520575610354153e-04,5.150012715208276394e-06,0.000000000000000000e+00
1.000000000000000000e+00,6.017296981811523438e+01,2.472230911254882812e+01,9.833333015441894531e+00,4.000000000000000000e+00,-5.688746074945284503e-01,4.310896306193548466e-01,-3.659097847018459304e-01,6.340615821475270586e-01,1.995874253100451100e-03,2.556716002636456268e-03,3.145434680226071405e-07,0.000000000000000000e+00
1.000000000000000000e+00,6.017247009277343750e+01,2.472260475158691406e+01,9.833333015441894531e+00,4.000000000000000000e+00,-6.282183771327314314e-01,3.716559101357762018e-01,-5.688746074945284503e-01,4.310896306193548466e-01,5.806271248179695546e-04,1.995874253100451100e-03,2.002924434111810713e-06,0.000000000000000000e+00
1.000000000000000000e+00,6.017226791381835938e+01,2.472323036193847656e+01,9.833333015441894531e+00,4.000000000000000000e+00,-2.442101298524055331e-01,7.556690810527265656e-01,-6.282183771327314314e-01,3.716559101357762018e-01,6.574683580664831758e-04,5.806271248179695546e-04,5.904575127152474905e-09,0.000000000000000000e+00
1.000000000000000000e+00,6.017256546020507812e+01,2.472352790832519531e+01,9.833333015441894531e+00,4.000000000000000000e+00,4.999159936037005370e-01,4.999159936037005370e-01,-2.442101298524055331e-01,7.556690810527265656e-01,4.207941355327659964e-04,6.574683580664831758e-04,5.601468761193948062e-08,0.000000000000000000e+00
1.000000000000000000e+00,6.017267990112304688e+01,2.472654151916503906e+01,9.833333015441894531e+00,4.000000000000000000e+00,3.658419630151765051e-02,9.633838359399647944e-01,4.999159936037005370e-01,4.999159936037005370e-01,3.015782985847835062e-03,4.207941355327659964e-04,6.733967133259524459e-06,0.000000000000000000e+00
1.000000000000000000e+00,6.017277526855468750e+01,2.472799301147460938e+01,9.833333015441894531e+00,4.000000000000000000e+00,6.164829575071731349e-02,9.382870613259175485e-01,3.658419630151765051e-02,9.633838359399647944e-01,1.454621899931212142e-03,3.015782985847835062e-03,2.437223936180369465e-06,0.000000000000000000e+00
1.000000000000000000e+00,6.017280960083007812e+01,2.472814559936523438e+01,9.850000381469726562e+00,4.000000000000000000e+00,1.835752588721188405e-01,8.158900394316392912e-01,6.164829575071731349e-02,9.382870613259175485e-01,1.564025878906250000e-04,1.454621899931212142e-03,1.685373382155135351e-06,0.000000000000000000e+00
1.000000000000000000e+00,6.017295837402343750e+01,2.473012733459472656e+01,9.850000381469726562e+00,4.000000000000000000e+00,6.982662405899063562e-02,9.301264409909137942e-01,1.835752588721188405e-01,8.158900394316392912e-01,1.987311747782113426e-03,1.564025878906250000e-04,3.352228351774556039e-06,0.000000000000000000e+00
1.000000000000000000e+00,6.017232131958007812e+01,2.473101615905761719e+01,9.850000381469726562e+00,4.000000000000000000e+00,-4.174726405130313456e-01,5.824618277816544509e-01,6.982662405899063562e-02,9.301264409909137942e-01,1.093548028042998655e-03,1.987311747782113426e-03,7.988135867218988930e-07,0.000000000000000000e+00
1.000000000000000000e+00,6.017186737060546875e+01,2.473200035095214844e+01,9.850000381469726562e+00,4.000000000000000000e+00,-3.156279204335347144e-01,6.843025501836298430e-01,-4.174726405130313456e-01,5.824618277816544509e-01,1.083837329496412181e-03,1.093548028042998655e-03,9.429766626267666756e-11,0.000000000000000000e+00
1.000000000000000000e+00,6.017176818847656250e+01,2.473302268981933594e+01,9.850000381469726562e+00,4.000000000000000000e+00,-8.842748954563964259e-02,9.114833537781316108e-01,-3.156279204335347144e-01,6.843025501836298430e-01,1.027138673235798629e-03,1.083837329496412181e-03,3.214737621759212315e-09,0.000000000000000000e+00
1.000000000000000000e+00,6.017205429077148438e+01,2.473355102539062500e+01,9.850000381469726562e+00,4.000000000000000000e+00,3.512449289224133797e-01,6.486323020767233993e-01,-8.842748954563964259e-02,9.114833537781316108e-01,6.008269293639421915e-04,1.027138673235798629e-03,1.817417029630633235e-07,0.000000000000000000e+00
1.000000000000000000e+00,6.017205429077148438e+01,2.473355102539062500e+01,9.866666793823242188e+00,4.000000000000000000e+00,0.000000000000000000e+00,0.000000000000000000e+00,3.512449289224133797e-01,6.486323020767233993e-01,0.000000000000000000e+00,6.008269293639421915e-04,3.609929990489035845e-07,0.000000000000000000e+00
1.000000000000000000e+00,6.017294311523437500e+01,2.473614692687988281e+01,9.866666793823242188e+00,4.000000000000000000e+00,2.550556254732475048e-01,7.449156786890340776e-01,0.000000000000000000e+00,0.000000000000000000e+00,2.743850117583636773e-03,0.000000000000000000e+00,7.528713467763737691e-06,0.000000000000000000e+00
1.000000000000000000e+00,6.017280578613281250e+01,2.473660469055175781e+01,9.866666793823242188e+00,4.000000000000000000e+00,-2.307304585863233226e-01,7.691015286210777235e-01,2.550556254732475048e-01,7.449156786890340776e-01,4.779193043019355812e-04,2.743850117583636773e-03,5.134442450579472137e-06,0.000000000000000000e+00
1.000000000000000000e+00,6.017293167114257812e+01,2.473693084716796875e+01,9.866666793823242188e+00,4.000000000000000000e+00,2.784194211133094177e-01,7.213594092481199205e-01,-2.307304585863233226e-01,7.691015286210777235e-01,3.496071709531431773e-04,4.779193043019355812e-04,1.646400356451828504e-08,0.000000000000000000e+00
1.000000000000000000e+00,6.017291641235351562e+01,2.473694992065429688e+01,9.866666793823242188e+00,4.000000000000000000e+00,-4.431536658380283433e-01,5.539420822975354985e-01,2.784194211133094177e-01,7.213594092481199205e-01,2.442598051999225056e-05,3.496071709531431773e-04,1.057428066115211739e-07,0.000000000000000000e+00
1.000000000000000000e+00,6.017289733886718750e+01,2.473686218261718750e+01,9.866666793823242188e+00,4.000000000000000000e+00,-1.784044012736875351e-01,-8.206602458589626892e-01,-4.431536658380283433e-01,5.539420822975354985e-01,8.978730999709945502e-05,2.442598051999225056e-05,4.272103391014963192e-09,0.000000000000000000e+00
1.000000000000000000e+00,6.017287445068359375e+01,2.473694419860839844e+01,9.883333206176757812e+00,4.000000000000000000e+00,-2.179740342355249438e-01,7.810736226772977409e-01,-1.784044012736875351e-01,-8.206602458589626892e-01,8.514981950969587011e-05,8.978730999709945502e-05,2.150631802075873971e-11,0.000000000000000000e+00
1.000000000000000000e+00,6.017293930053710938e+01,2.473688316345214844e+01,9.883333206176757812e+00,4.000000000000000000e+00,5.147426160958974428e-01,-4.844636386784916815e-01,-2.179740342355249438e-01,7.810736226772977409e-01,8.905500434821130549e-05,8.514981950969587011e-05,1.525046862297082635e-11,0.000000000000000000e+00
1.000000000000000000e+00,6.017289352416992188e+01,2.473692131042480469e+01,9.883333206176757812e+00,4.000000000000000000e+00,-5.448053751805848055e-01,4.540044793171539861e-01,5.147426160958974428e-01,-4.844636386784916815e-01,5.958747616505931073e-05,8.905500434821130549e-05,8.683352172248570506e-10,0.000000000000000000e+00
1.000000000000000000e+00,6.017294311523437500e+01,2.473695373535156250e+01,9.883333206176757812e+00,4.000000000000000000e+00,6.039148248936886398e-01,3.948673855074118499e-01,-5.448053751805848055e-01,4.540044793171539861e-01,5.925073458484293601e-05,5.958747616505931073e-05,1.133948918466211302e-13,0.000000000000000000e+00
1.000000000000000000e+00,6.017290878295898438e+01,2.473696708679199219e+01,9.883333206176757812e+00,4.000000000000000000e+00,-7.184932105265577906e-01,2.794140263158835791e-01,6.039148248936886398e-01,3.948673855074118499e-01,3.683702071347802465e-05,5.925073458484293601e-05,5.023745695074158913e-10,0.000000000000000000e+00
1.000000000000000000e+00,6.017379760742187500e+01,2.473682022094726562e+01,9.916666984558105469e+00,4.000000000000000000e+00,8.581123576405592646e-01,-1.417910977217233248e-01,-7.184932105265577906e-01,2.794140263158835791e-01,9.008765188304414988e-04,3.683702071347802465e-05,7.465642543062141719e-07,0.000000000000000000e+00
1.000000000000000000e+00,6.017463302612304688e+01,2.473693275451660156e+01,9.916666984558105469e+00,4.000000000000000000e+00,8.811947686432872739e-01,1.186997519405341289e-01,8.581123576405592646e-01,-1.417910977217233248e-01,8.429639437693576534e-04,9.008765188304414988e-04,3.353866350205670389e-09,0.000000000000000000e+00
1.000000000000000000e+00,6.017469787597656250e+01,2.473796272277832031e+01,9.916666984558105469e+00,4.000000000000000000e+00,5.922803962535903854e-02,9.406806293439377020e-01,8.811947686432872739e-01,1.186997519405341289e-01,1.032007811815851238e-03,8.429639437693576534e-04,3.573758404598007697e-08,0.000000000000000000e+00
1.000000000000000000e+00,6.017486572265625000e+01,2.474045372009277344e+01,9.916666984558105469e+00,4.000000000000000000e+00,6.312531593646759920e-02,9.368370751480304959e-01,5.922803962535903854e-02,9.406806293439377020e-01,2.496645775534607047e-03,1.032007811815851238e-03,2.145164364766223596e-06,0.000000000000000000e+00
1.000000000000000000e+00,6.017504501342773438e+01,2.474210357666015625e+01,9.916666984558105469e+00,4.000000000000000000e+00,9.801341113083472667e-02,9.019319215762983122e-01,6.312531593646759920e-02,9.368370751480304959e-01,1.659569785720281000e-03,2.496645775534607047e-03,7.006962127236336319e-07,0.000000000000000000e+00
1.000000000000000000e+00,6.017510604858398438e+01,2.474234771728515625e+01,9.916666984558105469e+00,4.000000000000000000e+00,1.999344854678019034e-01,7.997379418712076138e-01,9.801341113083472667e-02,9.019319215762983122e-01,2.516543960948279166e-04,1.659569785720281000e-03,1.982225744344191046e-06,0.000000000000000000e+00
1.000000000000000000e+00,6.017530822753906250e+01,2.474288749694824219e+01,9.933333396911621094e+00,4.000000000000000000e+00,2.724568519645237386e-01,7.274083877920775043e-01,1.999344854678019034e-01,7.997379418712076138e-01,5.764012617592458292e-04,2.516543960948279166e-04,1.054605267588634961e-07,0.000000000000000000e+00
1.000000000000000000e+00,6.017646026611328125e+01,2.474214363098144531e+01,9.933333396911621094e+00,4.000000000000000000e+00,6.076138264951845835e-01,-3.923334310151025961e-01,2.724568519645237386e-01,7.274083877920775043e-01,1.371323978149080426e-03,5.764012617592458292e-04,6.319021250325934237e-07,0.000000000000000000e+00
1.000000000000000000e+00,6.017731094360351562e+01,2.474201202392578125e+01,9.933333396911621094e+00,4.000000000000000000e+00,8.659312626466347806e-01,-1.339669442211161576e-01,6.076138264951845835e-01,-3.923334310151025961e-01,8.607976588560280629e-04,1.371323978149080426e-03,2.606371226909116715e-07,0.000000000000000000e+00
1.000000000000000000e+00,6.017795562744140625e+01,2.474151992797851562e+01,9.933333396911621094e+00,4.000000000000000000e+00,5.670642105770410391e-01,-4.328478293753745265e-01,8.659312626466347806e-01,-1.339669442211161576e-01,8.110337059288216495e-04,8.607976588560280629e-04,2.476451010941215955e-09,0.000000000000000000e+00
1.000000000000000000e+00,6.017866516113281250e+01,2.474180412292480469e+01,9.933333396911621094e+00,4.000000000000000000e+00,7.139396717845218898e-01,2.859597072470262402e-01,5.670642105770410391e-01,-4.328478293753745265e-01,7.643329292506131434e-04,8.110337059288216495e-04,2.180962542347903393e-09,0.000000000000000000e+00
1.000000000000000000e+00,6.017886734008789062e+01,2.474208831787109375e+01,9.933333396911621094e+00,4.000000000000000000e+00,4.156008256761991593e-01,5.841936134505063549e-01,7.139396717845218898e-01,2.859597072470262402e-01,3.487737051050804186e-04,7.643329292506131434e-04,1.726894687724371071e-07,0.000000000000000000e+00
1.000000000000000000e+00,6.017886734008789062e+01,2.474208831787109375e+01,9.949999809265136719e+00,4.000000000000000000e+00,0.000000000000000000e+00,0.000000000000000000e+00,4.156008256761991593e-01,5.841936134505063549e-01,0.000000000000000000e+00,3.487737051050804186e-04,1.216430973727256060e-07,0.000000000000000000e+00
1.000000000000000000e+00,6.018162536621093750e+01,2.474647712707519531e+01,9.949999809265136719e+00,4.000000000000000000e+00,3.859033273423088661e-01,6.140826806463711707e-01,0.000000000000000000e+00,0.000000000000000000e+00,5.183469332929014663e-03,0.000000000000000000e+00,2.686835432541556318e-05,0.000000000000000000e+00
1.000000000000000000e+00,6.018166351318359375e+01,2.474871444702148438e+01,9.949999809265136719e+00,4.000000000000000000e+00,1.676372263046014416e-02,9.831923322764875017e-01,3.859033273423088661e-01,6.140826806463711707e-01,2.237645131289975331e-03,5.183469332929014663e-03,8.677880226962284075e-06,0.000000000000000000e+00
1.000000000000000000e+00,6.018149948120117188e+01,2.475146675109863281e+01,9.949999809265136719e+00,4.000000000000000000e+00,-5.624398377725529224e-02,9.437217277974347951e-01,1.676372263046014416e-02,9.831923322764875017e-01,2.757187738320545246e-03,2.237645131289975331e-03,2.699245205201211727e-07,0.000000000000000000e+00
1.000000000000000000e+00,6.018122863769531250e+01,2.475334167480468750e+01,9.949999809265136719e+00,4.000000000000000000e+00,-1.262163401144421604e-01,8.737370586795537575e-01,-5.624398377725529224e-02,9.437217277974347951e-01,1.894385153075277229e-03,2.757187738320545246e-03,7.444283011059179568e-07,0.000000000000000000e+00
1.000000000000000000e+00,6.018116378784179688e+01,2.475435256958007812e+01,9.949999809265136719e+00,4.000000000000000000e+00,-6.027808456092229039e-02,9.396289652143768878e-01,-1.262163401144421604e-01,8.737370586795537575e-01,1.012972729353095718e-03,1.894385153075277229e-03,7.768878606918104901e-07,0.000000000000000000e+00
1.000000000000000000e+00,6.018106079101562500e+01,2.475656127929687500e+01,9.966666221618652344e+00,4.000000000000000000e+00,-4.455252818845719526e-02,9.554042155969153516e-01,-6.027808456092229039e-02,9.396289652143768878e-01,2.211109893079584408e-03,1.012972729353095718e-03,1.435532663102554795e-06,0.000000000000000000e+00
1.000000000000000000e+00,6.018099212646484375e+01,2.475887870788574219e+01,9.966666221618652344e+00,4.000000000000000000e+00,-2.877577243867463636e-02,9.711823198052689232e-01,-4.455252818845719526e-02,9.554042155969153516e-01,2.318445618303986711e-03,2.211109893079584408e-03,1.152095790944839201e-08,0.000000000000000000e+00
1.000000000000000000e+00,6.018103790283203125e+01,2.476154327392578125e+01,9.966666221618652344e+00,4.000000000000000000e+00,1.688889129887112539e-02,9.830742143551235435e-01,-2.877577243867463636e-02,9.711823198052689232e-01,2.664959222487716783e-03,2.318445618303986711e-03,1.200716778843987579e-07,0.000000000000000000e+00
1.000000000000000000e+00,6.018130111694335938e+01,2.476364135742187500e+01,9.966666221618652344e+00,4.000000000000000000e+00,1.114653925712649207e-01,8.884922596260247385e-01,1.688889129887112539e-02,9.830742143551235435e-01,2.114529740860418127e-03,2.664959222487716783e-03,3.029726142444967206e-07,0.000000000000000000e+00
1.000000000000000000e+00,6.018196868896484375e+01,2.476600074768066406e+01,9.966666221618652344e+00,4.000000000000000000e+00,2.205346172871185950e-01,7.794323473833305593e-01,1.114653925712649207e-01,8.884922596260247385e-01,2.452014436567911786e-03,2.114529740860418127e-03,1.138959198367795872e-07,0.000000000000000000e+00
1.000000000000000000e+00,6.018270492553710938e+01,2.476793098449707031e+01,9.966666221618652344e+00,4.000000000000000000e+00,2.760983723130598921e-01,7.238641263751725008e-01,2.205346172871185950e-01,7.794323473833305593e-01,2.065879584523640927e-03,2.452014436567911786e-03,1.491001239632509510e-07,0.000000000000000000e+00
1.000000000000000000e+00,6.018315887451171875e+01,2.476935005187988281e+01,9.983333587646484375e+00,4.000000000000000000e+00,2.423495864582499992e-01,7.575970265753697586e-01,2.760983723130598921e-01,7.238641263751725008e-01,1.489906677785968452e-03,2.065879584523640927e-03,3.317447892958435541e-07,0.000000000000000000e+00
1.000000000000000000e+00,6.018400573730468750e+01,2.477147293090820312e+01,9.983333587646484375e+00,4.000000000000000000e+00,2.851541745079098078e-01,7.148121536650982044e-01,2.423495864582499992e-01,7.575970265753697586e-01,2.285561628789962562e-03,1.489906677785968452e-03,6.330668010571682451e-07,0.000000000000000000e+00
1.000000000000000000e+00,6.018472671508789062e+01,2.477349281311035156e+01,9.983333587646484375e+00,4.000000000000000000e+00,2.630384197712578587e-01,7.369250966607461262e-01,2.851541745079098078e-01,7.148121536650982044e-01,2.144698830705261093e-03,2.285561628789962562e-03,1.984232788425137472e-08,0.000000000000000000e+00
1.000000000000000000e+00,6.018486785888671875e+01,2.477529335021972656e+01,9.983333587646484375e+00,4.000000000000000000e+00,7.268780851220538186e-02,9.272606923719172167e-01,2.630384197712578587e-01,7.369250966607461262e-01,1.806060755950395771e-03,2.144698830705261093e-03,1.146757456736817539e-07,0.000000000000000000e+00
1.000000000000000000e+00,6.018417739868164062e+01,2.477647972106933594e+01,9.983333587646484375e+00,4.000000000000000000e+00,-3.678665784519630777e-01,6.320801430859697145e-01,7.268780851220538186e-02,9.272606923719172167e-01,1.372665686756755973e-03,1.806060755950395771e-03,1.878312860013598202e-07,0.000000000000000000e+00
1.000000000000000000e+00,6.018321990966796875e+01,2.477777862548828125e+01,9.983333587646484375e+00,4.000000000000000000e+00,-4.243260803827530458e-01,5.756296030690335463e-01,-3.678665784519630777e-01,6.320801430859697145e-01,1.613672178869673653e-03,1.372665686756755973e-03,5.808412924057385160e-08,0.000000000000000000e+00
1.000000000000000000e+00,6.018298339843750000e+01,2.477801132202148438e+01,1.000000000000000000e+01,4.000000000000000000e+00,-5.039576345771068500e-01,4.958292856323148201e-01,-4.243260803827530458e-01,5.756296030690335463e-01,3.317909563303304030e-04,1.613672178869673653e-03,1.643219468698961102e-06,0.000000000000000000e+00
1.000000000000000000e+00,6.018178176879882812e+01,2.478037261962890625e+01,1.000000000000000000e+01,4.000000000000000000e+00,-3.372496351211617949e-01,6.627222988571400686e-01,-5.039576345771068500e-01,4.958292856323148201e-01,2.649460356251999438e-03,3.317909563303304030e-04,5.371591447333270567e-06,0.000000000000000000e+00
1.000000000000000000e+00,6.018211746215820312e+01,2.478276252746582031e+01,1.000000000000000000e+01,4.000000000000000000e+00,1.231585325024010802e-01,8.768047796903895019e-01,-3.372496351211617949e-01,6.627222988571400686e-01,2.413368910977293103e-03,2.649460356251999438e-03,5.573917053189965464e-08,0.000000000000000000e+00
1.000000000000000000e+00,6.018255233764648438e+01,2.478448677062988281e+01,1.000000000000000000e+01,4.000000000000000000e+00,2.014040994918273597e-01,7.985495874588243170e-01,1.231585325024010802e-01,8.768047796903895019e-01,1.778238223389688819e-03,2.413368910977293103e-03,4.033909903155029966e-07,0.000000000000000000e+00
1.000000000000000000e+00,6.018268966674804688e+01,2.478492164611816406e+01,1.000000000000000000e+01,4.000000000000000000e+00,2.399580642887967352e-01,7.598672035811896430e-01,2.014040994918273597e-01,7.985495874588243170e-01,4.560438273278337343e-04,1.778238223389688819e-03,1.748198020977373598e-06,0.000000000000000000e+00
1.000000000000000000e+00,6.018298339843750000e+01,2.478923034667968750e+01,1.000000000000000000e+01,4.000000000000000000e+00,6.381958309815236041e-02,9.361586897319882361e-01,2.399580642887967352e-01,7.598672035811896430e-01,4.318701058682039573e-03,4.560438273278337343e-04,1.492012088693294014e-05,0.000000000000000000e+00
1.000000000000000000e+00,6.018270492553710938e+01,2.479124832153320312e+01,1.001666641235351562e+01,4.000000000000000000e+00,-1.212571782654918301e-01,8.786992781156873766e-01,6.381958309815236041e-02,9.361586897319882361e-01,2.037098344624867479e-03,4.318701058682039573e-03,5.205710944793053949e-06,0.000000000000000000e+00
1.000000000000000000e+00,6.018278503417968750e+01,2.479337882995605469e+01,1.001666641235351562e+01,4.000000000000000000e+00,3.623649712160458697e-02,9.637182686864838033e-01,-1.212571782654918301e-01,8.786992781156873766e-01,2.132013962069001598e-03,2.037098344624867479e-03,9.008974434801217095e-09,0.000000000000000000e+00
1.000000000000000000e+00,6.018234634399414062e+01,2.479493713378906250e+01,1.001666641235351562e+01,4.000000000000000000e+00,-2.196642629095442167e-01,7.802856643352070742e-01,3.623649712160458697e-02,9.637182686864838033e-01,1.618876127090022963e-03,2.132013962069001598e-03,2.633104376869135351e-07,0.000000000000000000e+00
1.000000000000000000e+00,6.018154907226562500e+01,2.479597091674804688e+01,1.001666641235351562e+01,4.000000000000000000e+00,-4.353928884097209573e-01,5.645525012393989295e-01,-2.196642629095442167e-01,7.802856643352070742e-01,1.305507340223249118e-03,1.618876127090022963e-03,9.819999658235352582e-08,0.000000000000000000e+00
1.000000000000000000e+00,6.018058776855468750e+01,2.479711151123046875e+01,1.001666641235351562e+01,4.000000000000000000e+00,-4.573285143509862594e-01,5.426239118688288565e-01,-4.353928884097209573e-01,5.645525012393989295e-01,1.491663701372877588e-03,1.305507340223249118e-03,3.465419079647090514e-08,0.000000000000000000e+00
1.000000000000000000e+00,6.017975616455078125e+01,2.479801940917968750e+01,1.001666641235351562e+01,4.000000000000000000e+00,-4.780426938543995696e-01,5.218998217309500642e-01,-4.573285143509862594e-01,5.426239118688288565e-01,1.231196127961958027e-03,1.491663701372877588e-03,6.784335679857276470e-08,0.000000000000000000e+00
1.000000000000000000e+00,6.017909622192382812e+01,2.479856300354003906e+01,1.003333377838134766e+01,4.000000000000000000e+00,-5.482904180528208604e-01,4.516265004192310806e-01,-4.780426938543995696e-01,5.218998217309500642e-01,8.549965493940989104e-04,1.231196127961958027e-03,1.415261229146347911e-07,0.000000000000000000e+00
1.000000000000000000e+00,6.017880630493164062e+01,2.479898643493652344e+01,1.003333377838134766e+01,4.000000000000000000e+00,-4.063601471259849496e-01,5.934996885655833276e-01,-5.482904180528208604e-01,4.516265004192310806e-01,5.131724952564730921e-04,8.549965493940989104e-04,1.168436839870825515e-07,0.000000000000000000e+00
1.000000000000000000e+00,6.017927551269531250e+01,2.479959106445312500e+01,1.003333377838134766e+01,4.000000000000000000e+00,4.369042515708263519e-01,5.630026331217559132e-01,-4.063601471259849496e-01,5.934996885655833276e-01,7.653318089794786290e-04,5.131724952564730921e-04,6.358431949725712507e-08,0.000000000000000000e+00
1.000000000000000000e+00,6.017924118041992188e+01,2.480102348327636719e+01,1.003333377838134766e+01,4.000000000000000000e+00,-2.340542637396843262e-02,9.765264003805718129e-01,4.369042515708263519e-01,5.630026331217559132e-01,1.432830202889383200e-03,7.653318089794786290e-04,4.455541058723021413e-07,0.000000000000000000e+00
1.000000000000000000e+00,6.017893981933593750e+01,2.480198669433593750e+01,1.003333377838134766e+01,4.000000000000000000e+00,-2.382918652239163493e-01,7.616290628992262723e-01,-2.340542637396843262e-02,9.765264003805718129e-01,1.009254203963898082e-03,1.432830202889383200e-03,1.794166268657225615e-07,0.000000000000000000e+00
1.000000000000000000e+00,6.017807769775390625e+01,2.480234718322753906e+01,1.003333377838134766e+01,4.000000000000000000e+00,-7.050905350223984902e-01,2.948276794673302947e-01,-2.382918652239163493e-01,7.616290628992262723e-01,9.344548481185104612e-04,1.009254203963898082e-03,5.594943634884922919e-09,0.000000000000000000e+00
1.000000000000000000e+00,6.017756652832031250e+01,2.480277633666992188e+01,1.005000019073486328e+01,4.000000000000000000e+00,-5.435527427625969077e-01,4.563409220954637857e-01,-7.050905350223984902e-01,2.948276794673302947e-01,6.674330430459471690e-04,9.344548481185104612e-04,7.130064438420999245e-08,0.000000000000000000e+00
1.000000000000000000e+00,6.017760086059570312e+01,2.480297851562500000e+01,1.005000019073486328e+01,4.000000000000000000e+00,1.450999401956086510e-01,8.544774255963620835e-01,-5.435527427625969077e-01,4.563409220954637857e-01,2.050732430376527807e-04,6.674330430459471690e-04,2.137765846637099726e-07,0.000000000000000000e+00
1.000000000000000000e+00,6.017759323120117188e+01,2.480296134948730469e+01,1.005000019073486328e+01,4.000000000000000000e+00,-3.064563738512789404e-01,-6.895268411653776575e-01,1.450999401956086510e-01,8.544774255963620835e-01,1.878520546302052293e-05,2.050732430376527807e-04,3.470323294340759925e-08,0.000000000000000000e+00
1.000000000000000000e+00,6.017756652832031250e+01,2.480300521850585938e+01,1.005000019073486328e+01,4.000000000000000000e+00,-3.778429769224737056e-01,6.207420335154925084e-01,-3.064563738512789404e-01,-6.895268411653776575e-01,5.135693366178993146e-05,1.878520546302052293e-05,1.060917477854510249e-09,0.000000000000000000e+00
1.000000000000000000e+00,6.017766189575195312e+01,2.480301475524902344e+01,1.005000019073486328e+01,4.000000000000000000e+00,9.082251426480206780e-01,9.082251426480206224e-02,-3.778429769224737056e-01,6.207420335154925084e-01,9.584308262940301843e-05,5.135693366178993146e-05,1.979017449968662749e-09,0.000000000000000000e+00
1.000000000000000000e+00,6.017765426635742188e+01,2.480285644531250000e+01,1.005000019073486328e+01,4.000000000000000000e+00,-4.594932106018390777e-02,-9.534484119988160256e-01,9.082251426480206780e-01,9.082251426480206224e-02,1.584936707347276894e-04,9.584308262940301843e-05,3.925096189943049242e-09,0.000000000000000000e+00
1.000000000000000000e+00,6.017764663696289062e+01,2.480293846130371094e+01,1.006666660308837891e+01,4.000000000000000000e+00,-8.501155204978494417e-02,9.138741845351880944e-01,-4.594932106018390777e-02,-9.534484119988160256e-01,8.237008240390466249e-05,1.584936707347276894e-04,5.794800700360616112e-09,0.000000000000000000e+00
1.000000000000000000e+00,6.017752075195312500e+01,2.480342674255371094e+01,1.006666660308837891e+01,4.000000000000000000e+00,-2.049355760051948527e-01,7.949016281413618934e-01,-8.501155204978494417e-02,9.138741845351880944e-01,5.042475729096313961e-04,8.237008240390466249e-05,1.779806169954095291e-07,0.000000000000000000e+00
1.000000000000000000e+00,6.017761611938476562e+01,2.480346870422363281e+01,1.006666660308837891e+01,4.000000000000000000e+00,6.939391333883806467e-01,3.053332186908874757e-01,-2.049355760051948527e-01,7.949016281413618934e-01,1.041908285808384934e-04,5.042475729096313961e-04,1.600453986829531785e-07,0.000000000000000000e+00
1.000000000000000000e+00,6.017779159545898438e+01,2.480357933044433594e+01,1.006666660308837891e+01,4.000000000000000000e+00,6.131190326990562101e-01,3.865315640928832508e-01,6.939391333883806467e-01,3.053332186908874757e-01,2.074367694751361668e-04,1.041908285808384934e-04,1.065972431114880875e-08,0.000000000000000000e+00
1.000000000000000000e+00,6.017773818969726562e+01,2.480368423461914062e+01,1.006666660308837891e+01,4.000000000000000000e+00,-3.371364378449098198e-01,6.622322886239300210e-01,6.131190326990562101e-01,3.865315640928832508e-01,1.177160196244008821e-04,2.074367694751361668e-04,8.049812953778215326e-09,0.000000000000000000e+00
1.000000000000000000e+00,6.017774581909179688e+01,2.480368041992187500e+01,1.006666660308837891e+01,4.000000000000000000e+00,6.608917068136348494e-01,-3.304458534068174247e-01,-3.371364378449098198e-01,6.622322886239300210e-01,8.529922399520072193e-06,1.177160196244008821e-04,1.192160382720112497e-08,0.000000000000000000e+00
1.000000000000000000e+00,6.017775344848632812e+01,2.480375862121582031e+01,1.008333301544189453e+01,4.000000000000000000e+00,8.878544634645757494e-02,9.100508250511900599e-01,6.608917068136348494e-01,-3.304458534068174247e-01,7.857257814043418697e-05,8.529922399520072193e-06,4.905973623240209316e-09,0.000000000000000000e+00
1.000000000000000000e+00,6.017767333984375000e+01,2.480382156372070312e+01,1.008333301544189453e+01,4.000000000000000000e+00,-5.596088050917280565e-01,4.396926325720720841e-01,8.878544634645757494e-02,9.100508250511900599e-01,1.018781308065310826e-04,7.857257814043418697e-05,5.431487850722160691e-10,0.000000000000000000e+00
1.000000000000000000e+00,6.017766189575195312e+01,2.480381584167480469e+01,1.008333301544189453e+01,4.000000000000000000e+00,-6.628055445186158412e-01,-3.314027722593079206e-01,-5.596088050917280565e-01,4.396926325720720841e-01,1.279488359928010829e-05,1.018781308065310826e-04,7.935824932988188972e-09,0.000000000000000000e+00
1.000000000000000000e+00,6.017770767211914062e+01,2.480389595031738281e+01,1.008333301544189453e+01,4.000000000000000000e+00,3.633477290088688028e-01,6.358585257655203771e-01,-6.628055445186158412e-01,-3.314027722593079206e-01,9.226521776159533460e-05,1.279488359928010829e-05,6.315534011870045554e-09,0.000000000000000000e+00
1.000000000000000000e+00,6.017781829833984375e+01,2.480407142639160156e+01,1.008333301544189453e+01,4.000000000000000000e+00,3.865315640928832508e-01,6.131190326990562101e-01,3.633477290088688028e-01,6.358585257655203771e-01,2.074367694751361668e-04,9.226521776159533460e-05,1.326448632410481070e-08,0.000000000000000000e+00
1.000000000000000000e+00,6.017782211303710938e+01,2.480422973632812500e+01,1.008333301544189453e+01,4.000000000000000000e+00,2.351490754841324346e-02,9.758686632591496712e-01,3.865315640928832508e-01,6.131190326990562101e-01,1.583558900618577375e-04,2.074367694751361668e-04,2.408932723980778152e-09,0.000000000000000000e+00
1.000000000000000000e+00,6.017755126953125000e+01,2.480444908142089844e+01,1.010000038146972656e+01,4.000000000000000000e+00,-5.524164881962010387e-01,4.473795502997403029e-01,2.351490754841324346e-02,9.758686632591496712e-01,3.485232766831868295e-04,1.583558900618577375e-04,3.616363493438605343e-08,0.000000000000000000e+00
1.000000000000000000e+00,6.017770385742187500e+01,2.480430030822753906e+01,1.011666679382324219e+01,4.000000000000000000e+00,5.061611555570096899e-01,-4.935071266680844393e-01,-5.524164881962010387e-01,4.473795502997403029e-01,2.131115375284335612e-04,3.485232766831868295e-04,1.833633910091493797e-08,0.000000000000000000e+00
1.000000000000000000e+00,6.017777633666992188e+01,2.480421447753906250e+01,1.011666679382324219e+01,4.000000000000000000e+00,4.575423085038062276e-01,-5.418264179650336132e-01,5.061611555570096899e-01,-4.935071266680844393e-01,1.123394342241456771e-04,2.131115375284335612e-04,1.015501680437006896e-08,0.000000000000000000e+00
1.000000000000000000e+00,6.017779541015625000e+01,2.480416679382324219e+01,1.011666679382324219e+01,4.000000000000000000e+00,2.852869356659245015e-01,-7.132173391648113370e-01,4.575423085038062276e-01,-5.418264179650336132e-01,5.135693366178993146e-05,1.123394342241456771e-04,3.718865374837718925e-09,0.000000000000000000e+00
1.000000000000000000e+00,6.017778778076171875e+01,2.480398559570312500e+01,1.011666679382324219e+01,4.000000000000000000e+00,-4.038265440291757824e-02,-9.590880420692924346e-01,2.852869356659245015e-01,-7.132173391648113370e-01,1.813586678240556931e-04,5.135693366178993146e-05,1.690045088519641735e-08,0.000000000000000000e+00
1.000000000000000000e+00,6.017776489257812500e+01,2.480358123779296875e+01,1.011666679382324219e+01,4.000000000000000000e+00,-5.355889273002158862e-02,-9.462071048970480680e-01,-4.038265440291757824e-02,-9.590880420692924346e-01,4.050051708980406760e-04,1.813586678240556931e-04,5.001775833722197513e-08,0.000000000000000000e+00
1.000000000000000000e+00,6.017778015136718750e+01,2.480380821228027344e+01,1.011666679382324219e+01,4.000000000000000000e+00,6.296613197842307330e-02,9.366212131790431217e-01,-5.355889273002158862e-02,-9.462071048970480680e-01,2.274868095755875274e-04,4.050051708980406760e-04,3.151276860660902887e-08,0.000000000000000000e+00
1.000000000000000000e+00,6.017780685424804688e+01,2.480364799499511719e+01,1.013333320617675781e+01,4.000000000000000000e+00,1.427807569005368760e-01,-8.566845414032212558e-01,6.296613197842307330e-02,9.366212131790431217e-01,1.624272831424237681e-04,2.274868095755875274e-04,4.232741979707534305e-09,0.000000000000000000e+00
1.000000000000000000e+00,6.017779922485351562e+01,2.480328941345214844e+01,1.013333320617675781e+01,4.000000000000000000e+00,-2.082764599746629239e-02,-9.788993618809157526e-01,1.427807569005368760e-01,-8.566845414032212558e-01,3.586626975568591065e-04,1.624272831424237681e-04,3.850833787040517502e-08,0.000000000000000000e+00
1.000000000000000000e+00,6.017769622802734375e+01,2.480284309387207031e+01,1.013333320617675781e+01,4.000000000000000000e+00,-1.874658728793194007e-01,-8.123521158103841344e-01,-2.082764599746629239e-02,-9.788993618809157526e-01,4.580496848187904659e-04,3.586626975568591065e-04,9.877773237003305649e-09,0.000000000000000000e+00
1.000000000000000000e+00,6.017913055419921875e+01,2.480182266235351562e+01,1.014999961853027344e+01,4.000000000000000000e+00,5.842807823307842874e-01,-4.156784821103319261e-01,-1.874658728793194007e-01,-8.123521158103841344e-01,1.760276129300575743e-03,4.580496848187904659e-04,1.695793712707672084e-06,0.000000000000000000e+00
1.000000000000000000e+00,6.017942047119140625e+01,2.480051803588867188e+01,1.014999961853027344e+01,4.000000000000000000e+00,1.818067800103973508e-01,-8.181305100467880509e-01,5.842807823307842874e-01,-4.156784821103319261e-01,1.336451299198645462e-03,1.760276129300575743e-03,1.796274866109300708e-07,0.000000000000000000e+00
1.000000000000000000e+00,6.017943572998046875e+01,2.480010414123535156e+01,1.014999961853027344e+01,4.000000000000000000e+00,3.554727244072293513e-02,-9.642197649546095928e-01,1.818067800103973508e-01,-8.181305100467880509e-01,4.141758258165190881e-04,1.336451299198645462e-03,8.505920488022253407e-07,0.000000000000000000e+00
1.000000000000000000e+00,6.017892837524414062e+01,2.479876708984375000e+01,1.014999961853027344e+01,4.000000000000000000e+00,-2.750626461174138782e-01,-7.248831388282223065e-01,3.554727244072293513e-02,-9.642197649546095928e-01,1.430075261046863866e-03,4.141758258165190881e-04,1.032051662501333629e-06,0.000000000000000000e+00
1.000000000000000000e+00,6.017895126342773438e+01,2.479876136779785156e+01,1.014999961853027344e+01,4.000000000000000000e+00,7.972135367283716967e-01,-1.993033841820929242e-01,-2.750626461174138782e-01,-7.248831388282223065e-01,2.359259963389011549e-05,1.430075261046863866e-03,1.978193476855322029e-06,0.000000000000000000e+00
1.000000000000000000e+00,6.017900466918945312e+01,2.479872894287109375e+01,1.016666698455810547e+01,4.000000000000000000e+00,6.214981244252030246e-01,-3.773381469724446657e-01,7.972135367283716967e-01,-1.993033841820929242e-01,6.247840634978942258e-05,2.359259963389011549e-05,1.512105963946279618e-09,0.000000000000000000e+00
1.000000000000000000e+00,6.018039703369140625e+01,2.479742431640625000e+01,1.016666698455810547e+01,4.000000000000000000e+00,5.162467707222823110e-01,-4.837161522932069690e-01,6.214981244252030246e-01,-3.773381469724446657e-01,1.908069474382385888e-03,6.247840634978942258e-05,3.406206390401700068e-06,0.000000000000000000e+00
1.000000000000000000e+00,6.018136215209960938e+01,2.479649543762207031e+01,1.016666698455810547e+01,4.000000000000000000e+00,5.095400658870026245e-01,-4.904071385117989568e-01,5.162467707222823110e-01,-4.837161522932069690e-01,1.339503392138918043e-03,1.908069474382385888e-03,3.232673898776858656e-07,0.000000000000000000e+00
1.000000000000000000e+00,6.018193435668945312e+01,2.479584121704101562e+01,1.016666698455810547e+01,4.000000000000000000e+00,4.665249465892383207e-01,-5.333935222670291854e-01,5.095400658870026245e-01,-4.904071385117989568e-01,8.691505400756459462e-04,1.339503392138918043e-03,2.212318054440543353e-07,0.000000000000000000e+00
1.000000000000000000e+00,6.018249893188476562e+01,2.479498672485351562e+01,1.016666698455810547e+01,4.000000000000000000e+00,3.978214283600763346e-01,-6.021081077882236565e-01,4.665249465892383207e-01,-5.333935222670291854e-01,1.024159191561879604e-03,8.691505400756459462e-04,2.402768203558064767e-08,0.000000000000000000e+00
1.000000000000000000e+00,6.018249893188476562e+01,2.479498672485351562e+01,1.016666698455810547e+01,4.000000000000000000e+00,0.000000000000000000e+00,0.000000000000000000e+00,3.978214283600763346e-01,-6.021081077882236565e-01,0.000000000000000000e+00,1.024159191561879604e-03,1.048902049660682890e-06,0.000000000000000000e+00
1.000000000000000000e+00,6.018260574340820312e+01,2.479520416259765625e+01,1.018333339691162109e+01,4.000000000000000000e+00,3.293102038893078176e-01,6.703814864889480196e-01,0.000000000000000000e+00,0.000000000000000000e+00,2.422558030595005482e-04,0.000000000000000000e+00,5.868787411600351334e-08,0.000000000000000000e+00
1.000000000000000000e+00,6.018328857421875000e+01,2.479791069030761719e+01,1.018333339691162109e+01,4.000000000000000000e+00,2.014571963089173690e-01,7.985133004535021062e-01,3.293102038893078176e-01,6.703814864889480196e-01,2.791334834916531227e-03,2.422558030595005482e-04,6.497803910653176606e-06,0.000000000000000000e+00
1.000000000000000000e+00,6.018400955200195312e+01,2.479972076416015625e+01,1.018333339691162109e+01,4.000000000000000000e+00,2.848417981057539405e-01,7.151186941861389368e-01,2.014571963089173690e-01,7.985133004535021062e-01,1.948377867744882728e-03,2.791334834916531227e-03,7.105764485032236836e-07,0.000000000000000000e+00
1.000000000000000000e+00,6.018400955200195312e+01,2.479972076416015625e+01,1.018333339691162109e+01,4.000000000000000000e+00,0.000000000000000000e+00,0.000000000000000000e+00,2.848417981057539405e-01,7.151186941861389368e-01,0.000000000000000000e+00,1.948377867744882728e-03,3.796176315518095666e-06,0.000000000000000000e+00
1.000000000000000000e+00,6.018449783325195312e+01,2.480228614807128906e+01,1.018333339691162109e+01,4.000000000000000000e+00,1.598948262998943770e-01,8.400724272396794534e-01,0.000000000000000000e+00,0.000000000000000000e+00,2.611438911902908867e-03,0.000000000000000000e+00,6.819613190600648522e-06,0.000000000000000000e+00
1.000000000000000000e+00,6.018452835083007812e+01,2.480288314819335938e+01,1.018333339691162109e+01,4.000000000000000000e+00,4.862447014401129197e-02,9.512161971922209469e-01,1.598948262998943770e-01,8.400724272396794534e-01,5.977796151815345082e-04,2.611438911902908867e-03,4.054823763272418958e-06,0.000000000000000000e+00
1.000000000000000000e+00,6.018457794189453125e+01,2.480370330810546875e+01,1.019999980926513672e+01,4.000000000000000000e+00,5.701098899618446680e-02,9.428740487830508110e-01,4.862447014401129197e-02,9.512161971922209469e-01,8.216578090086235986e-04,5.977796151815345082e-04,5.012144567127967445e-08,0.000000000000000000e+00
1.000000000000000000e+00,6.018526840209960938e+01,2.480814552307128906e+01,1.019999980926513672e+01,4.000000000000000000e+00,1.345198614957583139e-01,8.654606558663565652e-01,5.701098899618446680e-02,9.428740487830508110e-01,4.495554370414675191e-03,8.216578090086235986e-04,1.349751594391121080e-05,0.000000000000000000e+00
1.000000000000000000e+00,6.018527603149414062e+01,2.480828666687011719e+01,1.019999980926513672e+01,4.000000000000000000e+00,5.124760448197609314e-02,9.480806829165577820e-01,1.345198614957583139e-01,8.654606558663565652e-01,1.413498482791817115e-04,4.495554370414675191e-03,1.895909702058517872e-05,0.000000000000000000e+00
1.000000000000000000e+00,6.018545913696289062e+01,2.480915451049804688e+01,1.019999980926513672e+01,4.000000000000000000e+00,1.742120984913441140e-01,8.256927584745997750e-01,5.124760448197609314e-02,9.480806829165577820e-01,8.869499282509238748e-04,1.413498482791817115e-04,5.559194792538682485e-07,0.000000000000000000e+00
1.000000000000000000e+00,6.018550109863281250e+01,2.480951499938964844e+01,1.019999980926513672e+01,4.000000000000000000e+00,1.042395016493645743e-01,8.955120823513592621e-01,1.742120984913441140e-01,8.256927584745997750e-01,3.629228881053873056e-04,8.869499282509238748e-04,2.746043388036918036e-07,0.000000000000000000e+00
1.000000000000000000e+00,6.018640136718750000e+01,2.481131362915039062e+01,1.019999980926513672e+01,4.000000000000000000e+00,3.335565456046514776e-01,6.664064036126828849e-01,1.042395016493645743e-01,8.955120823513592621e-01,2.011355882678800971e-03,3.629228881053873056e-04,2.717331337598271944e-06,0.000000000000000000e+00
1.000000000000000000e+00,6.018631362915039062e+01,2.481226921081542969e+01,1.021666622161865234e+01,4.000000000000000000e+00,-8.408700442278339848e-02,9.158171568655322226e-01,3.335565456046514776e-01,6.664064036126828849e-01,9.596011055197014054e-04,2.011355882678800971e-03,1.106188111276987037e-06,0.000000000000000000e+00
1.000000000000000000e+00,6.018671035766601562e+01,2.481250953674316406e+01,1.021666622161865234e+01,4.000000000000000000e+00,6.226567510590721444e-01,3.771863011223225426e-01,-8.408700442278339848e-02,9.158171568655322226e-01,4.638427175793578133e-04,9.596011055197014054e-04,2.457763792132082133e-07,0.000000000000000000e+00
1.000000000000000000e+00,6.018722534179687500e+01,2.481298255920410156e+01,1.021666622161865234e+01,4.000000000000000000e+00,5.211827702949280994e-01,4.787160260486746921e-01,6.226567510590721444e-01,3.771863011223225426e-01,6.992559642851497483e-04,4.638427175793578133e-04,5.541939672456205680e-08,0.000000000000000000e+00
1.000000000000000000e+00,6.018706130981445312e+01,2.481669616699218750e+01,1.021666622161865234e+01,4.000000000000000000e+00,-4.230092583040817589e-02,9.576732859512177010e-01,5.211827702949280994e-01,4.787160260486746921e-01,3.717228711686944125e-03,6.992559642851497483e-04,9.108159504059935152e-06,0.000000000000000000e+00
1.000000000000000000e+00,6.018695068359375000e+01,2.481685256958007812e+01,1.021666622161865234e+01,4.000000000000000000e+00,-4.141306259159998060e-01,5.854950228467583617e-01,-4.230092583040817589e-02,9.576732859512177010e-01,1.915722584455828751e-04,3.717228711686944125e-03,1.243025342628245632e-05,0.000000000000000000e+00
1.000000000000000000e+00,6.018637466430664062e+01,2.481889533996582031e+01,1.021666622161865234e+01,4.000000000000000000e+00,-2.199479012348694584e-01,7.800139146441893434e-01,-4.141306259159998060e-01,5.854950228467583617e-01,2.122429991304136763e-03,1.915722584455828751e-04,3.728211584539674157e-06,0.000000000000000000e+00
1.000000000000000000e+00,6.018680572509765625e+01,2.482007789611816406e+01,1.023333358764648438e+01,4.000000000000000000e+00,2.671229256094063698e-01,7.328151056541236663e-01,-2.199479012348694584e-01,7.800139146441893434e-01,1.258670909728619620e-03,2.122429991304136763e-03,7.460797510041809194e-07,0.000000000000000000e+00
1.000000000000000000e+00,6.018735885620117188e+01,2.482103347778320312e+01,1.023333358764648438e+01,4.000000000000000000e+00,3.666002270417401676e-01,6.333334956824545614e-01,2.671229256094063698e-01,7.328151056541236663e-01,1.104124239492657858e-03,1.258670909728619620e-03,2.388467328102310881e-08,0.000000000000000000e+00
1.000000000000000000e+00,6.018746948242187500e+01,2.482133293151855469e+01,1.023333358764648438e+01,4.000000000000000000e+00,2.697016737901636874e-01,7.300545307768223635e-01,3.666002270417401676e-01,6.333334956824545614e-01,3.192345537736479772e-04,1.104124239492657858e-03,6.160518187480860966e-07,0.000000000000000000e+00
1.000000000000000000e+00,6.018762588500976562e+01,2.482128906250000000e+01,1.023333358764648438e+01,4.000000000000000000e+00,7.805626289337157520e-01,-2.189382983594568843e-01,2.697016737901636874e-01,7.300545307768223635e-01,1.624384815486656539e-04,3.192345537736479772e-04,2.458500826518187272e-08,0.000000000000000000e+00
1.000000000000000000e+00,6.018763351440429688e+01,2.482126235961914062e+01,1.023333358764648438e+01,4.000000000000000000e+00,2.215768329190141717e-01,-7.755189152165496980e-01,7.805626289337157520e-01,-2.189382983594568843e-01,2.777141528808791372e-05,1.624384815486656539e-04,1.813521873523083510e-08,0.000000000000000000e+00
1.000000000000000000e+00,6.018769073486328125e+01,2.482120513916015625e+01,1.023333358764648438e+01,4.000000000000000000e+00,4.995634747748953775e-01,-4.995634747748953775e-01,2.215768329190141717e-01,-7.755189152165496980e-01,8.092194914091654402e-05,2.777141528808791372e-05,2.824979248840682454e-09,0.000000000000000000e+00
1.000000000000000000e+00,6.018763732910156250e+01,2.482120513916015625e+01,1.025000000000000000e+01,4.000000000000000000e+00,-9.981310424001503812e-01,0.000000000000000000e+00,4.995634747748953775e-01,-4.995634747748953775e-01,5.340576171875000000e-05,8.092194914091654402e-05,7.571405702517963521e-10,0.000000000000000000e+00
1.000000000000000000e+00,6.018759155273437500e+01,2.482138252258300781e+01,1.025000000000000000e+01,4.000000000000000000e+00,-2.050363264226431892e-01,7.945157648877423373e-01,-9.981310424001503812e-01,0.000000000000000000e+00,1.831948538999418792e-04,5.340576171875000000e-05,1.684520844921792462e-08,0.000000000000000000e+00
1.000000000000000000e+00,6.018754959106445312e+01,2.482131385803222656e+01,1.025000000000000000e+01,4.000000000000000000e+00,-3.789677788640601896e-01,-6.201290926866439568e-01,-2.050363264226431892e-01,7.945157648877423373e-01,8.047112697497935477e-05,1.831948538999418792e-04,1.055216407335427097e-08,0.000000000000000000e+00
1.000000000000000000e+00,6.018754577636718750e+01,2.482123947143554688e+01,1.025000000000000000e+01,4.000000000000000000e+00,-4.871818936082047274e-02,-9.500046925359991734e-01,-3.789677788640601896e-01,-6.201290926866439568e-01,7.448434520632413842e-05,8.047112697497935477e-05,3.584155594550248076e-11,0.000000000000000000e+00
1.000000000000000000e+00,6.018738555908203125e+01,2.482093620300292969e+01,1.025000000000000000e+01,4.000000000000000000e+00,-3.456044459819855863e-01,-6.541798441801870423e-01,-4.871818936082047274e-02,-9.500046925359991734e-01,3.429888054804773644e-04,7.448434520632413842e-05,7.209464518711433669e-08,0.000000000000000000e+00
1.000000000000000000e+00,6.018735885620117188e+01,2.482113075256347656e+01,1.025000000000000000e+01,4.000000000000000000e+00,-1.206351314208772563e-01,8.789131003521056806e-01,-3.456044459819855863e-01,-6.541798441801870423e-01,1.963735607335472260e-04,3.429888054804773644e-04,2.149602999220222695e-08,0.000000000000000000e+00
1.000000000000000000e+00,6.018730926513671875e+01,2.482116127014160156e+01,1.026666641235351562e+01,4.000000000000000000e+00,-6.182758223943535247e-01,3.804774291657560537e-01,-1.206351314208772563e-01,8.789131003521056806e-01,5.822882660855769043e-05,1.963735607335472260e-04,1.908396756646405015e-08,0.000000000000000000e+00
1.000000000000000000e+00,6.018730545043945312e+01,2.482118225097656250e+01,1.026666641235351562e+01,4.000000000000000000e+00,-1.532281869256394702e-01,8.427550280910170999e-01,-6.182758223943535247e-01,3.804774291657560537e-01,2.132480599880018048e-05,5.822882660855769043e-05,1.361906737165406992e-09,0.000000000000000000e+00
1.000000000000000000e+00,6.018696594238281250e+01,2.482178306579589844e+01,1.026666641235351562e+01,4.000000000000000000e+00,-3.610163739244113823e-01,6.388772909336493111e-01,-1.532281869256394702e-01,8.427550280910170999e-01,6.901044614096977538e-04,2.132480599880018048e-05,4.472662274915188520e-07,0.000000000000000000e+00
1.000000000000000000e+00,6.018695068359375000e+01,2.482178306579589844e+01,1.026666641235351562e+01,4.000000000000000000e+00,-9.934890700306472366e-01,0.000000000000000000e+00,-3.610163739244113823e-01,6.388772909336493111e-01,1.525878906250000000e-05,6.901044614096977538e-04,4.554166814857413819e-07,0.000000000000000000e+00
1.000000000000000000e+00,6.018694305419921875e+01,2.482164764404296875e+01,1.026666641235351562e+01,4.000000000000000000e+00,-5.329607667540267602e-02,-9.460053609883974923e-01,-9.934890700306472366e-01,0.000000000000000000e+00,1.356364951901323484e-04,1.525878906250000000e-05,1.449079213255061466e-08,0.000000000000000000e+00
1.000000000000000000e+00,6.018692398071289062e+01,2.482168006896972656e+01,1.026666641235351562e+01,4.000000000000000000e+00,-3.696525762596221676e-01,6.284093796413576793e-01,-5.329607667540267602e-02,-9.460053609883974923e-01,3.761879524863437796e-05,1.356364951901323484e-04,9.607469501821531491e-09,0.000000000000000000e+00
1.000000000000000000e+00,6.018696212768554688e+01,2.482158660888671875e+01,1.028333377838134766e+01,4.000000000000000000e+00,2.896349968793566765e-01,-7.096057423544238629e-01,-3.696525762596221676e-01,6.284093796413576793e-01,1.009454240600528096e-04,3.761879524863437796e-05,4.010261916619171013e-09,0.000000000000000000e+00
1.000000000000000000e+00,6.018696594238281250e+01,2.482155990600585938e+01,1.028333377838134766e+01,4.000000000000000000e+00,1.245917377935979314e-01,-8.721421645551854507e-01,2.896349968793566765e-01,-7.096057423544238629e-01,2.697398304697218134e-05,1.009454240600528096e-04,5.471774085551666930e-09,0.000000000000000000e+00
1.000000000000000000e+00,6.018697357177734375e+01,2.482154655456542969e+01,1.028333377838134766e+01,4.000000000000000000e+00,3.619114017726131061e-01,-6.333449531020729495e-01,1.245917377935979314e-01,-8.721421645551854507e-01,1.537753629359922243e-05,2.697398304697218134e-05,1.344775773038142375e-10,0.000000000000000000e+00
1.000000000000000000e+00,6.018697357177734375e+01,2.482153701782226562e+01,1.028333377838134766e+01,4.000000000000000000e+00,0.000000000000000000e+00,-9.896230502050814559e-01,3.619114017726131061e-01,-6.333449531020729495e-01,9.536743164062500000e-06,1.537753629359922243e-05,3.411486438204337829e-11,0.000000000000000000e+00
1.000000000000000000e+00,6.018696212768554688e+01,2.482155227661132812e+01,1.028333377838134766e+01,4.000000000000000000e+00,-4.269724533313415948e-01,5.692966044417887561e-01,0.000000000000000000e+00,-9.896230502050814559e-01,1.907348632812500000e-05,9.536743164062500000e-06,9.094947017729282379e-11,0.000000000000000000e+00
1.000000000000000000e+00,6.018696212768554688e+01,2.482155227661132812e+01,1.028333377838134766e+01,4.000000000000000000e+00,0.000000000000000000e+00,0.000000000000000000e+00,-4.269724533313415948e-01,5.692966044417887561e-01,0.000000000000000000e+00,1.907348632812500000e-05,3.637978807091712952e-10,0.000000000000000000e+00
1.000000000000000000e+00,6.018764877319335938e+01,2.482150459289550781e+01,1.418333339691162109e+01,4.000000000000000000e+00,0.000000000000000000e+00,0.000000000000000000e+00,0.000000000000000000e+00,0.000000000000000000e+00,0.000000000000000000e+00,0.000000000000000000e+00,0.000000000000000000e+00,0.000000000000000000e+00
1.000000000000000000e+00,6.018761825561523438e+01,2.482137680053710938e+01,1.418333339691162109e+01,4.000000000000000000e+00,-1.926493930542342026e-01,-8.067193334146056660e-01,0.000000000000000000e+00,0.000000000000000000e+00,1.313857276862680440e-04,0.000000000000000000e+00,1.726220943965018126e-08,0.000000000000000000e+00
1.000000000000000000e+00,6.018756866455078125e+01,2.482149505615234375e+01,1.419999980926513672e+01,4.000000000000000000e+00,-2.952786238191762447e-01,7.041259491072664467e-01,-1.926493930542342026e-01,-8.067193334146056660e-01,1.282328515165070330e-04,1.313857276862680440e-04,9.940628141846862753e-12,0.000000000000000000e+00
1.000000000000000000e+00,6.018757629394531250e+01,2.482148933410644531e+01,1.419999980926513672e+01,4.000000000000000000e+00,5.671804868132804822e-01,-4.253853651099603894e-01,-2.952786238191762447e-01,7.041259491072664467e-01,9.536743164062500000e-06,1.282328515165070330e-04,1.408876613801525344e-08,0.000000000000000000e+00
1.000000000000000000e+00,6.018755722045898438e+01,2.482159805297851562e+01,1.419999980926513672e+01,4.000000000000000000e+00,-1.491370287246030213e-01,8.500810637302372852e-01,5.671804868132804822e-01,-4.253853651099603894e-01,1.103793052385733576e-04,9.536743164062500000e-06,1.016922232575157639e-08,0.000000000000000000e+00
1.000000000000000000e+00,6.018751525878906250e+01,2.482171058654785156e+01,1.419999980926513672e+01,4.000000000000000000e+00,-2.714292504952053875e-01,7.279238990553235089e-01,-1.491370287246030213e-01,8.500810637302372852e-01,1.201023978533261537e-04,1.103793052385733576e-04,9.453852999506037006e-11,0.000000000000000000e+00
1.000000000000000000e+00,6.018765640258789062e+01,2.482170677185058594e+01,1.419999980926513672e+01,4.000000000000000000e+00,9.730129749649757409e-01,-2.629764797202636950e-02,-2.714292504952053875e-01,7.279238990553235089e-01,1.411953393808116676e-04,1.201023978533261537e-04,4.449121822819228994e-10,0.000000000000000000e+00
1.000000000000000000e+00,6.018760681152343750e+01,2.482161140441894531e+01,1.419999980926513672e+01,4.000000000000000000e+00,-3.418694236363428174e-01,-6.574411993006592514e-01,9.730129749649757409e-01,-2.629764797202636950e-02,1.074905609405927382e-04,1.411953393808116676e-04,1.136012089704246838e-09,0.000000000000000000e+00
1.000000000000000000e+00,6.018757629394531250e+01,2.482172966003417969e+01,1.421666622161865234e+01,4.000000000000000000e+00,-2.049904179279043726e-01,7.943378694706294540e-01,-3.418694236363428174e-01,-6.574411993006592514e-01,1.221299025999612528e-04,1.074905609405927382e-04,2.143103242197225004e-10,0.000000000000000000e+00
1.000000000000000000e+00,6.018690490722656250e+01,2.482175254821777344e+01,1.423333358764648438e+01,4.000000000000000000e+00,-9.668937003394606489e-01,3.296228523884525002e-02,-2.049904179279043726e-01,7.943378694706294540e-01,6.717767449548344870e-04,1.221299025999612528e-04,3.021116513106828477e-07,0.000000000000000000e+00
1.000000000000000000e+00,6.018690490722656250e+01,2.482175254821777344e+01,1.423333358764648438e+01,4.000000000000000000e+00,0.000000000000000000e+00,0.000000000000000000e+00,-9.668937003394606489e-01,3.296228523884525002e-02,0.000000000000000000e+00,6.717767449548344870e-04,4.512839950621127553e-07,0.000000000000000000e+00
1.000000000000000000e+00,6.018690490722656250e+01,2.482175254821777344e+01,1.423333358764648438e+01,4.000000000000000000e+00,0.000000000000000000e+00,0.000000000000000000e+00,0.000000000000000000e+00,0.000000000000000000e+00,0.000000000000000000e+00,0.000000000000000000e+00,0.000000000000000000e+00,0.000000000000000000e+00
1.000000000000000000e+00,6.018690490722656250e+01,2.482175254821777344e+01,1.423333358764648438e+01,4.000000000000000000e+00,0.000000000000000000e+00,0.000000000000000000e+00,0.000000000000000000e+00,0.000000000000000000e+00,0.000000000000000000e+00,0.000000000000000000e+00,0.000000000000000000e+00,0.000000000000000000e+00
1.000000000000000000e+00,6.018732833862304688e+01,2.482165527343750000e+01,1.425000000000000000e+01,4.000000000000000000e+00,8.130306731774437079e-01,-1.867773168110343773e-01,0.000000000000000000e+00,0.000000000000000000e+00,4.344611955122730106e-04,0.000000000000000000e+00,1.887565304059535265e-07,0.000000000000000000e+00
1.000000000000000000e+00,6.018739700317382812e+01,2.482168960571289062e+01,1.425000000000000000e+01,4.000000000000000000e+00,6.660200253573064222e-01,3.330100126786532111e-01,8.130306731774437079e-01,-1.867773168110343773e-01,7.676930159568064974e-05,4.344611955122730106e-04,1.279434909736387769e-07,0.000000000000000000e+00
1.000000000000000000e+00,6.018741607666015625e+01,2.482173156738281250e+01,1.425000000000000000e+01,4.000000000000000000e+00,3.119888374886585769e-01,6.863754424750488914e-01,6.660200253573064222e-01,3.330100126786532111e-01,4.609316243589238102e-05,7.676930159568064974e-05,9.410255137506952485e-10,0.000000000000000000e+00
1.000000000000000000e+00,6.018761062622070312e+01,2.482182693481445312e+01,1.425000000000000000e+01,4.000000000000000000e+00,6.708212476774326749e-01,3.288339449399179659e-01,3.119888374886585769e-01,6.863754424750488914e-01,2.166667453180378257e-04,4.609316243589238102e-05,2.909534717725214104e-08,0.000000000000000000e+00
1.000000000000000000e+00,6.018761062622070312e+01,2.482182693481445312e+01,1.425000000000000000e+01,4.000000000000000000e+00,0.000000000000000000e+00,0.000000000000000000e+00,6.708212476774326749e-01,3.288339449399179659e-01,0.000000000000000000e+00,2.166667453180378257e-04,4.694447852671146393e-08,0.000000000000000000e+00
1.000000000000000000e+00,6.018762207031250000e+01,2.482161712646484375e+01,1.425000000000000000e+01,4.000000000000000000e+00,5.170077060894739257e-02,-9.478474611640355096e-01,0.000000000000000000e+00,0.000000000000000000e+00,2.101202293994203316e-04,0.000000000000000000e+00,4.415051080286502176e-08,0.000000000000000000e+00
1.000000000000000000e+00,6.018690490722656250e+01,2.482175254821777344e+01,1.426666641235351562e+01,4.000000000000000000e+00,-8.410646621678751211e-01,1.588180612072317421e-01,5.170077060894739257e-02,-9.478474611640355096e-01,7.298369290450759878e-04,2.101202293994203316e-04,2.701054478905726932e-07,0.000000000000000000e+00
1.000000000000000000e+00,6.018690109252929688e+01,2.482175254821777344e+01,1.426666641235351562e+01,4.000000000000000000e+00,-9.744552405423272390e-01,0.000000000000000000e+00,-8.410646621678751211e-01,1.588180612072317421e-01,3.814697265625000000e-06,7.298369290450759878e-04,5.271082810380148099e-07,0.000000000000000000e+00
1.000000000000000000e+00,6.018690109252929688e+01,2.482175254821777344e+01,1.426666641235351562e+01,4.000000000000000000e+00,0.000000000000000000e+00,0.000000000000000000e+00,-9.744552405423272390e-01,0.000000000000000000e+00,0.000000000000000000e+00,3.814697265625000000e-06,1.455191522836685181e-11,0.000000000000000000e+00
1.000000000000000000e+00,6.018690490722656250e+01,2.482175254821777344e+01,1.426666641235351562e+01,4.000000000000000000e+00,9.744552405423272390e-01,0.000000000000000000e+00,0.000000000000000000e+00,0.000000000000000000e+00,3.814697265625000000e-06,0.000000000000000000e+00,1.455191522836685181e-11,0.000000000000000000e+00
1.000000000000000000e+00,6.018690490722656250e+01,2.482175254821777344e+01,1.426666641235351562e+01,4.000000000000000000e+00,0.000000000000000000e+00,0.000000000000000000e+00,9.744552405423272390e-01,0.000000000000000000e+00,0.000000000000000000e+00,3.814697265625000000e-06,1.455191522836685181e-11,0.000000000000000000e+00
1.000000000000000000e+00,6.018690490722656250e+01,2.482175064086914062e+01,1.426666641235351562e+01,4.000000000000000000e+00,0.000000000000000000e+00,-9.501830432614539745e-01,0.000000000000000000e+00,0.000000000000000000e+00,1.907348632812500000e-06,0.000000000000000000e+00,3.637978807091712952e-12,0.000000000000000000e+00
1.000000000000000000e+00,6.018690490722656250e+01,2.482174873352050781e+01,1.428333377838134766e+01,4.000000000000000000e+00,0.000000000000000000e+00,-9.501830432614539745e-01,0.000000000000000000e+00,-9.501830432614539745e-01,1.907348632812500000e-06,1.907348632812500000e-06,0.000000000000000000e+00,0.000000000000000000e+00
1.000000000000000000e+00,6.018690490722656250e+01,2.482175064086914062e+01,1.428333377838134766e+01,4.000000000000000000e+00,0.000000000000000000e+00,9.501830432614539745e-01,0.000000000000000000e+00,-9.501830432614539745e-01,1.907348632812500000e-06,1.907348632812500000e-06,0.000000000000000000e+00,0.000000000000000000e+00
1.000000000000000000e+00,6.018690490722656250e+01,2.482175064086914062e+01,1.428333377838134766e+01,4.000000000000000000e+00,0.000000000000000000e+00,0.000000000000000000e+00,0.000000000000000000e+00,9.501830432614539745e-01,0.000000000000000000e+00,1.907348632812500000e-06,3.637978807091712952e-12,0.000000000000000000e+00
1.000000000000000000e+00,6.018690490722656250e+01,2.482175064086914062e+01,1.428333377838134766e+01,4.000000000000000000e+00,0.000000000000000000e+00,0.000000000000000000e+00,0.000000000000000000e+00,0.000000000000000000e+00,0.000000000000000000e+00,0.000000000000000000e+00,0.000000000000000000e+00,0.000000000000000000e+00
1.000000000000000000e+00,6.018753814697265625e+01,2.482174110412597656e+01,1.430000019073486328e+01,4.000000000000000000e+00,9.850099617499034066e-01,-1.483448737575155697e-02,0.000000000000000000e+00,0.000000000000000000e+00,6.333115548472601592e-04,0.000000000000000000e+00,4.010835255030542083e-07,0.000000000000000000e+00
1.000000000000000000e+00,6.018758773803710938e+01,2.482182884216308594e+01,1.430000019073486328e+01,4.000000000000000000e+00,3.608483493619579208e-01,6.384240027173101462e-01,9.850099617499034066e-01,-1.483448737575155697e-02,1.007831177797157768e-04,6.333115548472601592e-04,2.835865362856015579e-07,0.000000000000000000e+00
1.000000000000000000e+00,6.018760681152343750e+01,2.482185745239257812e+01,1.430000019073486328e+01,4.000000000000000000e+00,3.991628947369765257e-01,5.987443421054647885e-01,3.608483493619579208e-01,6.384240027173101462e-01,3.438521647895802702e-05,1.007831177797157768e-04,4.408681297145167393e-09,0.000000000000000000e+00
1.000000000000000000e+00,6.018753814697265625e+01,2.482182312011718750e+01,1.430000019073486328e+01,4.000000000000000000e+00,-6.660200253573064222e-01,-3.330100126786532111e-01,3.991628947369765257e-01,5.987443421054647885e-01,7.676930159568064974e-05,3.438521647895802702e-05,1.796410671181588100e-09,0.000000000000000000e+00
1.000000000000000000e+00,6.018752670288085938e+01,2.482168960571289062e+01,1.430000019073486328e+01,4.000000000000000000e+00,-7.889294391607910850e-02,-9.204176790209229742e-01,-6.660200253573064222e-01,-3.330100126786532111e-01,1.340039678211234794e-04,7.676930159568064974e-05,3.275807017937846223e-09,0.000000000000000000e+00
1.000000000000000000e+00,6.018752288818359375e+01,2.482176017761230469e+01,1.431666660308837891e+01,4.000000000000000000e+00,-5.121320392753651168e-02,9.474442726594254349e-01,-7.889294391607910850e-02,-9.204176790209229742e-01,7.067492413959085577e-05,1.340039678211234794e-04,4.010567773617467127e-09,0.000000000000000000e+00
1.000000000000000000e+00,6.018747329711914062e+01,2.482160568237304688e+01,1.431666660308837891e+01,4.000000000000000000e+00,-2.428716498209893826e-01,-7.566386013653900733e-01,-5.121320392753651168e-02,9.474442726594254349e-01,1.622592143051442340e-04,7.067492413959085577e-05,8.387682205128276616e-09,0.000000000000000000e+00
1.000000000000000000e+00,6.018690490722656250e+01,2.482175254821777344e+01,1.431666660308837891e+01,4.000000000000000000e+00,-7.945555797451218094e-01,2.053046296656858283e-01,-2.428716498209893826e-01,-7.566386013653900733e-01,5.870576175574414779e-04,1.622592143051442340e-04,1.804536834057013299e-07,0.000000000000000000e+00
1.000000000000000000e+00,6.018690490722656250e+01,2.482175445556640625e+01,1.431666660308837891e+01,4.000000000000000000e+00,0.000000000000000000e+00,9.501830432614539745e-01,-7.945555797451218094e-01,2.053046296656858283e-01,1.907348632812500000e-06,5.870576175574414779e-04,3.424008372225655973e-07,0.000000000000000000e+00
1.000000000000000000e+00,6.018690490722656250e+01,2.482175445556640625e+01,1.431666660308837891e+01,4.000000000000000000e+00,0.000000000000000000e+00,0.000000000000000000e+00,0.000000000000000000e+00,9.501830432614539745e-01,0.000000000000000000e+00,1.907348632812500000e-06,3.637978807091712952e-12,0.000000000000000000e+00
1.000000000000000000e+00,6.018690490722656250e+01,2.482175445556640625e+01,1.431666660308837891e+01,4.000000000000000000e+00,0.000000000000000000e+00,0.000000000000000000e+00,0.000000000000000000e+00,0.000000000000000000e+00,0.000000000000000000e+00,0.000000000000000000e+00,0.000000000000000000e+00,0.000000000000000000e+00
1.000000000000000000e+00,6.018690490722656250e+01,2.482175254821777344e+01,1.433333301544189453e+01,4.000000000000000000e+00,0.000000000000000000e+00,-9.501830432614539745e-01,0.000000000000000000e+00,0.000000000000000000e+00,1.907348632812500000e-06,0.000000000000000000e+00,3.637978807091712952e-12,0.000000000000000000e+00
1.000000000000000000e+00,6.018690490722656250e+01,2.482175254821777344e+01,1.433333301544189453e+01,4.000000000000000000e+00,0.000000000000000000e+00,0.000000000000000000e+00,0.000000000000000000e+00,-9.501830432614539745e-01,0.000000000000000000e+00,1.907348632812500000e-06,3.637978807091712952e-12,0.000000000000000000e+00
1.000000000000000000e+00,6.018690490722656250e+01,2.482175254821777344e+01,1.433333301544189453e+01,4.000000000000000000e+00,0.000000000000000000e+00,0.000000000000000000e+00,0.000000000000000000e+00,0.000000000000000000e+00,0.000000000000000000e+00,0.000000000000000000e+00,0.000000000000000000e+00,0.000000000000000000e+00
1.000000000000000000e+00,6.018690490722656250e+01,2.482175254821777344e+01,1.433333301544189453e+01,4.000000000000000000e+00,0.000000000000000000e+00,0.000000000000000000e+00,0.000000000000000000e+00,0.000000000000000000e+00,0.000000000000000000e+00,0.000000000000000000e+00,0.000000000000000000e+00,0.000000000000000000e+00
1.000000000000000000e+00,6.018690490722656250e+01,2.482175445556640625e+01,1.433333301544189453e+01,4.000000000000000000e+00,0.000000000000000000e+00,9.501830432614539745e-01,0.000000000000000000e+00,0.000000000000000000e+00,1.907348632812500000e-06,0.000000000000000000e+00,3.637978807091712952e-12,0.000000000000000000e+00
1.000000000000000000e+00,6.018690490722656250e+01,2.482175445556640625e+01,1.433333301544189453e+01,4.000000000000000000e+00,0.000000000000000000e+00,0.000000000000000000e+00,0.000000000000000000e+00,9.501830432614539745e-01,0.000000000000000000e+00,1.907348632812500000e-06,3.637978807091712952e-12,0.000000000000000000e+00
1.000000000000000000e+00,6.018751907348632812e+01,2.482253265380859375e+01,1.738333320617675781e+01,4.000000000000000000e+00,0.000000000000000000e+00,0.000000000000000000e+00,0.000000000000000000e+00,0.000000000000000000e+00,0.000000000000000000e+00,0.000000000000000000e+00,0.000000000000000000e+00,0.000000000000000000e+00
1.000000000000000000e+00,6.018692779541015625e+01,2.482002449035644531e+01,1.738333320617675781e+01,4.000000000000000000e+00,-1.907630760128248282e-01,-8.092046611511762855e-01,0.000000000000000000e+00,0.000000000000000000e+00,2.576915533356629196e-03,0.000000000000000000e+00,6.640493666054680943e-06,0.000000000000000000e+00
1.000000000000000000e+00,6.018686676025390625e+01,2.481984329223632812e+01,1.738333320617675781e+01,4.000000000000000000e+00,-2.518645279136922932e-01,-7.477228172437738740e-01,-1.907630760128248282e-01,-8.092046611511762855e-01,1.912015926514855867e-04,2.576915533356629196e-03,5.691631006874866332e-06,0.000000000000000000e+00
1.000000000000000000e+00,6.018686676025390625e+01,2.481984329223632812e+01,1.739999961853027344e+01,4.000000000000000000e+00,0.000000000000000000e+00,0.000000000000000000e+00,-2.518645279136922932e-01,-7.477228172437738740e-01,0.000000000000000000e+00,1.912015926514855867e-04,3.655804903246463007e-08,0.000000000000000000e+00
1.000000000000000000e+00,6.018706893920898438e+01,2.481402206420898438e+01,1.739999961853027344e+01,4.000000000000000000e+00,3.356499057245797280e-02,-9.664184078032238556e-01,0.000000000000000000e+00,0.000000000000000000e+00,5.824737940560835783e-03,0.000000000000000000e+00,3.392757207620888948e-05,0.000000000000000000e+00
1.000000000000000000e+00,6.018706893920898438e+01,2.481402206420898438e+01,1.739999961853027344e+01,4.000000000000000000e+00,0.000000000000000000e+00,0.000000000000000000e+00,3.356499057245797280e-02,-9.664184078032238556e-01,0.000000000000000000e+00,5.824737940560835783e-03,3.392757207620888948e-05,0.000000000000000000e+00
1.000000000000000000e+00,6.018706893920898438e+01,2.481402206420898438e+01,1.739999961853027344e+01,4.000000000000000000e+00,0.000000000000000000e+00,0.000000000000000000e+00,0.000000000000000000e+00,0.000000000000000000e+00,0.000000000000000000e+00,0.000000000000000000e+00,0.000000000000000000e+00,0.000000000000000000e+00
1.000000000000000000e+00,6.018706893920898438e+01,2.481402206420898438e+01,1.739999961853027344e+01,4.000000000000000000e+00,0.000000000000000000e+00,0.000000000000000000e+00,0.000000000000000000e+00,0.000000000000000000e+00,0.000000000000000000e+00,0.000000000000000000e+00,0.000000000000000000e+00,0.000000000000000000e+00
1.000000000000000000e+00,6.018655395507812500e+01,2.481210136413574219e+01,1.739999961853027344e+01,4.000000000000000000e+00,-2.114243659155867761e-01,-7.885345795444291817e-01,0.000000000000000000e+00,0.000000000000000000e+00,1.988541532477893729e-03,0.000000000000000000e+00,3.954297426389530301e-06,0.000000000000000000e+00
1.000000000000000000e+00,6.018587875366210938e+01,2.481055450439453125e+01,1.741666603088378906e+01,4.000000000000000000e+00,-3.038489867487069174e-01,-6.961060120146930208e-01,-2.114243659155867761e-01,-7.885345795444291817e-01,1.687800939438260190e-03,1.988541532477893729e-03,9.044490430183047246e-08,0.000000000000000000e+00
1.000000000000000000e+00,6.018587875366210938e+01,2.481055450439453125e+01,1.741666603088378906e+01,4.000000000000000000e+00,0.000000000000000000e+00,0.000000000000000000e+00,-3.038489867487069174e-01,-6.961060120146930208e-01,0.000000000000000000e+00,1.687800939438260190e-03,2.848672011168673635e-06,0.000000000000000000e+00
1.000000000000000000e+00,6.018586349487304688e+01,2.481067848205566406e+01,1.741666603088378906e+01,4.000000000000000000e+00,-1.095103904334526340e-01,8.897719222718026844e-01,0.000000000000000000e+00,0.000000000000000000e+00,1.249131342318187093e-04,0.000000000000000000e+00,1.560329110361636016e-08,0.000000000000000000e+00
1.000000000000000000e+00,6.018594360351562500e+01,2.481031799316406250e+01,1.741666603088378906e+01,4.000000000000000000e+00,1.817769249089148664e-01,-8.179961620901169406e-01,-1.095103904334526340e-01,8.897719222718026844e-01,3.692825958312046528e-04,1.249131342318187093e-04,5.971643376237375041e-08,0.000000000000000000e+00
1.000000000000000000e+00,6.018582916259765625e+01,2.480965423583984375e+01,1.741666603088378906e+01,4.000000000000000000e+00,-1.470399286102717640e-01,-8.528315859395763088e-01,1.817769249089148664e-01,-8.179961620901169406e-01,6.735506730451429206e-04,3.692825958312046528e-04,9.257906281146710378e-08,0.000000000000000000e+00
1.000000000000000000e+00,6.018582916259765625e+01,2.480965423583984375e+01,1.741666603088378906e+01,4.000000000000000000e+00,0.000000000000000000e+00,0.000000000000000000e+00,-1.470399286102717640e-01,-8.528315859395763088e-01,0.000000000000000000e+00,6.735506730451429206e-04,4.536705091595650249e-07,0.000000000000000000e+00
1.000000000000000000e+00,6.018582916259765625e+01,2.480965423583984375e+01,1.743333244323730469e+01,4.000000000000000000e+00,0.000000000000000000e+00,0.000000000000000000e+00,0.000000000000000000e+00,0.000000000000000000e+00,0.000000000000000000e+00,0.000000000000000000e+00,0.000000000000000000e+00,0.000000000000000000e+00
1.000000000000000000e+00,6.018478012084960938e+01,2.480405426025390625e+01,1.743333244323730469e+01,4.000000000000000000e+00,-1.577715800990766859e-01,-8.422133803107074712e-01,0.000000000000000000e+00,0.000000000000000000e+00,5.697386694989316561e-03,0.000000000000000000e+00,3.246021515224128962e-05,0.000000000000000000e+00
1.000000000000000000e+00,6.018474578857421875e+01,2.480387496948242188e+01,1.743333244323730469e+01,4.000000000000000000e+00,-1.606390882622260596e-01,-8.388930164805138423e-01,-1.577715800990766859e-01,-8.422133803107074712e-01,1.825483110657562030e-04,5.697386694989316561e-03,3.041344240079663165e-05,0.000000000000000000e+00
1.000000000000000000e+00,6.018472671508789062e+01,2.480379867553710938e+01,1.743333244323730469e+01,4.000000000000000000e+00,-1.997905044719827938e-01,-7.991620178879311753e-01,-1.606390882622260596e-01,-8.388930164805138423e-01,7.864199877963372733e-05,1.825483110657562030e-04,1.079652173290120687e-08,0.000000000000000000e+00
1.000000000000000000e+00,6.018468856811523438e+01,2.480355644226074219e+01,1.743333244323730469e+01,4.000000000000000000e+00,-1.360059141029298091e-01,-8.636375545536042475e-01,-1.997905044719827938e-01,-7.991620178879311753e-01,2.452185794396887311e-04,7.864199877963372733e-05,2.774775722439581620e-08,0.000000000000000000e+00
1.000000000000000000e+00,6.018468856811523438e+01,2.480355644226074219e+01,1.743333244323730469e+01,4.000000000000000000e+00,0.000000000000000000e+00,0.000000000000000000e+00,-1.360059141029298091e-01,-8.636375545536042475e-01,0.000000000000000000e+00,2.452185794396887311e-04,6.013215170241893661e-08,0.000000000000000000e+00
1.000000000000000000e+00,6.018468856811523438e+01,2.480355644226074219e+01,1.745000076293945312e+01,4.000000000000000000e+00,0.000000000000000000e+00,0.000000000000000000e+00,0.000000000000000000e+00,0.000000000000000000e+00,0.000000000000000000e+00,0.000000000000000000e+00,0.000000000000000000e+00,0.000000000000000000e+00
1.000000000000000000e+00,6.018335723876953125e+01,2.479759788513183594e+01,1.745000076293945312e+01,4.000000000000000000e+00,-1.826243917379095916e-01,-8.173618908155151352e-01,0.000000000000000000e+00,0.000000000000000000e+00,6.105476302891511657e-03,0.000000000000000000e+00,3.727684088516980410e-05,0.000000000000000000e+00
1.000000000000000000e+00,6.018263626098632812e+01,2.479532623291015625e+01,1.745000076293945312e+01,4.000000000000000000e+00,-2.409097319259699277e-01,-7.590568537667464755e-01,-1.826243917379095916e-01,-8.173618908155151352e-01,2.383319697425159353e-03,6.105476302891511657e-03,1.385444979561679856e-05,0.000000000000000000e+00
1.000000000000000000e+00,6.018263626098632812e+01,2.479532623291015625e+01,1.745000076293945312e+01,4.000000000000000000e+00,0.000000000000000000e+00,0.000000000000000000e+00,-2.409097319259699277e-01,-7.590568537667464755e-01,0.000000000000000000e+00,2.383319697425159353e-03,5.680212780134753240e-06,0.000000000000000000e+00
1.000000000000000000e+00,6.017952728271484375e+01,2.479829788208007812e+01,1.745000076293945312e+01,4.000000000000000000e+00,-5.112839378910529753e-01,4.886996167081353315e-01,0.000000000000000000e+00,0.000000000000000000e+00,4.300749316300513971e-03,0.000000000000000000e+00,1.849644468165933747e-05,0.000000000000000000e+00
1.000000000000000000e+00,6.017932891845703125e+01,2.479825019836425781e+01,1.745000076293945312e+01,4.000000000000000000e+00,-8.058740231938974485e-01,-1.937197171139176666e-01,-5.112839378910529753e-01,4.886996167081353315e-01,2.040149884982382623e-04,4.300749316300513971e-03,1.678323215259356791e-05,0.000000000000000000e+00
1.000000000000000000e+00,6.017925262451171875e+01,2.479827690124511719e+01,1.746666717529296875e+01,4.000000000000000000e+00,-7.400222503970070864e-01,2.590077876389524913e-01,-8.058740231938974485e-01,-1.937197171139176666e-01,8.083198585669361576e-05,2.040149884982382623e-04,1.517405213978679767e-08,0.000000000000000000e+00
1.000000000000000000e+00,6.017919158935546875e+01,2.479830551147460938e+01,1.746666717529296875e+01,4.000000000000000000e+00,-6.800924163982795534e-01,3.187933201866935407e-01,-7.400222503970070864e-01,2.590077876389524913e-01,6.740797823742787067e-05,8.083198585669361576e-05,1.802039805621047745e-10,0.000000000000000000e+00
1.000000000000000000e+00,6.017919921875000000e+01,2.479845237731933594e+01,1.746666717529296875e+01,4.000000000000000000e+00,4.935077281731006793e-02,9.500023767332188562e-01,-6.800924163982795534e-01,3.187933201866935407e-01,1.470638773056124455e-04,6.740797823742787067e-05,6.345062256360807877e-09,0.000000000000000000e+00
1.000000000000000000e+00,6.017919921875000000e+01,2.479845237731933594e+01,1.746666717529296875e+01,4.000000000000000000e+00,0.000000000000000000e+00,0.000000000000000000e+00,4.935077281731006793e-02,9.500023767332188562e-01,0.000000000000000000e+00,1.470638773056124455e-04,2.162778400816023019e-08,0.000000000000000000e+00
1.000000000000000000e+00,6.017906188964843750e+01,2.480191230773925781e+01,1.746666717529296875e+01,4.000000000000000000e+00,-3.817497271049351271e-02,9.617972291227114834e-01,0.000000000000000000e+00,0.000000000000000000e+00,3.462654731970360097e-03,0.000000000000000000e+00,1.198997779283672571e-05,0.000000000000000000e+00
1.000000000000000000e+00,6.017905044555664062e+01,2.480193519592285156e+01,1.746666717529296875e+01,4.000000000000000000e+00,-3.323652493785212991e-01,6.647304987570425983e-01,-3.817497271049351271e-02,9.617972291227114834e-01,2.558976719856021658e-05,3.462654731970360097e-03,1.181341557206177369e-05,0.000000000000000000e+00
1.000000000000000000e+00,6.017905044555664062e+01,2.480193519592285156e+01,1.748333358764648438e+01,4.000000000000000000e+00,0.000000000000000000e+00,0.000000000000000000e+00,-3.323652493785212991e-01,6.647304987570425983e-01,0.000000000000000000e+00,2.558976719856021658e-05,6.548361852765084347e-10,0.000000000000000000e+00
1.000000000000000000e+00,6.017905044555664062e+01,2.480193519592285156e+01,1.748333358764648438e+01,4.000000000000000000e+00,0.000000000000000000e+00,0.000000000000000000e+00,0.000000000000000000e+00,0.000000000000000000e+00,0.000000000000000000e+00,0.000000000000000000e+00,0.000000000000000000e+00,0.000000000000000000e+00
1.000000000000000000e+00,6.017750549316406250e+01,2.480282211303710938e+01,1.748333358764648438e+01,4.000000000000000000e+00,-6.352679950285037291e-01,3.646908860348818116e-01,0.000000000000000000e+00,0.000000000000000000e+00,1.781431969763728725e-03,0.000000000000000000e+00,3.173499862896278501e-06,0.000000000000000000e+00
1.000000000000000000e+00,6.017754364013671875e+01,2.480353355407714844e+01,1.748333358764648438e+01,4.000000000000000000e+00,5.088379700657379850e-02,9.489828141726013300e-01,-6.352679950285037291e-01,3.646908860348818116e-01,7.124630130573092338e-04,1.781431969763728725e-03,1.142694630402010820e-06,0.000000000000000000e+00
1.000000000000000000e+00,6.017753601074218750e+01,2.480330657958984375e+01,1.748333358764648438e+01,4.000000000000000000e+00,-3.250646930749569868e-02,-9.670674618979970827e-01,5.088379700657379850e-02,9.489828141726013300e-01,2.271026762240797923e-04,7.124630130573092338e-04,2.355746565708659410e-07,0.000000000000000000e+00
1.000000000000000000e+00,6.017753601074218750e+01,2.480330657958984375e+01,1.748333358764648438e+01,4.000000000000000000e+00,0.000000000000000000e+00,0.000000000000000000e+00,-3.250646930749569868e-02,-9.670674618979970827e-01,0.000000000000000000e+00,2.271026762240797923e-04,5.157562554813921452e-08,0.000000000000000000e+00
1.000000000000000000e+00,6.017756271362304688e+01,2.480316352844238281e+01,1.750000000000000000e+01,4.000000000000000000e+00,1.572107598709312215e-01,-8.422004993085601132e-01,0.000000000000000000e+00,0.000000000000000000e+00,1.455220761124609047e-04,0.000000000000000000e+00,2.117667463608086440e-08,0.000000000000000000e+00
1.000000000000000000e+00,6.017752456665039062e+01,2.480310058593750000e+01,1.750000000000000000e+01,4.000000000000000000e+00,-3.769855679067420917e-01,-6.220261870461244458e-01,1.572107598709312215e-01,-8.422004993085601132e-01,7.359993507985969157e-05,1.455220761124609047e-04,5.172794370713379284e-09,0.000000000000000000e+00
1.000000000000000000e+00,6.017742538452148438e+01,2.480301666259765625e+01,1.750000000000000000e+01,4.000000000000000000e+00,-5.413710059146364939e-01,-4.580831588508462726e-01,-3.769855679067420917e-01,-6.220261870461244458e-01,1.299239072107422077e-04,7.359993507985969157e-05,3.172389836600430529e-09,0.000000000000000000e+00
1.000000000000000000e+00,6.017742538452148438e+01,2.480301666259765625e+01,1.750000000000000000e+01,4.000000000000000000e+00,0.000000000000000000e+00,0.000000000000000000e+00,-5.413710059146364939e-01,-4.580831588508462726e-01,0.000000000000000000e+00,1.299239072107422077e-04,1.688022166490555140e-08,0.000000000000000000e+00
1.000000000000000000e+00,6.017896652221679688e+01,2.480240821838378906e+01,1.750000000000000000e+01,4.000000000000000000e+00,7.169142972881015208e-01,-2.830391842016143356e-01,0.000000000000000000e+00,0.000000000000000000e+00,1.656897630302362444e-03,0.000000000000000000e+00,2.745309757301584310e-06,0.000000000000000000e+00
1.000000000000000000e+00,6.017937469482421875e+01,2.479998970031738281e+01,1.750000000000000000e+01,4.000000000000000000e+00,1.443943519415660792e-01,-8.555702722518961911e-01,7.169142972881015208e-01,-2.830391842016143356e-01,2.452719819910745107e-03,1.656897630302362444e-03,6.333329574730805539e-07,0.000000000000000000e+00
1.000000000000000000e+00,6.017938232421875000e+01,2.479942893981933594e+01,1.751666641235351562e+01,4.000000000000000000e+00,1.342045765607262353e-02,-9.864036377213377671e-01,1.443943519415660792e-01,-8.555702722518961911e-01,5.608123962883602509e-04,2.452719819910745107e-03,3.579313699557490416e-06,0.000000000000000000e+00
1.000000000000000000e+00,6.017931365966796875e+01,2.479908752441406250e+01,1.751666641235351562e+01,4.000000000000000000e+00,-1.674010389042395186e-01,-8.323551656627464768e-01,1.342045765607262353e-02,-9.864036377213377671e-01,3.482517760069809469e-04,5.608123962883602509e-04,4.518201729440471980e-08,0.000000000000000000e+00
1.000000000000000000e+00,6.017933654785156250e+01,2.479891777038574219e+01,1.751666641235351562e+01,4.000000000000000000e+00,1.187502382921448441e-01,-8.807309340000741837e-01,-1.674010389042395186e-01,-8.323551656627464768e-01,1.712901021051557054e-04,3.482517760069809469e-04,3.131543403013593560e-08,0.000000000000000000e+00
1.000000000000000000e+00,6.017933654785156250e+01,2.479891777038574219e+01,1.751666641235351562e+01,4.000000000000000000e+00,0.000000000000000000e+00,0.000000000000000000e+00,1.187502382921448441e-01,-8.807309340000741837e-01,0.000000000000000000e+00,1.712901021051557054e-04,2.934029907919466826e-08,0.000000000000000000e+00
1.000000000000000000e+00,6.018255615234375000e+01,2.479526138305664062e+01,1.751666641235351562e+01,4.000000000000000000e+00,4.682317478977353065e-01,-5.317537089573214359e-01,0.000000000000000000e+00,0.000000000000000000e+00,4.871860156708973481e-03,0.000000000000000000e+00,2.373502138652838428e-05,0.000000000000000000e+00
1.000000000000000000e+00,6.018255615234375000e+01,2.479526138305664062e+01,1.751666641235351562e+01,4.000000000000000000e+00,0.000000000000000000e+00,0.000000000000000000e+00,4.682317478977353065e-01,-5.317537089573214359e-01,0.000000000000000000e+00,4.871860156708973481e-03,2.373502138652838428e-05,0.000000000000000000e+00
1.000000000000000000e+00,6.018255615234375000e+01,2.479526138305664062e+01,1.753333282470703125e+01,4.000000000000000000e+00,0.000000000000000000e+00,0.000000000000000000e+00,0.000000000000000000e+00,0.000000000000000000e+00,0.000000000000000000e+00,0.000000000000000000e+00,0.000000000000000000e+00,0.000000000000000000e+00
1.000000000000000000e+00,6.018255615234375000e+01,2.479526138305664062e+01,1.753333282470703125e+01,4.000000000000000000e+00,0.000000000000000000e+00,0.000000000000000000e+00,0.000000000000000000e+00,0.000000000000000000e+00,0.000000000000000000e+00,0.000000000000000000e+00,0.000000000000000000e+00,0.000000000000000000e+00
1.000000000000000000e+00,6.018255615234375000e+01,2.479526138305664062e+01,1.753333282470703125e+01,4.000000000000000000e+00,0.000000000000000000e+00,0.000000000000000000e+00,0.000000000000000000e+00,0.000000000000000000e+00,0.000000000000000000e+00,0.000000000000000000e+00,0.000000000000000000e+00,0.000000000000000000e+00
1.000000000000000000e+00,6.018255615234375000e+01,2.479526138305664062e+01,1.753333282470703125e+01,4.000000000000000000e+00,0.000000000000000000e+00,0.000000000000000000e+00,0.000000000000000000e+00,0.000000000000000000e+00,0.000000000000000000e+00,0.000000000000000000e+00,0.000000000000000000e+00,0.000000000000000000e+00
1.000000000000000000e+00,6.018255615234375000e+01,2.479526138305664062e+01,1.753333282470703125e+01,4.000000000000000000e+00,0.000000000000000000e+00,0.000000000000000000e+00,0.000000000000000000e+00,0.000000000000000000e+00,0.000000000000000000e+00,0.000000000000000000e+00,0.000000000000000000e+00,0.000000000000000000e+00
1.000000000000000000e+00,6.018255615234375000e+01,2.479526138305664062e+01,1.753333282470703125e+01,4.000000000000000000e+00,0.000000000000000000e+00,0.000000000000000000e+00,0.000000000000000000e+00,0.000000000000000000e+00,0.000000000000000000e+00,0.000000000000000000e+00,0.000000000000000000e+00,0.000000000000000000e+00
1.000000000000000000e+00,6.018255615234375000e+01,2.479526138305664062e+01,1.754999923706054688e+01,4.000000000000000000e+00,0.000000000000000000e+00,0.000000000000000000e+00,0.000000000000000000e+00,0.000000000000000000e+00,0.000000000000000000e+00,0.000000000000000000e+00,0.000000000000000000e+00,0.000000000000000000e+00
1.000000000000000000e+00,6.018256378173828125e+01,2.479521942138671875e+01,1.754999923706054688e+01,4.000000000000000000e+00,1.535365485769986937e-01,-8.444510171734928017e-01,0.000000000000000000e+00,0.000000000000000000e+00,4.264961199760036097e-05,0.000000000000000000e+00,1.818989403545856683e-09,0.000000000000000000e+00
1.000000000000000000e+00,6.018307113647460938e+01,2.478858184814453125e+01,1.754999923706054688e+01,4.000000000000000000e+00,7.100808252307608259e-02,-9.289779217304690029e-01,1.535365485769986937e-01,-8.444510171734928017e-01,6.656935283888379927e-03,4.264961199760036097e-05,4.374877494937965962e-05,0.000000000000000000e+00
1.000000000000000000e+00,6.018308639526367188e+01,2.478843498229980469e+01,1.754999923706054688e+01,4.000000000000000000e+00,9.405963019365297384e-02,-9.053239406139098611e-01,7.100808252307608259e-02,-9.289779217304690029e-01,1.476563814770653199e-04,6.656935283888379927e-03,4.237071182937704775e-05,0.000000000000000000e+00
1.000000000000000000e+00,6.018308639526367188e+01,2.478843498229980469e+01,1.756666755676269531e+01,4.000000000000000000e+00,0.000000000000000000e+00,0.000000000000000000e+00,9.405963019365297384e-02,-9.053239406139098611e-01,0.000000000000000000e+00,1.476563814770653199e-04,2.180240699090063903e-08,0.000000000000000000e+00
1.000000000000000000e+00,6.018285369873046875e+01,2.478582000732421875e+01,1.756666755676269531e+01,4.000000000000000000e+00,-8.171179902775026205e-02,-9.182530857954558368e-01,0.000000000000000000e+00,0.000000000000000000e+00,2.625307943747824148e-03,0.000000000000000000e+00,6.892241799505428327e-06,0.000000000000000000e+00
1.000000000000000000e+00,6.018285369873046875e+01,2.478582000732421875e+01,1.756666755676269531e+01,4.000000000000000000e+00,0.000000000000000000e+00,0.000000000000000000e+00,-8.171179902775026205e-02,-9.182530857954558368e-01,0.000000000000000000e+00,2.625307943747824148e-03,6.892241799505428327e-06,0.000000000000000000e+00
1.000000000000000000e+00,6.018209075927734375e+01,2.478251647949218750e+01,1.756666755676269531e+01,4.000000000000000000e+00,-1.876126471360440029e-01,-8.123627620990705456e-01,0.000000000000000000e+00,0.000000000000000000e+00,3.390482671558692120e-03,0.000000000000000000e+00,1.149537274613976648e-05,0.000000000000000000e+00
1.000000000000000000e+00,6.018175506591796875e+01,2.477994728088378906e+01,1.756666755676269531e+01,4.000000000000000000e+00,-1.155574139615593576e-01,-8.844081625353434895e-01,-1.876126471360440029e-01,-8.123627620990705456e-01,2.591036765645161541e-03,3.390482671558692120e-03,6.391137564819056076e-07,0.000000000000000000e+00
1.000000000000000000e+00,6.018175506591796875e+01,2.477994728088378906e+01,1.756666755676269531e+01,4.000000000000000000e+00,0.000000000000000000e+00,0.000000000000000000e+00,-1.155574139615593576e-01,-8.844081625353434895e-01,0.000000000000000000e+00,2.591036765645161541e-03,6.713471520924939858e-06,0.000000000000000000e+00
1.000000000000000000e+00,6.018231582641601562e+01,2.477724647521972656e+01,1.758333396911621094e+01,4.000000000000000000e+00,1.719245533344901378e-01,-8.280447874885648041e-01,0.000000000000000000e+00,0.000000000000000000e+00,2.758405983752547971e-03,0.000000000000000000e+00,7.608803571201861752e-06,0.000000000000000000e+00
1.000000000000000000e+00,6.018231582641601562e+01,2.477724647521972656e+01,1.758333396911621094e+01,4.000000000000000000e+00,0.000000000000000000e+00,0.000000000000000000e+00,1.719245533344901378e-01,-8.280447874885648041e-01,0.000000000000000000e+00,2.758405983752547971e-03,7.608803571201861752e-06,0.000000000000000000e+00
1.000000000000000000e+00,6.018231582641601562e+01,2.477724647521972656e+01,1.758333396911621094e+01,4.000000000000000000e+00,0.000000000000000000e+00,0.000000000000000000e+00,0.000000000000000000e+00,0.000000000000000000e+00,0.000000000000000000e+00,0.000000000000000000e+00,0.000000000000000000e+00,0.000000000000000000e+00
1.000000000000000000e+00,6.018231582641601562e+01,2.477724647521972656e+01,1.758333396911621094e+01,4.000000000000000000e+00,0.000000000000000000e+00,0.000000000000000000e+00,0.000000000000000000e+00,0.000000000000000000e+00,0.000000000000000000e+00,0.000000000000000000e+00,0.000000000000000000e+00,0.000000000000000000e+00
1.000000000000000000e+00,6.018231582641601562e+01,2.477724647521972656e+01,1.758333396911621094e+01,4.000000000000000000e+00,0.000000000000000000e+00,0.000000000000000000e+00,0.000000000000000000e+00,0.000000000000000000e+00,0.000000000000000000e+00,0.000000000000000000e+00,0.000000000000000000e+00,0.000000000000000000e+00
1.000000000000000000e+00,6.018231582641601562e+01,2.477724647521972656e+01,1.758333396911621094e+01,4.000000000000000000e+00,0.000000000000000000e+00,0.000000000000000000e+00,0.000000000000000000e+00,0.000000000000000000e+00,0.000000000000000000e+00,0.000000000000000000e+00,0.000000000000000000e+00,0.000000000000000000e+00
1.000000000000000000e+00,6.018231582641601562e+01,2.477724647521972656e+01,1.760000038146972656e+01,4.000000000000000000e+00,0.000000000000000000e+00,0.000000000000000000e+00,0.000000000000000000e+00,0.000000000000000000e+00,0.000000000000000000e+00,0.000000000000000000e+00,0.000000000000000000e+00,0.000000000000000000e+00
1.000000000000000000e+00,6.018155288696289062e+01,2.476500320434570312e+01,1.760000038146972656e+01,4.000000000000000000e+00,-5.865917650238554326e-02,-9.413331349220319666e-01,0.000000000000000000e+00,0.000000000000000000e+00,1.226701912869810826e-02,0.000000000000000000e+00,1.504797583038453013e-04,0.000000000000000000e+00
1.000000000000000000e+00,6.018093490600585938e+01,2.476368522644042969e+01,1.760000038146972656e+01,4.000000000000000000e+00,-3.191953349474119239e-01,-6.807530137304371731e-01,-5.865917650238554326e-02,-9.413331349220319666e-01,1.455666933759992279e-03,1.226701912869810826e-02,1.168853362829932086e-04,0.000000000000000000e+00
1.000000000000000000e+00,6.018123626708984375e+01,2.475986480712890625e+01,1.760000038146972656e+01,4.000000000000000000e+00,7.311252512635013634e-02,-9.268632141017678627e-01,-3.191953349474119239e-01,-6.807530137304371731e-01,3.832286813222811860e-03,1.455666933759992279e-03,5.648322051457866451e-06,0.000000000000000000e+00
1.000000000000000000e+00,6.018127441406250000e+01,2.475952529907226562e+01,1.760000038146972656e+01,4.000000000000000000e+00,1.009833614320209683e-01,-8.987519167449866675e-01,7.311252512635013634e-02,-9.268632141017678627e-01,3.416444234093841026e-04,3.832286813222811860e-03,1.218458429356239671e-05,0.000000000000000000e+00
1.000000000000000000e+00,6.018127441406250000e+01,2.475952529907226562e+01,1.760000038146972656e+01,4.000000000000000000e+00,0.000000000000000000e+00,0.000000000000000000e+00,1.009833614320209683e-01,-8.987519167449866675e-01,0.000000000000000000e+00,3.416444234093841026e-04,1.167209120467305183e-07,0.000000000000000000e+00
1.000000000000000000e+00,6.018063354492187500e+01,2.475708198547363281e+01,1.761666679382324219e+01,4.000000000000000000e+00,-2.077854706599356061e-01,-7.921821068910045449e-01,0.000000000000000000e+00,0.000000000000000000e+00,2.525964092513876234e-03,0.000000000000000000e+00,6.380494596669450402e-06,0.000000000000000000e+00
1.000000000000000000e+00,6.018063354492187500e+01,2.475708198547363281e+01,1.761666679382324219e+01,4.000000000000000000e+00,0.000000000000000000e+00,0.000000000000000000e+00,-2.077854706599356061e-01,-7.921821068910045449e-01,0.000000000000000000e+00,2.525964092513876234e-03,6.380494596669450402e-06,0.000000000000000000e+00
1.000000000000000000e+00,6.018060684204101562e+01,2.475496864318847656e+01,1.761666679382324219e+01,4.000000000000000000e+00,-1.247713532866959185e-02,-9.874761388689933250e-01,0.000000000000000000e+00,0.000000000000000000e+00,2.113510978934254273e-03,0.000000000000000000e+00,4.466928658075629818e-06,0.000000000000000000e+00
1.000000000000000000e+00,6.018060684204101562e+01,2.475496864318847656e+01,1.761666679382324219e+01,4.000000000000000000e+00,0.000000000000000000e+00,0.000000000000000000e+00,-1.247713532866959185e-02,-9.874761388689933250e-01,0.000000000000000000e+00,2.113510978934254273e-03,4.466928658075629818e-06,0.000000000000000000e+00
1.000000000000000000e+00,6.018060684204101562e+01,2.475496864318847656e+01,1.761666679382324219e+01,4.000000000000000000e+00,0.000000000000000000e+00,0.000000000000000000e+00,0.000000000000000000e+00,0.000000000000000000e+00,0.000000000000000000e+00,0.000000000000000000e+00,0.000000000000000000e+00,0.000000000000000000e+00
1.000000000000000000e+00,6.018060684204101562e+01,2.475496864318847656e+01,1.761666679382324219e+01,4.000000000000000000e+00,0.000000000000000000e+00,0.000000000000000000e+00,0.000000000000000000e+00,0.000000000000000000e+00,0.000000000000000000e+00,0.000000000000000000e+00,0.000000000000000000e+00,0.000000000000000000e+00
1.000000000000000000e+00,6.018060684204101562e+01,2.475496864318847656e+01,1.763333320617675781e+01,4.000000000000000000e+00,0.000000000000000000e+00,0.000000000000000000e+00,0.000000000000000000e+00,0.000000000000000000e+00,0.000000000000000000e+00,0.000000000000000000e+00,0.000000000000000000e+00,0.000000000000000000e+00
1.000000000000000000e+00,6.018060684204101562e+01,2.475496864318847656e+01,1.763333320617675781e+01,4.000000000000000000e+00,0.000000000000000000e+00,0.000000000000000000e+00,0.000000000000000000e+00,0.000000000000000000e+00,0.000000000000000000e+00,0.000000000000000000e+00,0.000000000000000000e+00,0.000000000000000000e+00
1.000000000000000000e+00,6.018060684204101562e+01,2.475496864318847656e+01,1.763333320617675781e+01,4.000000000000000000e+00,0.000000000000000000e+00,0.000000000000000000e+00,0.000000000000000000e+00,0.000000000000000000e+00,0.000000000000000000e+00,0.000000000000000000e+00,0.000000000000000000e+00,0.000000000000000000e+00
1.000000000000000000e+00,6.018060684204101562e+01,2.475496864318847656e+01,1.763333320617675781e+01,4.000000000000000000e+00,0.000000000000000000e+00,0.000000000000000000e+00,0.000000000000000000e+00,0.000000000000000000e+00,0.000000000000000000e+00,0.000000000000000000e+00,0.000000000000000000e+00,0.000000000000000000e+00
1.000000000000000000e+00,6.017841720581054688e+01,2.474148178100585938e+01,1.764999961853027344e+01,4.000000000000000000e+00,-1.396754686680603819e-01,-8.603181523970861999e-01,0.000000000000000000e+00,0.000000000000000000e+00,1.366345338319310300e-02,0.000000000000000000e+00,1.866899583546910435e-04,0.000000000000000000e+00
1.000000000000000000e+00,6.017676162719726562e+01,2.474246788024902344e+01,1.764999961853027344e+01,4.000000000000000000e+00,-6.266910782229588861e-01,3.732710684807255541e-01,-1.396754686680603819e-01,-8.603181523970861999e-01,1.927000846425087465e-03,1.366345338319310300e-02,1.377443181478083651e-04,0.000000000000000000e+00
1.000000000000000000e+00,6.017685317993164062e+01,2.474263763427734375e+01,1.764999961853027344e+01,4.000000000000000000e+00,3.502309329376875890e-01,6.493865214886290760e-01,-6.266910782229588861e-01,3.732710684807255541e-01,1.928686944595020677e-04,1.927000846425087465e-03,3.007214320480791618e-06,0.000000000000000000e+00
1.000000000000000000e+00,6.017685317993164062e+01,2.474263763427734375e+01,1.764999961853027344e+01,4.000000000000000000e+00,0.000000000000000000e+00,0.000000000000000000e+00,3.502309329376875890e-01,6.493865214886290760e-01,0.000000000000000000e+00,1.928686944595020677e-04,3.719833330251276493e-08,0.000000000000000000e+00
1.000000000000000000e+00,6.017685317993164062e+01,2.474263763427734375e+01,1.766666603088378906e+01,4.000000000000000000e+00,0.000000000000000000e+00,0.000000000000000000e+00,0.000000000000000000e+00,0.000000000000000000e+00,0.000000000000000000e+00,0.000000000000000000e+00,0.000000000000000000e+00,0.000000000000000000e+00
1.000000000000000000e+00,6.017387390136718750e+01,2.474535560607910156e+01,1.766666603088378906e+01,4.000000000000000000e+00,-5.229235298784187247e-01,4.770589181029107895e-01,0.000000000000000000e+00,0.000000000000000000e+00,4.032799459402919458e-03,0.000000000000000000e+00,1.626347147976047952e-05,0.000000000000000000e+00
1.000000000000000000e+00,6.017387390136718750e+01,2.474535560607910156e+01,1.766666603088378906e+01,4.000000000000000000e+00,0.000000000000000000e+00,0.000000000000000000e+00,-5.229235298784187247e-01,4.770589181029107895e-01,0.000000000000000000e+00,4.032799459402919458e-03,1.626347147976047952e-05,0.000000000000000000e+00
1.000000000000000000e+00,6.017387390136718750e+01,2.474535560607910156e+01,1.766666603088378906e+01,4.000000000000000000e+00,0.000000000000000000e+00,0.000000000000000000e+00,0.000000000000000000e+00,0.000000000000000000e+00,0.000000000000000000e+00,0.000000000000000000e+00,0.000000000000000000e+00,0.000000000000000000e+00
1.000000000000000000e+00,6.017387390136718750e+01,2.474535560607910156e+01,1.766666603088378906e+01,4.000000000000000000e+00,0.000000000000000000e+00,0.000000000000000000e+00,0.000000000000000000e+00,0.000000000000000000e+00,0.000000000000000000e+00,0.000000000000000000e+00,0.000000000000000000e+00,0.000000000000000000e+00
1.000000000000000000e+00,6.017359542846679688e+01,2.474625587463378906e+01,1.766666603088378906e+01,4.000000000000000000e+00,-2.362259141728009770e-01,7.636892567778224006e-01,0.000000000000000000e+00,0.000000000000000000e+00,9.423537694576740583e-04,0.000000000000000000e+00,8.880306268110871315e-07,0.000000000000000000e+00
1.000000000000000000e+00,6.017348480224609375e+01,2.474626541137695312e+01,1.768333244323730469e+01,4.000000000000000000e+00,-9.198694023980246159e-01,7.929908641362282129e-02,-2.362259141728009770e-01,7.636892567778224006e-01,1.110365263200979903e-04,9.423537694576740583e-04,6.910883587378597730e-07,0.000000000000000000e+00
1.000000000000000000e+00,6.017357254028320312e+01,2.474643135070800781e+01,1.768333244323730469e+01,4.000000000000000000e+00,3.457283750088145924e-01,6.538775788210188233e-01,-9.198694023980246159e-01,7.929908641362282129e-02,1.877067520007824402e-04,1.110365263200979903e-04,5.878323505927085237e-09,0.000000000000000000e+00
1.000000000000000000e+00,6.017409515380859375e+01,2.474981498718261719e+01,1.768333244323730469e+01,4.000000000000000000e+00,1.337856375876777526e-01,8.661887630676654570e-01,3.457283750088145924e-01,6.538775788210188233e-01,3.423758269683795531e-03,1.877067520007824402e-04,1.047202942509853129e-05,0.000000000000000000e+00
1.000000000000000000e+00,6.017409515380859375e+01,2.474981498718261719e+01,1.768333244323730469e+01,4.000000000000000000e+00,0.000000000000000000e+00,0.000000000000000000e+00,1.337856375876777526e-01,8.661887630676654570e-01,0.000000000000000000e+00,3.423758269683795531e-03,1.172212068922817707e-05,0.000000000000000000e+00
1.000000000000000000e+00,6.017399978637695312e+01,2.475039863586425781e+01,1.768333244323730469e+01,4.000000000000000000e+00,-1.404287569909704325e-01,8.594239927847390215e-01,0.000000000000000000e+00,0.000000000000000000e+00,5.913888150773303739e-04,0.000000000000000000e+00,3.497407305985688634e-07,0.000000000000000000e+00
1.000000000000000000e+00,6.017462158203125000e+01,2.475270652770996094e+01,1.768333244323730469e+01,4.000000000000000000e+00,2.122323391361574940e-01,7.877335286955539084e-01,-1.404287569909704325e-01,8.594239927847390215e-01,2.390187148983413060e-03,5.913888150773303739e-04,3.235675446063299484e-06,0.000000000000000000e+00
1.000000000000000000e+00,6.017462158203125000e+01,2.475270652770996094e+01,1.770000076293945312e+01,4.000000000000000000e+00,0.000000000000000000e+00,0.000000000000000000e+00,2.122323391361574940e-01,7.877335286955539084e-01,0.000000000000000000e+00,2.390187148983413060e-03,5.712994607165456665e-06,0.000000000000000000e+00
1.000000000000000000e+00,6.017528915405273438e+01,2.475211334228515625e+01,1.770000076293945312e+01,4.000000000000000000e+00,5.294587611384327097e-01,-4.704619277544359046e-01,0.000000000000000000e+00,0.000000000000000000e+00,8.930405097583493570e-04,0.000000000000000000e+00,7.975213520694525109e-07,0.000000000000000000e+00
1.000000000000000000e+00,6.017634963989257812e+01,2.475320434570312500e+01,1.770000076293945312e+01,4.000000000000000000e+00,4.928848924082916416e-01,5.070686303193215894e-01,5.294587611384327097e-01,-4.704619277544359046e-01,1.521485680027452256e-03,8.930405097583493570e-04,3.949433320345617284e-07,0.000000000000000000e+00
1.000000000000000000e+00,6.017635726928710938e+01,2.475321578979492188e+01,1.770000076293945312e+01,4.000000000000000000e+00,3.979137857708577308e-01,5.968706786562865130e-01,4.928848924082916416e-01,5.070686303193215894e-01,1.375408659158321047e-05,1.521485680027452256e-03,2.273254557844664766e-06,0.000000000000000000e+00
1.000000000000000000e+00,6.017635726928710938e+01,2.475321578979492188e+01,1.770000076293945312e+01,4.000000000000000000e+00,0.000000000000000000e+00,0.000000000000000000e+00,3.979137857708577308e-01,5.968706786562865130e-01,0.000000000000000000e+00,1.375408659158321047e-05,1.891748979687690476e-10,0.000000000000000000e+00
1.000000000000000000e+00,6.017708587646484375e+01,2.475383758544921875e+01,1.770000076293945312e+01,4.000000000000000000e+00,5.395080709593915724e-01,4.604178825464965152e-01,0.000000000000000000e+00,0.000000000000000000e+00,9.578612922279143484e-04,0.000000000000000000e+00,9.174982551485299005e-07,0.000000000000000000e+00
1.000000000000000000e+00,6.017710876464843750e+01,2.475383377075195312e+01,1.771666717529296875e+01,4.000000000000000000e+00,8.539449066626831897e-01,-1.423241511104471890e-01,5.395080709593915724e-01,4.604178825464965152e-01,2.320389759177482353e-05,9.578612922279143484e-04,8.735844453480161874e-07,0.000000000000000000e+00
1.000000000000000000e+00,6.017709732055664062e+01,2.475383758544921875e+01,1.771666717529296875e+01,4.000000000000000000e+00,-7.451168025229853997e-01,2.483722675076618092e-01,8.539449066626831897e-01,-1.423241511104471890e-01,1.206313194339134034e-05,2.320389759177482353e-05,1.241166592322014602e-10,0.000000000000000000e+00
1.000000000000000000e+00,6.017710113525390625e+01,2.475383567810058594e+01,1.771666717529296875e+01,4.000000000000000000e+00,6.552159382063228454e-01,-3.276079691031614227e-01,-7.451168025229853997e-01,2.483722675076618092e-01,4.264961199760036097e-06,1.206313194339134034e-05,6.081146694682720965e-11,0.000000000000000000e+00
1.000000000000000000e+00,6.017691421508789062e+01,2.475388145446777344e+01,1.771666717529296875e+01,4.000000000000000000e+00,-8.029336324030611483e-01,1.966368079354435527e-01,6.552159382063228454e-01,-3.276079691031614227e-01,1.924438210392675661e-04,4.264961199760036097e-06,3.541128329049702278e-08,0.000000000000000000e+00
1.000000000000000000e+00,6.017692184448242188e+01,2.475384521484375000e+01,1.771666717529296875e+01,4.000000000000000000e+00,1.735175080553767735e-01,-8.242081632630396948e-01,-8.029336324030611483e-01,1.966368079354435527e-01,3.703401153363723649e-05,1.924438210392675661e-04,2.415220889057630407e-08,0.000000000000000000e+00
1.000000000000000000e+00,6.017695236206054688e+01,2.475386238098144531e+01,1.771666717529296875e+01,4.000000000000000000e+00,6.386606315791624189e-01,3.592466052632788953e-01,1.735175080553767735e-01,-8.242081632630396948e-01,3.501426649224437612e-05,3.703401153363723649e-05,4.079370032231047548e-12,0.000000000000000000e+00
1.000000000000000000e+00,6.017697525024414062e+01,2.475379180908203125e+01,1.773333358764648438e+01,4.000000000000000000e+00,2.446362044360176347e-01,-7.542949636777210864e-01,6.386606315791624189e-01,3.592466052632788953e-01,7.419071326742829472e-05,3.501426649224437612e-05,1.534793981928818489e-09,0.000000000000000000e+00
1.000000000000000000e+00,6.017700958251953125e+01,2.475399208068847656e+01,1.773333358764648438e+01,4.000000000000000000e+00,1.462791118837306614e-01,8.532948193217620991e-01,2.446362044360176347e-01,-7.542949636777210864e-01,2.031930645511402620e-04,7.419071326742829472e-05,1.664160663672622170e-08,0.000000000000000000e+00
1.000000000000000000e+00,6.017696762084960938e+01,2.475394439697265625e+01,1.773333358764648438e+01,4.000000000000000000e+00,-4.675635362738171374e-01,-5.313222003111558456e-01,1.462791118837306614e-01,8.532948193217620991e-01,6.351785967005429490e-05,2.031930645511402620e-04,1.950916285857334257e-08,0.000000000000000000e+00
1.000000000000000000e+00,6.017631530761718750e+01,2.475348854064941406e+01,1.779999923706054688e+01,4.000000000000000000e+00,-5.885871619301283886e-01,-4.113226073137447036e-01,-4.675635362738171374e-01,-5.313222003111558456e-01,7.958125034407041807e-04,6.351785967005429490e-05,5.362554452951830473e-07,0.000000000000000000e+00
1.000000000000000000e+00,6.017599868774414062e+01,2.475289535522460938e+01,1.779999923706054688e+01,4.000000000000000000e+00,-3.479701390842180331e-01,-6.519199593686253458e-01,-5.885871619301283886e-01,-4.113226073137447036e-01,6.723965289982815037e-04,7.958125034407041807e-04,1.523150274757272765e-08,0.000000000000000000e+00
1.000000000000000000e+00,6.017574691772460938e+01,2.475245666503906250e+01,1.779999923706054688e+01,4.000000000000000000e+00,-3.645880803437935858e-01,-6.352671096899433767e-01,-3.479701390842180331e-01,-6.519199593686253458e-01,5.058035405470364754e-04,6.723965289982815037e-04,2.775322380111665971e-08,0.000000000000000000e+00
1.000000000000000000e+00,6.017485427856445312e+01,2.475272750854492188e+01,1.781666755676269531e+01,4.000000000000000000e+00,-7.671471793343673795e-01,2.327668791997439535e-01,-3.645880803437935858e-01,-6.352671096899433767e-01,9.328241393267289313e-04,5.058035405470364754e-04,1.823465917821670949e-07,0.000000000000000000e+00
1.000000000000000000e+00,6.017461395263671875e+01,2.475149154663085938e+01,1.781666755676269531e+01,4.000000000000000000e+00,-1.627796713916854487e-01,-8.371525957286679587e-01,-7.671471793343673795e-01,2.327668791997439535e-01,1.259110163788072431e-03,9.328241393267289313e-04,1.064625697587884494e-07,0.000000000000000000e+00
1.000000000000000000e+00,6.017420959472656250e+01,2.475014686584472656e+01,1.781666755676269531e+01,4.000000000000000000e+00,-2.311754413838808808e-01,-7.687673876209246693e-01,-1.627796713916854487e-01,-8.371525957286679587e-01,1.404162289801534581e-03,1.259110163788072431e-03,2.104011926102530271e-08,0.000000000000000000e+00
1.000000000000000000e+00,6.017416381835937500e+01,2.474964141845703125e+01,1.781666755676269531e+01,4.000000000000000000e+00,-8.302991986483526654e-02,-9.167886985075560657e-01,-2.311754413838808808e-01,-7.687673876209246693e-01,5.075160465649341569e-04,1.404162289801534581e-03,8.039744855103087988e-07,0.000000000000000000e+00
1.000000000000000000e+00,6.017329406738281250e+01,2.474628829956054688e+01,1.781666755676269531e+01,4.000000000000000000e+00,-2.059571824354442249e-01,-7.940191375471731261e-01,-8.302991986483526654e-02,-9.167886985075560657e-01,3.464083297958063783e-03,5.075160465649341569e-04,8.741289912010325646e-06,0.000000000000000000e+00
1.000000000000000000e+00,6.017325973510742188e+01,2.474611473083496094e+01,1.781666755676269531e+01,4.000000000000000000e+00,-1.650582219769872738e-01,-8.344610111058801127e-01,-2.059571824354442249e-01,-7.940191375471731261e-01,1.769316467877473471e-04,3.464083297958063783e-03,1.080536597779173658e-05,0.000000000000000000e+00
1.000000000000000000e+00,6.017315673828125000e+01,2.474560546875000000e+01,1.783333396911621094e+01,4.000000000000000000e+00,-1.681968275456946216e-01,-8.316398695314901612e-01,-1.650582219769872738e-01,-8.344610111058801127e-01,5.195731107170967937e-04,1.769316467877473471e-04,1.174031728036476792e-07,0.000000000000000000e+00
1.000000000000000000e+00,6.017310333251953125e+01,2.474566268920898438e+01,1.783333396911621094e+01,4.000000000000000000e+00,-4.823226276451675343e-01,5.167742439055366122e-01,-1.681968275456946216e-01,-8.316398695314901612e-01,7.827104388688351725e-05,5.195731107170967937e-04,1.947475141886180132e-07,0.000000000000000000e+00
1.000000000000000000e+00,6.017313385009765625e+01,2.474559020996093750e+01,1.783333396911621094e+01,4.000000000000000000e+00,2.960089001588028235e-01,-7.030211378771568098e-01,-4.823226276451675343e-01,5.167742439055366122e-01,7.864199877963372733e-05,7.827104388688351725e-05,1.376075324553198580e-13,0.000000000000000000e+00
1.000000000000000000e+00,6.017266845703125000e+01,2.474357414245605469e+01,1.783333396911621094e+01,4.000000000000000000e+00,-1.875404823040441038e-01,-8.124192204728468703e-01,2.960089001588028235e-01,-7.030211378771568098e-01,2.069086486955879194e-03,7.864199877963372733e-05,3.961869260511196251e-06,0.000000000000000000e+00
1.000000000000000000e+00,6.017265319824218750e+01,2.474311256408691406e+01,1.783333396911621094e+01,4.000000000000000000e+00,-3.199329052067979851e-02,-9.677970382505638458e-01,-1.875404823040441038e-01,-8.124192204728468703e-01,4.618305116622038048e-04,2.069086486955879194e-03,2.583271770117223628e-06,0.000000000000000000e+00
1.000000000000000000e+00,6.017211151123046875e+01,2.473925209045410156e+01,1.783333396911621094e+01,4.000000000000000000e+00,-1.230474648046261804e-01,-8.769298195935331108e-01,-3.199329052067979851e-02,-9.677970382505638458e-01,3.898292124547021384e-03,4.618305116622038048e-04,1.180926841683092190e-05,0.000000000000000000e+00
1.000000000000000000e+00,6.017213058471679688e+01,2.473900794982910156e+01,1.785000038146972656e+01,4.000000000000000000e+00,7.243624822050215295e-02,-9.271839772224275134e-01,-1.230474648046261804e-01,-8.769298195935331108e-01,2.448845496475835328e-04,3.898292124547021384e-03,1.334738690833259155e-05,0.000000000000000000e+00
1.000000000000000000e+00,6.017192840576171875e+01,2.473679733276367188e+01,1.785000038146972656e+01,4.000000000000000000e+00,-8.379099362747297053e-02,-9.161675623985016115e-01,7.243624822050215295e-02,-9.271839772224275134e-01,2.219843269207410694e-03,2.448845496475835328e-04,3.900461943965392125e-06,0.000000000000000000e+00
1.000000000000000000e+00,6.017208862304687500e+01,2.473262977600097656e+01,1.785000038146972656e+01,4.000000000000000000e+00,3.701985856907846761e-02,-9.629570353980531072e-01,-8.379099362747297053e-02,-9.161675623985016115e-01,4.170635317160956146e-03,2.219843269207410694e-03,3.805589614358788176e-06,0.000000000000000000e+00
1.000000000000000000e+00,6.017204666137695312e+01,2.473245048522949219e+01,1.785000038146972656e+01,4.000000000000000000e+00,-1.895694922328071130e-01,-8.099787395401758516e-01,3.701985856907846761e-02,-9.629570353980531072e-01,1.841357175620601024e-04,4.170635317160956146e-03,1.589217905760215637e-05,0.000000000000000000e+00
1.000000000000000000e+00,6.017198181152343750e+01,2.473159217834472656e+01,1.785000038146972656e+01,4.000000000000000000e+00,-7.024032517363540395e-02,-9.296513625922333546e-01,-1.895694922328071130e-01,-8.099787395401758516e-01,8.607532816882372062e-04,1.841357175620601024e-04,4.578113280840413859e-07,0.000000000000000000e+00
1.000000000000000000e+00,6.017200088500976562e+01,2.473159790039062500e+01,1.785000038146972656e+01,4.000000000000000000e+00,7.661409346281973232e-01,2.298422803884591914e-01,-7.024032517363540395e-02,-9.296513625922333546e-01,1.991330434591398368e-05,8.607532816882372062e-04,7.070118674970385353e-07,0.000000000000000000e+00
1.000000000000000000e+00,6.017200469970703125e+01,2.473159217834472656e+01,1.786666679382324219e+01,4.000000000000000000e+00,3.958492200820326046e-01,-5.937738301230488513e-01,7.661409346281973232e-01,2.298422803884591914e-01,6.877043295791605234e-06,1.991330434591398368e-05,1.699441021669378038e-10,0.000000000000000000e+00
1.000000000000000000e+00,6.017212677001953125e+01,2.473111343383789062e+01,1.786666679382324219e+01,4.000000000000000000e+00,2.031407922921558140e-01,-7.966927947707985735e-01,3.958492200820326046e-01,-5.937738301230488513e-01,4.940622066293197476e-04,6.877043295791605234e-06,2.373493833723164849e-07,0.000000000000000000e+00
1.000000000000000000e+00,6.017231369018554688e+01,2.473088264465332031e+01,1.786666679382324219e+01,4.000000000000000000e+00,4.473814809397813064e-01,-5.523791754460565251e-01,2.031407922921558140e-01,-7.966927947707985735e-01,2.969895556714723757e-04,4.940622066293197476e-04,3.883762975555353879e-08,0.000000000000000000e+00
1.000000000000000000e+00,6.017300415039062500e+01,2.473004722595214844e+01,1.786666679382324219e+01,4.000000000000000000e+00,4.524703469033453107e-01,-5.474641213913404858e-01,4.473814809397813064e-01,-5.523791754460565251e-01,1.083817189873010267e-03,2.969895556714723757e-04,6.190977259431891177e-07,0.000000000000000000e+00
1.000000000000000000e+00,6.017316818237304688e+01,2.472957801818847656e+01,1.786666679382324219e+01,4.000000000000000000e+00,2.589952445485620980e-01,-7.408468623133288578e-01,4.524703469033453107e-01,-5.474641213913404858e-01,4.970537362772886082e-04,1.083817189873010267e-03,3.442913504755786074e-07,0.000000000000000000e+00
1.000000000000000000e+00,6.017279434204101562e+01,2.472796440124511719e+01,1.786666679382324219e+01,4.000000000000000000e+00,-1.880903441928621911e-01,-8.118593427916398486e-01,2.589952445485620980e-01,-7.408468623133288578e-01,1.656356312436936887e-03,4.970537362772886082e-04,1.343982463090397033e-06,0.000000000000000000e+00
1.000000000000000000e+00,6.017281723022460938e+01,2.472676086425781250e+01,1.788333320617675781e+01,4.000000000000000000e+00,1.866099786356953394e-02,-9.812574709926979999e-01,-1.880903441928621911e-01,-8.118593427916398486e-01,1.203754604875372685e-03,1.656356312436936887e-03,2.048483056876436907e-07,0.000000000000000000e+00
1.000000000000000000e+00,6.017272949218750000e+01,2.472587013244628906e+01,1.788333320617675781e+01,4.000000000000000000e+00,-8.965945275337910969e-02,-9.102383573006096462e-01,1.866099786356953394e-02,-9.812574709926979999e-01,8.950425259257968093e-04,1.203754604875372685e-03,9.530314768936916632e-08,0.000000000000000000e+00
1.000000000000000000e+00,6.017264938354492188e+01,2.472536849975585938e+01,1.788333320617675781e+01,4.000000000000000000e+00,-1.376812509417397745e-01,-8.621468808970846887e-01,-8.965945275337910969e-02,-9.102383573006096462e-01,5.079889277567341916e-04,8.950425259257968093e-04,1.498104878556181911e-07,0.000000000000000000e+00
1.000000000000000000e+00,6.017242050170898438e+01,2.472363471984863281e+01,1.788333320617675781e+01,4.000000000000000000e+00,-1.166121342718510201e-01,-8.833369171092714245e-01,-1.376812509417397745e-01,-8.621468808970846887e-01,1.748822364199597050e-03,5.079889277567341916e-04,1.539667616994604407e-06,0.000000000000000000e+00
1.000000000000000000e+00,6.017255783081054688e+01,2.472291564941406250e+01,1.788333320617675781e+01,4.000000000000000000e+00,1.603376251463668745e-01,-8.395456205580599240e-01,-1.166121342718510201e-01,-8.833369171092714245e-01,7.320666445133950945e-04,1.748822364199597050e-03,1.033792193514606511e-06,0.000000000000000000e+00
1.000000000000000000e+00,6.017241668701171875e+01,2.472270584106445312e+01,1.788333320617675781e+01,4.000000000000000000e+00,-4.020593506017346441e-01,-5.976557914350109080e-01,1.603376251463668745e-01,-8.395456205580599240e-01,2.528658053463218695e-04,7.320666445133950945e-04,2.296334442584271828e-07,0.000000000000000000e+00
1.000000000000000000e+00,6.017331314086914062e+01,2.472232055664062500e+01,1.789999961853027344e+01,4.000000000000000000e+00,6.993501992682628066e-01,-3.005717877706150509e-01,-4.020593506017346441e-01,-5.976557914350109080e-01,9.757425919427365098e-04,2.528658053463218695e-04,5.225508485999583959e-07,0.000000000000000000e+00
1.000000000000000000e+00,6.017523193359375000e+01,2.471978950500488281e+01,1.789999961853027344e+01,4.000000000000000000e+00,4.311947676707092447e-01,-5.687827601382019482e-01,6.993501992682628066e-01,-3.005717877706150509e-01,3.176159300603021221e-03,9.757425919427365098e-04,4.841833691751360034e-06,0.000000000000000000e+00
1.000000000000000000e+00,6.017599868774414062e+01,2.471797370910644531e+01,1.789999961853027344e+01,4.000000000000000000e+00,2.968865838941435187e-01,-7.030746961871260359e-01,4.311947676707092447e-01,-5.687827601382019482e-01,1.971047100381849611e-03,3.176159300603021221e-03,1.452295415121913286e-06,0.000000000000000000e+00
1.000000000000000000e+00,6.017669296264648438e+01,2.471596145629882812e+01,1.789999961853027344e+01,4.000000000000000000e+00,2.565091976959660847e-01,-7.434538559594621177e-01,2.968865838941435187e-01,-7.030746961871260359e-01,2.128656619041144771e-03,1.971047100381849611e-03,2.484076037201470999e-08,0.000000000000000000e+00
1.000000000000000000e+00,6.017666625976562500e+01,2.471489143371582031e+01,1.789999961853027344e+01,4.000000000000000000e+00,-2.434560624187732947e-02,-9.755632215495130266e-01,2.565091976959660847e-01,-7.434538559594621177e-01,1.070355722175063071e-03,2.128656619041144771e-03,1.120000788307552975e-06,0.000000000000000000e+00
1.000000000000000000e+00,6.017545318603515625e+01,2.471054077148437500e+01,1.789999961853027344e+01,4.000000000000000000e+00,-2.180283061493117902e-01,-7.819537206392770390e-01,-2.434560624187732947e-02,-9.755632215495130266e-01,4.516614852705294787e-03,1.070355722175063071e-03,1.187670199476298819e-05,0.000000000000000000e+00
1.000000000000000000e+00,6.017466354370117188e+01,2.471059608459472656e+01,1.791666603088378906e+01,4.000000000000000000e+00,-9.344266571821128187e-01,6.545500738715283318e-02,-2.180283061493117902e-01,-7.819537206392770390e-01,7.915772582616654313e-04,4.516614852705294787e-03,1.387590508001838167e-05,0.000000000000000000e+00
1.000000000000000000e+00,6.017455291748046875e+01,2.471063423156738281e+01,1.791666603088378906e+01,4.000000000000000000e+00,-7.430902649886533817e-01,2.562380224098804726e-01,-9.344266571821128187e-01,6.545500738715283318e-02,1.170185977949368802e-04,7.915772582616654313e-04,4.550293864106671575e-07,0.000000000000000000e+00
1.000000000000000000e+00,6.017281341552734375e+01,2.471115112304687500e+01,1.791666603088378906e+01,4.000000000000000000e+00,-7.708872217312167097e-01,2.290684617205698825e-01,-7.430902649886533817e-01,2.562380224098804726e-01,1.814674584187840525e-03,1.170185977949368802e-04,2.882035848135663038e-06,0.000000000000000000e+00
1.000000000000000000e+00,6.017244720458984375e+01,2.471067237854003906e+01,1.791666603088378906e+01,4.000000000000000000e+00,-4.333572902873566446e-01,-5.665243742819089379e-01,-7.708872217312167097e-01,2.290684617205698825e-01,6.027493289670373929e-04,1.814674584187840525e-03,1.468762824242009017e-06,0.000000000000000000e+00
1.000000000000000000e+00,6.017222976684570312e+01,2.471059036254882812e+01,1.791666603088378906e+01,4.000000000000000000e+00,-7.258722508849223543e-01,-2.737939191934355976e-01,-4.333572902873566446e-01,-5.665243742819089379e-01,2.323914701345048989e-04,6.027493289670373929e-04,1.371649435990180767e-07,0.000000000000000000e+00
1.000000000000000000e+00,6.017153930664062500e+01,2.470855140686035156e+01,1.791666603088378906e+01,4.000000000000000000e+00,-2.529606831411151391e-01,-7.470026803255581660e-01,-7.258722508849223543e-01,-2.737939191934355976e-01,2.152690315481411466e-03,2.323914701345048989e-04,3.687547655440662564e-06,0.000000000000000000e+00
1.000000000000000000e+00,6.017132186889648438e+01,2.470779800415039062e+01,1.793333244323730469e+01,4.000000000000000000e+00,-2.239454986370158496e-01,-7.759515084352741621e-01,-2.529606831411151391e-01,-7.470026803255581660e-01,7.841522913015356103e-04,2.152690315481411466e-03,1.872896323626158516e-06,0.000000000000000000e+00
1.000000000000000000e+00,6.017030334472656250e+01,2.470756530761718750e+01,1.793333244323730469e+01,4.000000000000000000e+00,-8.139593370254739613e-01,-1.859607474103142921e-01,-2.239454986370158496e-01,-7.759515084352741621e-01,1.044767515421396366e-03,7.841522913015356103e-04,6.792029504304524835e-08,0.000000000000000000e+00
1.000000000000000000e+00,6.017029571533203125e+01,2.470753669738769531e+01,1.793333244323730469e+01,4.000000000000000000e+00,-2.099469858667048217e-01,-7.873011970001430049e-01,-8.139593370254739613e-01,-1.859607474103142921e-01,2.961001338245396465e-05,1.044767515421396366e-03,1.030544753945945165e-06,0.000000000000000000e+00
1.000000000000000000e+00,6.017048263549804688e+01,2.470715904235839844e+01,1.793333244323730469e+01,4.000000000000000000e+00,3.310224489534740466e-01,-6.688004580896720341e-01,-2.099469858667048217e-01,-7.873011970001430049e-01,4.213816199320187745e-04,2.961001338245396465e-05,1.534849916984270200e-07,0.000000000000000000e+00
1.000000000000000000e+00,6.017058944702148438e+01,2.470649719238281250e+01,1.793333244323730469e+01,4.000000000000000000e+00,1.389397408340341533e-01,-8.609301798108902615e-01,3.310224489534740466e-01,-6.688004580896720341e-01,6.704133737643855643e-04,4.213816199320187745e-04,6.201681441682453515e-08,0.000000000000000000e+00
1.000000000000000000e+00,6.017050170898437500e+01,2.470560836791992188e+01,1.793333244323730469e+01,4.000000000000000000e+00,-8.983455094198353197e-02,-9.100630595427027236e-01,1.389397408340341533e-01,-8.609301798108902615e-01,8.931443830583127297e-04,6.704133737643855643e-04,4.960910250109146711e-08,0.000000000000000000e+00
1.000000000000000000e+00,6.017070770263671875e+01,2.470523262023925781e+01,1.795000076293945312e+01,4.000000000000000000e+00,3.540375024216165234e-01,-6.457906294172079953e-01,-8.983455094198353197e-02,-9.100630595427027236e-01,4.285086980801440081e-04,8.931443830583127297e-04,2.158863197551320405e-07,0.000000000000000000e+00
1.000000000000000000e+00,6.017084121704101562e+01,2.470499229431152344e+01,1.795000076293945312e+01,4.000000000000000000e+00,3.570473491629602147e-01,-6.426852284933284309e-01,3.540375024216165234e-01,-6.457906294172079953e-01,2.749229850269661163e-04,4.285086980801440081e-04,2.358857125405309912e-08,0.000000000000000000e+00
1.000000000000000000e+00,6.017086410522460938e+01,2.470494651794433594e+01,1.795000076293945312e+01,4.000000000000000000e+00,3.328485874438506520e-01,-6.656971748877013040e-01,3.570473491629602147e-01,-6.426852284933284309e-01,5.117953439712043316e-05,2.749229850269661163e-04,5.006113169975018950e-08,0.000000000000000000e+00
1.000000000000000000e+00,6.017087554931640625e+01,2.470493888854980469e+01,1.795000076293945312e+01,4.000000000000000000e+00,5.968706786562865130e-01,-3.979137857708577308e-01,3.328485874438506520e-01,-6.656971748877013040e-01,1.375408659158321047e-05,5.117953439712043316e-05,1.400664143444990774e-09,0.000000000000000000e+00
1.000000000000000000e+00,6.017089843750000000e+01,2.470492553710937500e+01,1.795000076293945312e+01,4.000000000000000000e+00,6.298409576001144927e-01,-3.674072252667334171e-01,5.968706786562865130e-01,-3.979137857708577308e-01,2.649773404970131677e-05,1.375408659158321047e-05,1.624005505368000705e-10,0.000000000000000000e+00
1.000000000000000000e+00,6.017089080810546875e+01,2.470487785339355469e+01,1.795000076293945312e+01,4.000000000000000000e+00,-1.376821204015823974e-01,-8.605132525098899698e-01,6.298409576001144927e-01,-3.674072252667334171e-01,4.829021034687867533e-05,2.649773404970131677e-05,4.749120231630369912e-10,0.000000000000000000e+00
1.000000000000000000e+00,6.017092514038085938e+01,2.470503044128417969e+01,1.796666717529296875e+01,4.000000000000000000e+00,1.835752588721188405e-01,8.158900394316392912e-01,-1.376821204015823974e-01,-8.605132525098899698e-01,1.564025878906250000e-04,4.829021034687867533e-05,1.168828617816154385e-08,0.000000000000000000e+00
1.000000000000000000e+00,6.017089843750000000e+01,2.470499229431152344e+01,1.796666717529296875e+01,4.000000000000000000e+00,-4.111307326189901357e-01,-5.873296180271287970e-01,1.835752588721188405e-01,8.158900394316392912e-01,4.656431433003884151e-05,1.564025878906250000e-04,1.206444633877016014e-08,0.000000000000000000e+00
1.000000000000000000e+00,6.017089080810546875e+01,2.470485877990722656e+01,1.796666717529296875e+01,4.000000000000000000e+00,-5.401578401706656762e-02,-9.452762202986648710e-01,-4.111307326189901357e-01,-5.873296180271287970e-01,1.337322093426369072e-04,4.656431433003884151e-05,7.598241920927319395e-09,0.000000000000000000e+00
1.000000000000000000e+00,6.017088317871093750e+01,2.470483016967773438e+01,1.796666717529296875e+01,4.000000000000000000e+00,-2.099469858667048217e-01,-7.873011970001430049e-01,-5.401578401706656762e-02,-9.452762202986648710e-01,2.961001338245396465e-05,1.337322093426369072e-04,1.084143169157073631e-08,0.000000000000000000e+00
1.000000000000000000e+00,6.017122268676757812e+01,2.470511817932128906e+01,1.800000000000000000e+01,4.000000000000000000e+00,5.409472303521256631e-01,4.588934369841065619e-01,-2.099469858667048217e-01,-7.873011970001430049e-01,4.452137411450729065e-04,2.961001338245396465e-05,1.727264585301850811e-07,0.000000000000000000e+00
1.000000000000000000e+00,6.017116928100585938e+01,2.470488548278808594e+01,1.800000000000000000e+01,4.000000000000000000e+00,-1.866014447344953586e-01,-8.130491520574441022e-01,5.409472303521256631e-01,4.588934369841065619e-01,2.387464176684394874e-04,4.452137411450729065e-04,4.262875566360478160e-08,0.000000000000000000e+00
1.000000000000000000e+00,6.017094039916992188e+01,2.470519828796386719e+01,1.801666641235351562e+01,4.000000000000000000e+00,-4.224572220943460521e-01,5.773582035289395176e-01,-1.866014447344953586e-01,-8.130491520574441022e-01,3.876002745324871185e-04,2.387464176684394874e-04,2.215747070330238027e-08,0.000000000000000000e+00
1.000000000000000000e+00,6.017100524902343750e+01,2.470519638061523438e+01,1.801666641235351562e+01,4.000000000000000000e+00,9.699755812641434050e-01,-2.852869356659245084e-02,-4.224572220943460521e-01,5.773582035289395176e-01,6.487789669683437493e-05,3.876002745324871185e-04,1.041497331558978041e-07,0.000000000000000000e+00
1.000000000000000000e+00,6.017097854614257812e+01,2.470530700683593750e+01,1.803333282470703125e+01,4.000000000000000000e+00,-1.943029573487465855e-01,8.049693947305215369e-01,9.699755812641434050e-01,-2.852869356659245084e-02,1.138033591474632149e-04,6.487789669683437493e-05,2.393700876007892678e-09,0.000000000000000000e+00
1.000000000000000000e+00,6.017098236083984375e+01,2.470529937744140625e+01,1.803333282470703125e+01,4.000000000000000000e+00,3.304458534068174247e-01,-6.608917068136348494e-01,-1.943029573487465855e-01,8.049693947305215369e-01,8.529922399520072193e-06,1.138033591474632149e-04,1.108249648472318576e-08,0.000000000000000000e+00
1.000000000000000000e+00,6.017098236083984375e+01,2.470529747009277344e+01,1.803333282470703125e+01,4.000000000000000000e+00,0.000000000000000000e+00,-9.501830432614539745e-01,3.304458534068174247e-01,-6.608917068136348494e-01,1.907348632812500000e-06,8.529922399520072193e-06,4.385848329548332024e-11,0.000000000000000000e+00
1.000000000000000000e+00,6.017098999023437500e+01,2.470515060424804688e+01,1.803333282470703125e+01,4.000000000000000000e+00,4.935077281731006793e-02,-9.500023767332188562e-01,0.000000000000000000e+00,-9.501830432614539745e-01,1.470638773056124455e-04,1.907348632812500000e-06,2.107041781633739306e-08,0.000000000000000000e+00
1.000000000000000000e+00,6.017106628417968750e+01,2.470544052124023438e+01,4.483333110809326172e+00,5.000000000000000000e+00,0.000000000000000000e+00,0.000000000000000000e+00,4.935077281731006793e-02,-9.500023767332188562e-01,0.000000000000000000e+00,1.470638773056124455e-04,2.162778400816023019e-08,0.000000000000000000e+00
1.000000000000000000e+00,6.017095947265625000e+01,2.470548248291015625e+01,4.483333110809326172e+00,5.000000000000000000e+00,-7.174664627476653456e-01,2.818618246508685088e-01,0.000000000000000000e+00,0.000000000000000000e+00,1.147583691138559232e-04,0.000000000000000000e+00,1.316948328167200089e-08,0.000000000000000000e+00
1.000000000000000000e+00,6.017091369628906250e+01,2.470548057556152344e+01,4.483333110809326172e+00,5.000000000000000000e+00,-9.579909473687436838e-01,-3.991628947369765118e-02,-7.174664627476653456e-01,2.818618246508685088e-01,4.581608638559079536e-05,1.147583691138559232e-04,4.753038347784042954e-09,0.000000000000000000e+00
1.000000000000000000e+00,6.017090988159179688e+01,2.470533370971679688e+01,4.483333110809326172e+00,5.000000000000000000e+00,-2.529966542912847130e-02,-9.740371190214461850e-01,-9.579909473687436838e-01,-3.991628947369765118e-02,1.469153778965127054e-04,4.581608638559079536e-05,1.022106674401036527e-08,0.000000000000000000e+00
1.000000000000000000e+00,6.017091751098632812e+01,2.470523643493652344e+01,4.500000000000000000e+00,5.000000000000000000e+00,7.265801141184165257e-02,-9.263896455009810182e-01,-2.529966542912847130e-02,-9.740371190214461850e-01,9.757351350729875797e-05,1.469153778965127054e-04,2.434619581403579301e-09,0.000000000000000000e+00
1.000000000000000000e+00,6.017090225219726562e+01,2.470524978637695312e+01,4.500000000000000000e+00,5.000000000000000000e+00,-5.314756911522477978e-01,4.650412297582168231e-01,7.265801141184165257e-02,-9.263896455009810182e-01,2.027539408251695629e-05,9.757351350729875797e-05,5.974999266607830742e-09,0.000000000000000000e+00
1.000000000000000000e+00,6.017090988159179688e+01,2.470521163940429688e+01,4.500000000000000000e+00,5.000000000000000000e+00,1.663033714083793357e-01,-8.315168570418967064e-01,-5.314756911522477978e-01,4.650412297582168231e-01,3.890243159174182504e-05,2.027539408251695629e-05,3.469665263700701786e-10,0.000000000000000000e+00
1.000000000000000000e+00,6.017090988159179688e+01,2.470530319213867188e+01,4.500000000000000000e+00,5.000000000000000000e+00,0.000000000000000000e+00,9.989089250781013618e-01,1.663033714083793357e-01,-8.315168570418967064e-01,9.155273437500000000e-05,3.890243159174182504e-05,2.772054383168763726e-09,0.000000000000000000e+00
1.000000000000000000e+00,6.017088317871093750e+01,2.470525741577148438e+01,4.500000000000000000e+00,5.000000000000000000e+00,-3.679134405213051462e-01,-6.307087551793802982e-01,0.000000000000000000e+00,9.989089250781013618e-01,5.299546809940263353e-05,9.155273437500000000e-05,1.486662782647318024e-09,0.000000000000000000e+00
1.000000000000000000e+00,6.017092895507812500e+01,2.470530509948730469e+01,4.500000000000000000e+00,5.000000000000000000e+00,4.892724088720352693e-01,5.096587592417034518e-01,-3.679134405213051462e-01,-6.307087551793802982e-01,6.610001926865942943e-05,5.299546809940263353e-05,1.717292613476696638e-10,0.000000000000000000e+00
1.000000000000000000e+00,6.017103576660156250e+01,2.470509910583496094e+01,4.833333492279052734e+00,5.000000000000000000e+00,0.000000000000000000e+00,0.000000000000000000e+00,4.892724088720352693e-01,5.096587592417034518e-01,0.000000000000000000e+00,6.610001926865942943e-05,4.369212547317148082e-09,0.000000000000000000e+00
1.000000000000000000e+00,6.017102050781250000e+01,2.470515632629394531e+01,4.833333492279052734e+00,5.000000000000000000e+00,-2.102362517264600994e-01,7.883859439742253450e-01,0.000000000000000000e+00,0.000000000000000000e+00,5.922002676490792931e-05,0.000000000000000000e+00,3.507011570036411699e-09,0.000000000000000000e+00
1.000000000000000000e+00,6.017098999023437500e+01,2.470531082153320312e+01,6.916666507720947266e+00,5.000000000000000000e+00,0.000000000000000000e+00,0.000000000000000000e+00,-2.102362517264600994e-01,7.883859439742253450e-01,0.000000000000000000e+00,5.922002676490792931e-05,3.507011570036411699e-09,0.000000000000000000e+00
1.000000000000000000e+00,6.017098999023437500e+01,2.470531082153320312e+01,6.916666507720947266e+00,5.000000000000000000e+00,0.000000000000000000e+00,0.000000000000000000e+00,0.000000000000000000e+00,0.000000000000000000e+00,0.000000000000000000e+00,0.000000000000000000e+00,0.000000000000000000e+00,0.000000000000000000e+00
1.000000000000000000e+00,6.017098999023437500e+01,2.470531082153320312e+01,6.933333396911621094e+00,5.000000000000000000e+00,0.000000000000000000e+00,0.000000000000000000e+00,0.000000000000000000e+00,0.000000000000000000e+00,0.000000000000000000e+00,0.000000000000000000e+00,0.000000000000000000e+00,0.000000000000000000e+00
1.000000000000000000e+00,6.017098999023437500e+01,2.470531082153320312e+01,6.933333396911621094e+00,5.000000000000000000e+00,0.000000000000000000e+00,0.000000000000000000e+00,0.000000000000000000e+00,0.000000000000000000e+00,0.000000000000000000e+00,0.000000000000000000e+00,0.000000000000000000e+00,0.000000000000000000e+00
1.000000000000000000e+00,6.017098999023437500e+01,2.470531082153320312e+01,6.933333396911621094e+00,5.000000000000000000e+00,0.000000000000000000e+00,0.000000000000000000e+00,0.000000000000000000e+00,0.000000000000000000e+00,0.000000000000000000e+00,0.000000000000000000e+00,0.000000000000000000e+00,0.000000000000000000e+00
1.000000000000000000e+00,6.017098999023437500e+01,2.470531082153320312e+01,6.933333396911621094e+00,5.000000000000000000e+00,0.000000000000000000e+00,0.000000000000000000e+00,0.000000000000000000e+00,0.000000000000000000e+00,0.000000000000000000e+00,0.000000000000000000e+00,0.000000000000000000e+00,0.000000000000000000e+00
1.000000000000000000e+00,6.017098999023437500e+01,2.470531082153320312e+01,6.933333396911621094e+00,5.000000000000000000e+00,0.000000000000000000e+00,0.000000000000000000e+00,0.000000000000000000e+00,0.000000000000000000e+00,0.000000000000000000e+00,0.000000000000000000e+00,0.000000000000000000e+00,0.000000000000000000e+00
1.000000000000000000e+00,6.017098999023437500e+01,2.470531082153320312e+01,6.933333396911621094e+00,5.000000000000000000e+00,0.000000000000000000e+00,0.000000000000000000e+00,0.000000000000000000e+00,0.000000000000000000e+00,0.000000000000000000e+00,0.000000000000000000e+00,0.000000000000000000e+00,0.000000000000000000e+00
1.000000000000000000e+00,6.017076110839843750e+01,2.470524978637695312e+01,7.050000190734863281e+00,5.000000000000000000e+00,0.000000000000000000e+00,0.000000000000000000e+00,0.000000000000000000e+00,0.000000000000000000e+00,0.000000000000000000e+00,0.000000000000000000e+00,0.000000000000000000e+00,0.000000000000000000e+00
1.000000000000000000e+00,6.017080307006835938e+01,2.470521354675292969e+01,7.050000190734863281e+00,5.000000000000000000e+00,5.359000829690251377e-01,-4.628227989277944876e-01,0.000000000000000000e+00,0.000000000000000000e+00,5.544449559688046926e-05,0.000000000000000000e+00,3.074092091992497858e-09,0.000000000000000000e+00
1.000000000000000000e+00,6.017078018188476562e+01,2.470526123046875000e+01,7.050000190734863281e+00,5.000000000000000000e+00,-3.238654087906917556e-01,6.747196016472744029e-01,5.359000829690251377e-01,-4.628227989277944876e-01,5.289239739937609606e-05,5.544449559688046926e-05,6.513205209705070947e-12,0.000000000000000000e+00
1.000000000000000000e+00,6.017077636718750000e+01,2.470524978637695312e+01,7.066666603088378906e+00,5.000000000000000000e+00,-2.483722675076618092e-01,-7.451168025229853997e-01,-3.238654087906917556e-01,6.747196016472744029e-01,1.206313194339134034e-05,5.289239739937609606e-05,1.667028917675270026e-09,0.000000000000000000e+00
1.000000000000000000e+00,6.017076110839843750e+01,2.470525550842285156e+01,7.066666603088378906e+00,5.000000000000000000e+00,-7.238228035452262121e-01,2.714335513294598434e-01,-2.483722675076618092e-01,-7.451168025229853997e-01,1.629639386237627101e-05,1.206313194339134034e-05,1.792050647472797746e-11,0.000000000000000000e+00
1.000000000000000000e+00,6.017074966430664062e+01,2.470528030395507812e+01,7.066666603088378906e+00,5.000000000000000000e+00,-3.149204788000572464e-01,6.823277040667906634e-01,-7.238228035452262121e-01,2.714335513294598434e-01,2.730907642989416771e-05,1.629639386237627101e-05,1.212791773329125669e-10,0.000000000000000000e+00
1.000000000000000000e+00,6.017074584960937500e+01,2.470529365539550781e+01,7.066666603088378906e+00,5.000000000000000000e+00,-2.209351815062052804e-01,7.732731352717184814e-01,-3.149204788000572464e-01,6.823277040667906634e-01,1.388570764404395686e-05,2.730907642989416771e-05,1.801868295609377710e-10,0.000000000000000000e+00
1.000000000000000000e+00,6.017076110839843750e+01,2.470526504516601562e+01,7.066666603088378906e+00,5.000000000000000000e+00,3.470350161107535469e-01,-6.506906552076628936e-01,-2.209351815062052804e-01,7.732731352717184814e-01,3.242492675781250000e-05,1.388570764404395686e-05,3.437026453483209558e-10,0.000000000000000000e+00
1.000000000000000000e+00,6.017098999023437500e+01,2.470531082153320312e+01,7.066666603088378906e+00,5.000000000000000000e+00,8.330300363529864471e-01,1.666060072705972950e-01,3.470350161107535469e-01,-6.506906552076628936e-01,2.334145895504509773e-04,3.242492675781250000e-05,4.039684454949852698e-08,0.000000000000000000e+00
1.000000000000000000e+00,6.017098999023437500e+01,2.470531082153320312e+01,7.083333492279052734e+00,5.000000000000000000e+00,0.000000000000000000e+00,0.000000000000000000e+00,8.330300363529864471e-01,1.666060072705972950e-01,0.000000000000000000e+00,2.334145895504509773e-04,5.448237061500549978e-08,0.000000000000000000e+00
1.000000000000000000e+00,6.017056274414062500e+01,2.470654296875000000e+01,8.116666793823242188e+00,5.000000000000000000e+00,0.000000000000000000e+00,0.000000000000000000e+00,0.000000000000000000e+00,0.000000000000000000e+00,0.000000000000000000e+00,0.000000000000000000e+00,0.000000000000000000e+00,0.000000000000000000e+00
1.000000000000000000e+00,6.017049789428710938e+01,2.470697784423828125e+01,8.116666793823242188e+00,5.000000000000000000e+00,-1.297450290985435184e-01,8.700549010137623718e-01,0.000000000000000000e+00,0.000000000000000000e+00,4.396841978157204830e-04,0.000000000000000000e+00,1.933221938088536263e-07,0.000000000000000000e+00
1.000000000000000000e+00,6.017042922973632812e+01,2.470762252807617188e+01,8.116666793823242188e+00,5.000000000000000000e+00,-9.624319274036485794e-02,9.036166429512033638e-01,-1.297450290985435184e-01,8.700549010137623718e-01,6.483302178453326150e-04,4.396841978157204830e-04,4.353316167419730885e-08,0.000000000000000000e+00
1.000000000000000000e+00,6.017119216918945312e+01,2.470839309692382812e+01,8.116666793823242188e+00,5.000000000000000000e+00,4.974799971650803454e-01,5.024547971367311350e-01,-9.624319274036485794e-02,9.036166429512033638e-01,1.084367538297304010e-03,6.483302178453326150e-04,1.901285448269351930e-07,0.000000000000000000e+00
1.000000000000000000e+00,6.017181777954101562e+01,2.470920181274414062e+01,8.116666793823242188e+00,5.000000000000000000e+00,4.361398054699028859e-01,5.637904802415817374e-01,4.974799971650803454e-01,5.024547971367311350e-01,1.022452732406674454e-03,1.084367538297304010e-03,3.833443188474335973e-09,0.000000000000000000e+00
1.000000000000000000e+00,6.017212677001953125e+01,2.471037673950195312e+01,8.116666793823242188e+00,5.000000000000000000e+00,2.082121898261465875e-01,7.917204255117672451e-01,4.361398054699028859e-01,5.637904802415817374e-01,1.214877772468122728e-03,1.022452732406674454e-03,3.702739604264997349e-08,0.000000000000000000e+00
1.000000000000000000e+00,6.017255401611328125e+01,2.471119880676269531e+01,8.133333206176757812e+00,5.000000000000000000e+00,3.419573611998490414e-01,6.579626012372095101e-01,2.082121898261465875e-01,7.917204255117672451e-01,9.264630623013512352e-04,1.214877772468122728e-03,8.318304504058280658e-08,0.000000000000000000e+00
1.000000000000000000e+00,6.017346954345703125e+01,2.471114921569824219e+01,8.133333206176757812e+00,5.000000000000000000e+00,9.485183207957760265e-01,-5.137807570977120236e-02,3.419573611998490414e-01,6.579626012372095101e-01,9.168694513547305611e-04,9.264630623013512352e-04,9.203737099512002274e-11,0.000000000000000000e+00
1.000000000000000000e+00,6.017434310913085938e+01,2.471093368530273438e+01,8.133333206176757812e+00,5.000000000000000000e+00,8.020279345671176285e-01,-1.978802545984373051e-01,9.485183207957760265e-01,-5.137807570977120236e-02,8.997612671584280910e-04,9.168694513547305611e-04,2.926899664946136223e-10,0.000000000000000000e+00
1.000000000000000000e+00,6.017513275146484375e+01,2.471040725708007812e+01,8.133333206176757812e+00,5.000000000000000000e+00,5.999544132029870358e-01,-3.999696088019913387e-01,8.020279345671176285e-01,-1.978802545984373051e-01,9.490319748192415240e-04,8.997612671584280910e-04,2.427602633397339657e-09,0.000000000000000000e+00
1.000000000000000000e+00,6.017569732666015625e+01,2.471190452575683594e+01,8.133333206176757812e+00,5.000000000000000000e+00,2.738072568122979500e-01,7.261442452623442234e-01,5.999544132029870358e-01,-3.999696088019913387e-01,1.600174565965300664e-03,9.490319748192415240e-04,4.239866740044039149e-07,0.000000000000000000e+00
1.000000000000000000e+00,6.017635345458984375e+01,2.471437835693359375e+01,8.133333206176757812e+00,5.000000000000000000e+00,2.096215781792821198e-01,7.903464735422351950e-01,2.738072568122979500e-01,7.261442452623442234e-01,2.559364091178694973e-03,1.600174565965300664e-03,9.200445452790968214e-07,0.000000000000000000e+00
1.000000000000000000e+00,6.017664337158203125e+01,2.471710014343261719e+01,8.149999618530273438e+00,5.000000000000000000e+00,9.626026167827266000e-02,9.037065356243098035e-01,2.096215781792821198e-01,7.903464735422351950e-01,2.737183517527698885e-03,2.559364091178694973e-03,3.161974838708882943e-08,0.000000000000000000e+00
1.000000000000000000e+00,6.017571258544921875e+01,2.471909523010253906e+01,8.149999618530273438e+00,5.000000000000000000e+00,-3.181116830418462826e-01,6.818541402905147208e-01,9.626026167827266000e-02,9.037065356243098035e-01,2.201529842072554293e-03,2.737183517527698885e-03,2.869248600286053929e-07,0.000000000000000000e+00
1.000000000000000000e+00,6.017470169067382812e+01,2.472079277038574219e+01,8.149999618530273438e+00,5.000000000000000000e+00,-3.732256564976765278e-01,6.267374231753435332e-01,-3.181116830418462826e-01,6.818541402905147208e-01,1.975740686428613304e-03,2.201529842072554293e-03,5.098074280640380973e-08,0.000000000000000000e+00
1.000000000000000000e+00,6.017368316650390625e+01,2.472222328186035156e+01,8.149999618530273438e+00,5.000000000000000000e+00,-4.158708694621177648e-01,5.840882998063451348e-01,-3.732256564976765278e-01,6.267374231753435332e-01,1.756062232298198763e-03,1.975740686428613304e-03,4.825862320912864733e-08,0.000000000000000000e+00
1.000000000000000000e+00,6.017238235473632812e+01,2.472245025634765625e+01,8.149999618530273438e+00,5.000000000000000000e+00,-8.513799789879620272e-01,1.485545711137353231e-01,-4.158708694621177648e-01,5.840882998063451348e-01,1.320465324253897871e-03,1.756062232298198763e-03,1.897446662977551250e-07,0.000000000000000000e+00
1.000000000000000000e+00,6.017233276367187500e+01,2.472255897521972656e+01,8.149999618530273438e+00,5.000000000000000000e+00,-3.130552637131305826e-01,6.863134627557092582e-01,-8.513799789879620272e-01,1.485545711137353231e-01,1.194950493444601791e-04,1.320465324253897871e-03,1.442329601216050213e-06,0.000000000000000000e+00
1.000000000000000000e+00,6.017225646972656250e+01,2.472419357299804688e+01,8.166666984558105469e+00,5.000000000000000000e+00,-4.459048179994181543e-02,9.553510725637532897e-01,-3.130552637131305826e-01,6.863134627557092582e-01,1.636377298480105489e-03,1.194950493444601791e-04,2.300931757742813767e-06,0.000000000000000000e+00
1.000000000000000000e+00,6.017253112792968750e+01,2.472508430480957031e+01,8.166666984558105469e+00,5.000000000000000000e+00,2.356589929325553778e-01,7.642552062465510776e-01,-4.459048179994181543e-02,9.553510725637532897e-01,9.321160274363264088e-04,1.636377298480105489e-03,4.959839378921992447e-07,0.000000000000000000e+00
1.000000000000000000e+00,6.017253112792968750e+01,2.472517967224121094e+01,8.166666984558105469e+00,5.000000000000000000e+00,0.000000000000000000e+00,9.989525223599139414e-01,2.356589929325553778e-01,7.642552062465510776e-01,9.536743164062500000e-05,9.321160274363264088e-04,7.001482125660781060e-07,0.000000000000000000e+00
1.000000000000000000e+00,6.017249298095703125e+01,2.472595977783203125e+01,8.166666984558105469e+00,5.000000000000000000e+00,-4.661434980320987992e-02,9.532634534756420086e-01,0.000000000000000000e+00,9.989525223599139414e-01,7.810377227458002161e-04,9.536743164062500000e-05,4.701437481042557170e-07,0.000000000000000000e+00
1.000000000000000000e+00,6.017255783081054688e+01,2.472720146179199219e+01,8.166666984558105469e+00,5.000000000000000000e+00,4.963123780110886146e-02,9.502922296624080056e-01,-4.661434980320987992e-02,9.532634534756420086e-01,1.243376274474172587e-03,7.810377227458002161e-04,2.137569364142888494e-07,0.000000000000000000e+00
1.000000000000000000e+00,6.017271423339843750e+01,2.472745704650878906e+01,8.166666984558105469e+00,5.000000000000000000e+00,3.795375060370531628e-01,6.202198269385991170e-01,4.963123780110886146e-02,9.502922296624080056e-01,2.996419813027264819e-04,1.243376274474172587e-03,8.906344161078089837e-07,0.000000000000000000e+00
1.000000000000000000e+00,6.017285537719726562e+01,2.472825813293457031e+01,8.183333396911621094e+00,5.000000000000000000e+00,1.497816743452471400e-01,8.501122057432946022e-01,3.795375060370531628e-01,6.202198269385991170e-01,8.134254935263661489e-04,2.996419813027264819e-04,2.639734974328589099e-07,0.000000000000000000e+00
1.000000000000000000e+00,6.017316055297851562e+01,2.473005867004394531e+01,8.183333396911621094e+00,5.000000000000000000e+00,1.449206539710299890e-01,8.550318584290769186e-01,1.497816743452471400e-01,8.501122057432946022e-01,1.826216345260886368e-03,8.134254935263661489e-04,1.025745309357134621e-06,0.000000000000000000e+00
1.000000000000000000e+00,6.017241668701171875e+01,2.473085403442382812e+01,8.183333396911621094e+00,5.000000000000000000e+00,-4.832399805547800131e-01,5.166950561316494550e-01,1.449206539710299890e-01,8.550318584290769186e-01,1.089009216372855337e-03,1.826216345260886368e-03,5.434743508833340123e-07,0.000000000000000000e+00
1.000000000000000000e+00,6.017223739624023438e+01,2.473097229003906250e+01,8.183333396911621094e+00,5.000000000000000000e+00,-6.023616596219231178e-01,3.973023712399918472e-01,-4.832399805547800131e-01,5.166950561316494550e-01,2.147779580728034451e-04,1.089009216372855337e-03,7.642802929888920259e-07,0.000000000000000000e+00
1.000000000000000000e+00,6.017223739624023438e+01,2.473102760314941406e+01,8.183333396911621094e+00,5.000000000000000000e+00,0.000000000000000000e+00,9.981953729114723117e-01,-6.023616596219231178e-01,3.973023712399918472e-01,5.531311035156250000e-05,2.147779580728034451e-04,2.542903765875856405e-08,0.000000000000000000e+00
1.000000000000000000e+00,6.017220687866210938e+01,2.473105430603027344e+01,8.183333396911621094e+00,5.000000000000000000e+00,-5.324028918421395140e-01,4.658525303618720748e-01,0.000000000000000000e+00,9.981953729114723117e-01,4.055078816503391258e-05,5.531311035156250000e-05,2.179261563388741784e-10,0.000000000000000000e+00
1.000000000000000000e+00,6.017210769653320312e+01,2.473115158081054688e+01,8.199999809265136719e+00,5.000000000000000000e+00,-5.045975199761618679e-01,4.948937215150818192e-01,-5.324028918421395140e-01,4.658525303618720748e-01,1.389225596208964802e-04,4.055078816503391258e-05,9.677005419364458247e-09,0.000000000000000000e+00
1.000000000000000000e+00,6.017202758789062500e+01,2.473116683959960938e+01,8.199999809265136719e+00,5.000000000000000000e+00,-8.391201187823277285e-01,1.598324035775862129e-01,-5.045975199761618679e-01,4.948937215150818192e-01,8.154891329357890565e-05,1.389225596208964802e-04,3.291735292892121575e-09,0.000000000000000000e+00
1.000000000000000000e+00,6.017193222045898438e+01,2.473328781127929688e+01,8.199999809265136719e+00,5.000000000000000000e+00,-4.302731852781615379e-02,9.569275640586313303e-01,-8.391201187823277285e-01,1.598324035775862129e-01,2.123114649060230206e-03,8.154891329357890565e-05,4.167990653456427543e-06,0.000000000000000000e+00
1.000000000000000000e+00,6.017221832275390625e+01,2.473440551757812500e+01,8.199999809265136719e+00,5.000000000000000000e+00,2.037898309017847909e-01,7.961389393896393107e-01,-4.302731852781615379e-02,9.569275640586313303e-01,1.153742559499141163e-03,2.123114649060230206e-03,9.396822480200320740e-07,0.000000000000000000e+00
1.000000000000000000e+00,6.017209625244140625e+01,2.473491477966308594e+01,8.199999809265136719e+00,5.000000000000000000e+00,-1.933228529148311170e-01,8.065187770040611603e-01,2.037898309017847909e-01,7.961389393896393107e-01,5.236879150530483100e-04,1.153742559499141163e-03,3.969688549880924797e-07,0.000000000000000000e+00
1.000000000000000000e+00,6.017237472534179688e+01,2.473517990112304688e+01,8.199999809265136719e+00,5.000000000000000000e+00,5.121864795701751571e-01,4.876295935633859768e-01,-1.933228529148311170e-01,8.065187770040611603e-01,3.844951817432644241e-04,5.236879150530483100e-04,1.937461700624862173e-08,0.000000000000000000e+00
1.000000000000000000e+00,6.017263031005859375e+01,2.473596572875976562e+01,8.216666221618652344e+00,5.000000000000000000e+00,2.453976814909095971e-01,7.545063042854832647e-01,5.121864795701751571e-01,4.876295935633859768e-01,8.263465508436000553e-04,3.844951817432644241e-04,1.952326323758410393e-07,0.000000000000000000e+00
1.000000000000000000e+00,6.017285537719726562e+01,2.473673248291015625e+01,8.216666221618652344e+00,5.000000000000000000e+00,2.269001997977016238e-01,7.729989857514919516e-01,2.453976814909095971e-01,7.545063042854832647e-01,7.991039632308140220e-04,8.263465508436000553e-04,7.421585798403230518e-10,0.000000000000000000e+00
1.000000000000000000e+00,6.017287445068359375e+01,2.473683357238769531e+01,8.216666221618652344e+00,5.000000000000000000e+00,1.585981728272456426e-01,8.405703159844017947e-01,2.269001997977016238e-01,7.729989857514919516e-01,1.028731274426406851e-04,7.991039632308140220e-04,4.847373767022983585e-07,0.000000000000000000e+00
1.000000000000000000e+00,6.017283630371093750e+01,2.473698043823242188e+01,8.216666221618652344e+00,5.000000000000000000e+00,-2.060741832769052706e-01,7.933856056160852877e-01,1.585981728272456426e-01,8.405703159844017947e-01,1.517391441589264057e-04,1.028731274426406851e-04,2.387887589716315440e-09,0.000000000000000000e+00
1.000000000000000000e+00,6.017286300659179688e+01,2.473692512512207031e+01,8.216666221618652344e+00,5.000000000000000000e+00,3.251849057119862163e-01,-6.735973046891142735e-01,-2.060741832769052706e-01,7.933856056160852877e-01,6.142136454812857540e-05,1.517391441589264057e-04,8.157301313824648016e-09,0.000000000000000000e+00
1.000000000000000000e+00,6.017286682128906250e+01,2.473694229125976562e+01,8.216666221618652344e+00,5.000000000000000000e+00,1.809557008863065530e-01,8.143006539883794748e-01,3.251849057119862163e-01,-6.735973046891142735e-01,1.758488551577165046e-05,6.142136454812857540e-05,1.921636893954268258e-09,0.000000000000000000e+00
1.000000000000000000e+00,6.017279815673828125e+01,2.473649787902832031e+01,8.233333587646484375e+00,5.000000000000000000e+00,-1.338029177456732388e-01,-8.660022176317183629e-01,1.809557008863065530e-01,8.143006539883794748e-01,4.496855034267758676e-04,1.758488551577165046e-05,1.867109439990716441e-07,0.000000000000000000e+00
1.000000000000000000e+00,6.017238235473632812e+01,2.473539161682128906e+01,8.233333587646484375e+00,5.000000000000000000e+00,-2.731650103838390575e-01,-7.267692936817736760e-01,-1.338029177456732388e-01,-8.660022176317183629e-01,1.181823749775692519e-03,4.496855034267758676e-04,5.360264117668670164e-07,0.000000000000000000e+00
1.000000000000000000e+00,6.017215347290039062e+01,2.473460960388183594e+01,8.233333587646484375e+00,5.000000000000000000e+00,-2.263926990612442347e-01,-7.735083884592511838e-01,-2.731650103838390575e-01,-7.267692936817736760e-01,8.148196931188135842e-04,1.181823749775692519e-03,1.346919776026055979e-07,0.000000000000000000e+00
1.000000000000000000e+00,6.017204666137695312e+01,2.473427581787109375e+01,8.233333587646484375e+00,5.000000000000000000e+00,-2.423692332118864978e-01,-7.574038537871452537e-01,-2.263926990612442347e-01,-7.735083884592511838e-01,3.504594163469193025e-04,8.148196931188135842e-04,2.156304666436702650e-07,0.000000000000000000e+00
1.000000000000000000e+00,6.017189025878906250e+01,2.473188018798828125e+01,8.233333587646484375e+00,5.000000000000000000e+00,-6.128309940256954080e-02,-9.386777176783822618e-01,-2.423692332118864978e-01,-7.574038537871452537e-01,2.400729952519257797e-03,3.504594163469193025e-04,4.203609271496408888e-06,0.000000000000000000e+00
1.000000000000000000e+00,6.017193603515625000e+01,2.473166465759277344e+01,8.250000000000000000e+00,5.000000000000000000e+00,1.751154664688437945e-01,-8.245019879574727595e-01,-6.128309940256954080e-02,-9.386777176783822618e-01,2.203379839715315883e-04,2.400729952519257797e-03,4.754109136507428680e-06,0.000000000000000000e+00
1.000000000000000000e+00,6.017192840576171875e+01,2.473169708251953125e+01,8.250000000000000000e+00,5.000000000000000000e+00,-1.900018300976274999e-01,8.075077779149167911e-01,1.751154664688437945e-01,-8.245019879574727595e-01,3.331041182818027290e-05,2.203379839715315883e-04,3.497931274183648309e-08,0.000000000000000000e+00
1.000000000000000000e+00,6.017186355590820312e+01,2.473172187805175781e+01,8.250000000000000000e+00,5.000000000000000000e+00,-7.225981924231720255e-01,2.762875441618010686e-01,-1.900018300976274999e-01,8.075077779149167911e-01,6.942853822021978938e-05,3.331041182818027290e-05,1.304519054071341478e-09,0.000000000000000000e+00
1.000000000000000000e+00,6.017178344726562500e+01,2.473168373107910156e+01,8.250000000000000000e+00,5.000000000000000000e+00,-6.768469955522514736e-01,-3.223080931201197097e-01,-7.225981924231720255e-01,2.762875441618010686e-01,8.872759513559729005e-05,6.942853822021978938e-05,3.724535978229801564e-10,0.000000000000000000e+00
1.000000000000000000e+00,6.017208862304687500e+01,2.473143386840820312e+01,8.250000000000000000e+00,5.000000000000000000e+00,5.497291352615574223e-01,-4.500907294954001325e-01,-6.768469955522514736e-01,-3.223080931201197097e-01,3.944155318570108631e-04,8.872759513559729005e-05,9.344511465699494197e-08,0.000000000000000000e+00
1.000000000000000000e+00,6.017312622070312500e+01,2.473019981384277344e+01,8.250000000000000000e+00,5.000000000000000000e+00,4.567389200054667309e-01,-5.432170611094429002e-01,5.497291352615574223e-01,-4.500907294954001325e-01,1.612296364417332506e-03,3.944155318570108631e-04,1.483233722317822197e-06,0.000000000000000000e+00
1.000000000000000000e+00,6.017318344116210938e+01,2.473015022277832031e+01,8.250000000000000000e+00,5.000000000000000000e+00,5.352132038210626330e-01,-4.638514433115875635e-01,4.567389200054667309e-01,-5.432170611094429002e-01,7.571957870971377414e-05,1.612296364417332506e-03,2.361068218375557309e-06,0.000000000000000000e+00
1.000000000000000000e+00,6.017305374145507812e+01,2.473018074035644531e+01,8.266666412353515625e+00,5.000000000000000000e+00,-8.090188584770556801e-01,1.903573784651895751e-01,5.352132038210626330e-01,-4.638514433115875635e-01,1.332416473127210916e-04,7.571957870971377414e-05,3.308788376369080286e-09,0.000000000000000000e+00
1.000000000000000000e+00,6.017314529418945312e+01,2.473018455505371094e+01,8.266666412353515625e+00,5.000000000000000000e+00,9.589944214655173882e-01,3.995810089439655322e-02,-8.090188584770556801e-01,1.903573784651895751e-01,9.163217277118159072e-05,1.332416473127210916e-04,1.731348371623023901e-09,0.000000000000000000e+00
1.000000000000000000e+00,6.017319869995117188e+01,2.473006820678710938e+01,8.266666412353515625e+00,5.000000000000000000e+00,3.144215197418624430e-01,-6.849897394376288640e-01,9.589944214655173882e-01,3.995810089439655322e-02,1.280198989452349505e-04,9.163217277118159072e-05,1.324066616117887940e-09,0.000000000000000000e+00
1.000000000000000000e+00,6.017334365844726562e+01,2.472976875305175781e+01,8.266666412353515625e+00,5.000000000000000000e+00,3.261068781446657683e-01,-6.736681561672701601e-01,3.144215197418624430e-01,-6.849897394376288640e-01,3.326943119528275798e-04,1.280198989452349505e-04,4.189161534000260031e-08,0.000000000000000000e+00
1.000000000000000000e+00,6.017280197143554688e+01,2.472758674621582031e+01,8.266666412353515625e+00,5.000000000000000000e+00,-1.988722502566987183e-01,-8.010910362452934308e-01,3.261068781446657683e-01,-6.736681561672701601e-01,2.248239011035697062e-03,3.326943119528275798e-04,3.669311494184480962e-06,0.000000000000000000e+00
1.000000000000000000e+00,6.017264938354492188e+01,2.472587013244628906e+01,8.266666412353515625e+00,5.000000000000000000e+00,-8.162828604787393527e-02,-9.183182180385817128e-01,-1.988722502566987183e-01,-8.010910362452934308e-01,1.723382110302203001e-03,2.248239011035697062e-03,2.754747662475688260e-07,0.000000000000000000e+00
1.000000000000000000e+00,6.017250823974609375e+01,2.472439193725585938e+01,8.283333778381347656e+00,5.000000000000000000e+00,-8.715598411818593905e-02,-9.127822661026230300e-01,-8.162828604787393527e-02,-9.183182180385817128e-01,1.484918379223953890e-03,1.723382110302203001e-03,5.686495103975950908e-08,0.000000000000000000e+00
1.000000000000000000e+00,6.017230987548828125e+01,2.472276687622070312e+01,8.283333778381347656e+00,5.000000000000000000e+00,-1.087806451478155606e-01,-8.911645160186427717e-01,-8.715598411818593905e-02,-9.127822661026230300e-01,1.637123009049902414e-03,1.484918379223953890e-03,2.316624934045401779e-08,0.000000000000000000e+00
1.000000000000000000e+00,6.017324829101562500e+01,2.472234535217285156e+01,8.283333778381347656e+00,5.000000000000000000e+00,6.899913388248176682e-01,-3.099351339030176899e-01,-1.087806451478155606e-01,-8.911645160186427717e-01,1.028740115324086428e-03,1.637123009049902414e-03,3.701297453781975320e-07,0.000000000000000000e+00
1.000000000000000000e+00,6.017438125610351562e+01,2.472158050537109375e+01,8.283333778381347656e+00,5.000000000000000000e+00,5.969534697948972735e-01,-4.029938407201242856e-01,6.899913388248176682e-01,-3.099351339030176899e-01,1.366967636975420942e-03,1.028740115324086428e-03,1.143978564024039625e-07,0.000000000000000000e+00
1.000000000000000000e+00,6.017526626586914062e+01,2.471958923339843750e+01,8.283333778381347656e+00,5.000000000000000000e+00,3.076816104922943107e-01,-6.922836236076622685e-01,5.969534697948972735e-01,-4.029938407201242856e-01,2.179083833710380742e-03,1.366967636975420942e-03,6.595327169992559738e-07,0.000000000000000000e+00
1.000000000000000000e+00,6.017652511596679688e+01,2.471794128417968750e+01,8.283333778381347656e+00,5.000000000000000000e+00,4.330559681071255440e-01,-5.669096309766007424e-01,3.076816104922943107e-01,-6.922836236076622685e-01,2.073750273284583837e-03,2.179083833710380742e-03,1.109515895197500750e-08,0.000000000000000000e+00
1.000000000000000000e+00,6.017666244506835938e+01,2.471546936035156250e+01,8.300000190734863281e+00,5.000000000000000000e+00,5.262956191171377918e-02,-9.473321144108479697e-01,4.330559681071255440e-01,-5.669096309766007424e-01,2.475735586484977945e-03,2.073750273284583837e-03,1.615921920288189365e-07,0.000000000000000000e+00
1.000000000000000000e+00,6.017607116699218750e+01,2.471307754516601562e+01,8.300000190734863281e+00,5.000000000000000000e+00,-1.982030744569373004e-01,-8.017634044161270346e-01,5.262956191171377918e-02,-9.473321144108479697e-01,2.463816073730777743e-03,2.475735586484977945e-03,1.420747842975412891e-10,0.000000000000000000e+00
1.000000000000000000e+00,6.017601394653320312e+01,2.471291732788085938e+01,8.300000190734863281e+00,5.000000000000000000e+00,-2.630369235942128237e-01,-7.365033860637959506e-01,-1.982030744569373004e-01,-8.017634044161270346e-01,1.701286554029675152e-04,2.463816073730777743e-03,5.261001972995295119e-06,0.000000000000000000e+00
1.000000000000000000e+00,6.017498779296875000e+01,2.471016120910644531e+01,8.300000190734863281e+00,5.000000000000000000e+00,-2.712989289574954666e-01,-7.286746326088865411e-01,-2.630369235942128237e-01,-7.365033860637959506e-01,2.940949138716534780e-03,1.701286554029675152e-04,7.677446150750031031e-06,0.000000000000000000e+00
1.000000000000000000e+00,6.017436981201171875e+01,2.471064949035644531e+01,8.300000190734863281e+00,5.000000000000000000e+00,-5.585701979910405734e-01,4.413394156966246595e-01,-2.712989289574954666e-01,-7.286746326088865411e-01,7.876033534431034532e-04,2.940949138716534780e-03,4.636898070954851358e-06,0.000000000000000000e+00
1.000000000000000000e+00,6.017367935180664062e+01,2.471058082580566406e+01,8.300000190734863281e+00,5.000000000000000000e+00,-9.094279391569436433e-01,-9.044034754046953450e-02,-5.585701979910405734e-01,4.413394156966246595e-01,6.938660644032948856e-04,7.876033534431034532e-04,8.786679356532614942e-09,0.000000000000000000e+00
1.000000000000000000e+00,6.017288208007812500e+01,2.471087074279785156e+01,8.316666603088378906e+00,5.000000000000000000e+00,-7.332658872797350735e-01,2.666421408289945671e-01,-9.094279391569436433e-01,-9.044034754046953450e-02,8.483478481432834162e-04,6.938660644032948856e-04,2.386462150748858428e-08,0.000000000000000000e+00
1.000000000000000000e+00,6.017214202880859375e+01,2.471055793762207031e+01,8.316666603088378906e+00,5.000000000000000000e+00,-7.028317959643762824e-01,-2.970732333457672958e-01,-7.332658872797350735e-01,2.666421408289945671e-01,8.034444346252909985e-04,8.483478481432834162e-04,2.016316545567824063e-09,0.000000000000000000e+00
1.000000000000000000e+00,6.017181015014648438e+01,2.470971870422363281e+01,8.316666603088378906e+00,5.000000000000000000e+00,-2.833634260514791836e-01,-7.165511923140852613e-01,-7.028317959643762824e-01,-2.970732333457672958e-01,9.024722396929803908e-04,8.034444346252909985e-04,9.806506176524289454e-09,0.000000000000000000e+00
1.000000000000000000e+00,6.017150497436523438e+01,2.470865058898925781e+01,8.316666603088378906e+00,5.000000000000000000e+00,-2.222060416720588460e-01,-7.777211458522059750e-01,-2.833634260514791836e-01,-7.165511923140852613e-01,1.110856611523516630e-03,9.024722396929803908e-04,4.342404642320718786e-08,0.000000000000000000e+00
1.000000000000000000e+00,6.017115783691406250e+01,2.470829582214355469e+01,8.316666603088378906e+00,5.000000000000000000e+00,-4.944947669368566223e-01,-5.053627837926116806e-01,-2.222060416720588460e-01,-7.777211458522059750e-01,4.963506067451220298e-04,1.110856611523516630e-03,3.776176299087043485e-07,0.000000000000000000e+00
1.000000000000000000e+00,6.017050170898437500e+01,2.470780181884765625e+01,8.316666603088378906e+00,5.000000000000000000e+00,-5.704313316248764698e-01,-4.294817293338459296e-01,-4.944947669368566223e-01,-5.053627837926116806e-01,8.213057387322483718e-04,4.963506067451220298e-04,1.055958378047707072e-07,0.000000000000000000e+00
1.000000000000000000e+00,6.017050170898437500e+01,2.470783424377441406e+01,8.333333015441894531e+00,5.000000000000000000e+00,0.000000000000000000e+00,9.969254350441855150e-01,-5.704313316248764698e-01,-4.294817293338459296e-01,3.242492675781250000e-05,8.213057387322483718e-04,6.223329355014451929e-07,0.000000000000000000e+00
1.000000000000000000e+00,6.017036437988281250e+01,2.470756340026855469e+01,8.333333015441894531e+00,5.000000000000000000e+00,-3.363661903003830611e-01,-6.633888753146444106e-01,0.000000000000000000e+00,9.969254350441855150e-01,3.036700294763392547e-04,3.242492675781250000e-05,7.357390574878413365e-08,0.000000000000000000e+00
1.000000000000000000e+00,6.017062759399414062e+01,2.470685958862304688e+01,8.333333015441894531e+00,5.000000000000000000e+00,2.721612049597976757e-01,-7.277353958707633019e-01,-3.363661903003830611e-01,-6.633888753146444106e-01,7.514203222928359047e-04,3.036700294763392547e-04,2.004803247172584900e-07,0.000000000000000000e+00
1.000000000000000000e+00,6.017059707641601562e+01,2.470656585693359375e+01,8.333333015441894531e+00,5.000000000000000000e+00,-9.408862968265938043e-02,-9.056030606955964846e-01,2.721612049597976757e-01,-7.277353958707633019e-01,2.953127629541306399e-04,7.514203222928359047e-04,2.080341056859105574e-07,0.000000000000000000e+00
1.000000000000000000e+00,6.017061614990234375e+01,2.470561790466308594e+01,8.333333015441894531e+00,5.000000000000000000e+00,1.972182644636214996e-02,-9.801747743841987548e-01,-9.408862968265938043e-02,-9.056030606955964846e-01,9.481441372711355876e-04,2.953127629541306399e-04,4.261888032926293748e-07,0.000000000000000000e+00
1.000000000000000000e+00,6.017086029052734375e+01,2.470525360107421875e+01,8.333333015441894531e+00,5.000000000000000000e+00,4.011879818041993451e-01,-5.986476915984537683e-01,1.972182644636214996e-02,-9.801747743841987548e-01,4.385450371819334591e-04,9.481441372711355876e-04,2.596912428117246669e-07,0.000000000000000000e+00
1.000000000000000000e+00,6.017100143432617188e+01,2.470523834228515625e+01,8.350000381469726562e+00,5.000000000000000000e+00,9.018623955711594364e-01,-9.749863735904426565e-02,4.011879818041993451e-01,-5.986476915984537683e-01,1.419662022852203015e-04,4.385450371819334591e-04,8.795900530869184552e-08,0.000000000000000000e+00
1.000000000000000000e+00,6.017100143432617188e+01,2.470536422729492188e+01,8.350000381469726562e+00,5.000000000000000000e+00,0.000000000000000000e+00,9.992062547743891798e-01,9.018623955711594364e-01,-9.749863735904426565e-02,1.258850097656250000e-04,1.419662022852203015e-04,2.586047528522878906e-10,0.000000000000000000e+00
1.000000000000000000e+00,6.017097091674804688e+01,2.470532035827636719e+01,8.350000381469726562e+00,5.000000000000000000e+00,-4.097056314202920935e-01,-5.889518451666698740e-01,0.000000000000000000e+00,9.992062547743891798e-01,5.343981066178092961e-05,1.258850097656250000e-04,5.248306873195608769e-09,0.000000000000000000e+00
1.000000000000000000e+00,6.017089080810546875e+01,2.470517539978027344e+01,8.350000381469726562e+00,5.000000000000000000e+00,-3.557741287233897043e-01,-6.437817567375623273e-01,-4.097056314202920935e-01,-5.889518451666698740e-01,1.656211345374482041e-04,5.343981066178092961e-05,1.258464942649735509e-08,0.000000000000000000e+00
1.000000000000000000e+00,6.017094421386718750e+01,2.470534324645996094e+01,8.350000381469726562e+00,5.000000000000000000e+00,2.412702628417545125e-01,7.582779689312284521e-01,-3.557741287233897043e-01,-6.437817567375623273e-01,1.761382504366332366e-04,1.656211345374482041e-04,1.106097268368905917e-10,0.000000000000000000e+00
1.000000000000000000e+00,6.017094039916992188e+01,2.470543861389160156e+01,8.350000381469726562e+00,5.000000000000000000e+00,-3.842279882240576261e-02,9.605699705601441485e-01,2.412702628417545125e-01,7.582779689312284521e-01,9.544369509274905263e-05,1.761382504366332366e-04,6.511611262147187828e-09,0.000000000000000000e+00
1.000000000000000000e+00,6.017098617553710938e+01,2.470528030395507812e+01,8.366666793823242188e+00,5.000000000000000000e+00,2.241892152193748211e-01,-7.753210359670046348e-01,-3.842279882240576261e-02,9.605699705601441485e-01,1.647953633902957701e-04,9.544369509274905263e-05,4.809653895652946093e-09,0.000000000000000000e+00
1.000000000000000000e+00,6.017098236083984375e+01,2.470528602600097656e+01,8.366666793823242188e+00,5.000000000000000000e+00,-3.958492200820326046e-01,5.937738301230488513e-01,2.241892152193748211e-01,-7.753210359670046348e-01,6.877043295791605234e-06,1.647953633902957701e-04,2.493819582147027442e-08,0.000000000000000000e+00
1.000000000000000000e+00,6.017096328735351562e+01,2.470530509948730469e+01,8.366666793823242188e+00,5.000000000000000000e+00,-4.986927069901875842e-01,4.986927069901875842e-01,-3.958492200820326046e-01,5.937738301230488513e-01,2.697398304697218134e-05,6.877043295791605234e-06,4.038869873625819421e-10,0.000000000000000000e+00
1.000000000000000000e+00,6.017014694213867188e+01,2.470781898498535156e+01,8.883333206176757812e+00,5.000000000000000000e+00,0.000000000000000000e+00,0.000000000000000000e+00,-4.986927069901875842e-01,4.986927069901875842e-01,0.000000000000000000e+00,2.697398304697218134e-05,7.275957614183426937e-10,0.000000000000000000e+00
1.000000000000000000e+00,6.017111206054687500e+01,2.470805168151855469e+01,8.883333206176757812e+00,5.000000000000000000e+00,8.056652228330654086e-01,1.942512987858379114e-01,0.000000000000000000e+00,0.000000000000000000e+00,9.927745053219722872e-04,0.000000000000000000e+00,9.856012184172868729e-07,0.000000000000000000e+00
1.000000000000000000e+00,6.017128372192382812e+01,2.470818138122558594e+01,8.883333206176757812e+00,5.000000000000000000e+00,5.694313000016358872e-01,4.302369822234582419e-01,8.056652228330654086e-01,1.942512987858379114e-01,2.151502785065242647e-04,9.927745053219722872e-04,6.046994381303233060e-07,0.000000000000000000e+00
1.000000000000000000e+00,6.017181777954101562e+01,2.470884513854980469e+01,8.883333206176757812e+00,5.000000000000000000e+00,4.458226529511034042e-01,5.540938686677999714e-01,5.694313000016358872e-01,4.302369822234582419e-01,8.519338729796022656e-04,2.151502785065242647e-04,4.054933461900534687e-07,0.000000000000000000e+00
1.000000000000000000e+00,6.017269897460937500e+01,2.471110153198242188e+01,8.883333206176757812e+00,5.000000000000000000e+00,2.808421129392274507e-01,7.191260164655975951e-01,4.458226529511034042e-01,5.540938686677999714e-01,2.422357544058856976e-03,8.519338729796022656e-04,2.466230506686043018e-06,0.000000000000000000e+00
1.000000000000000000e+00,6.017348480224609375e+01,2.471104621887207031e+01,8.883333206176757812e+00,5.000000000000000000e+00,9.341293077581619420e-01,-6.575182020627838575e-02,2.808421129392274507e-01,7.191260164655975951e-01,7.877719307056705624e-04,2.422357544058856976e-03,2.671870127381212624e-06,0.000000000000000000e+00
1.000000000000000000e+00,6.017356872558593750e+01,2.471103286743164062e+01,8.899999618530273438e+00,5.000000000000000000e+00,8.618590933718710545e-01,-1.371139466727976652e-01,9.341293077581619420e-01,-6.575182020627838575e-02,8.497874988535103805e-05,7.877719307056705624e-04,4.939182550075422871e-07,0.000000000000000000e+00
1.000000000000000000e+00,6.017504882812500000e+01,2.471033668518066406e+01,8.899999618530273438e+00,5.000000000000000000e+00,6.800739215954246797e-01,-3.198801306473324502e-01,8.618590933718710545e-01,-1.371139466727976652e-01,1.635656826083654045e-03,8.497874988535103805e-05,2.404602496002070122e-06,0.000000000000000000e+00
1.000000000000000000e+00,6.017567825317382812e+01,2.471160125732421875e+01,8.899999618530273438e+00,5.000000000000000000e+00,3.323087386219582551e-01,6.676384657768433817e-01,6.800739215954246797e-01,-3.198801306473324502e-01,1.412557467272317676e-03,1.635656826083654045e-03,4.977332390202941228e-08,0.000000000000000000e+00
1.000000000000000000e+00,6.017634201049804688e+01,2.471352386474609375e+01,8.899999618530273438e+00,5.000000000000000000e+00,2.566272458270310031e-01,7.433340913610552159e-01,3.323087386219582551e-01,6.676384657768433817e-01,2.033959951450094172e-03,1.412557467272317676e-03,3.861410473423117707e-07,0.000000000000000000e+00
1.000000000000000000e+00,6.017644500732421875e+01,2.471688652038574219e+01,8.899999618530273438e+00,5.000000000000000000e+00,2.971846004226864901e-02,9.702526861948079784e-01,2.566272458270310031e-01,7.433340913610552159e-01,3.364232646096420275e-03,2.033959951450094172e-03,1.769625442121597649e-06,0.000000000000000000e+00
1.000000000000000000e+00,6.017646789550781250e+01,2.471712493896484375e+01,8.899999618530273438e+00,5.000000000000000000e+00,8.755773323442189726e-02,9.120597211918947123e-01,2.971846004226864901e-02,9.702526861948079784e-01,2.395146922613083061e-04,3.364232646096420275e-03,9.763862291019489726e-06,0.000000000000000000e+00
1.000000000000000000e+00,6.017462158203125000e+01,2.472086143493652344e+01,8.916666984558105469e+00,5.000000000000000000e+00,-3.307081179946099181e-01,6.692739701977694633e-01,8.755773323442189726e-02,9.120597211918947123e-01,4.167766260254386450e-03,2.395146922613083061e-04,1.543116038144008096e-05,0.000000000000000000e+00
1.000000000000000000e+00,6.017350769042968750e+01,2.472223854064941406e+01,8.916666984558105469e+00,5.000000000000000000e+00,-4.471489712986321807e-01,5.528108857493363448e-01,-3.307081179946099181e-01,6.692739701977694633e-01,1.771207115079280643e-03,4.167766260254386450e-03,5.743495736322434033e-06,0.000000000000000000e+00
1.000000000000000000e+00,6.017340087890625000e+01,2.472217941284179688e+01,8.916666984558105469e+00,5.000000000000000000e+00,-6.432904948425747227e-01,-3.561072382164252592e-01,-4.471489712986321807e-01,5.528108857493363448e-01,1.220852127518101411e-04,1.771207115079280643e-03,2.719603048736175200e-06,0.000000000000000000e+00
1.000000000000000000e+00,6.017224502563476562e+01,2.472250938415527344e+01,8.916666984558105469e+00,5.000000000000000000e+00,-7.778680581657920756e-01,2.220646436677921332e-01,-6.432904948425747227e-01,-3.561072382164252592e-01,1.202030720455421649e-03,1.220852127518101411e-04,1.166282299609211096e-06,0.000000000000000000e+00
1.000000000000000000e+00,6.017268371582031250e+01,2.472546768188476562e+01,8.916666984558105469e+00,5.000000000000000000e+00,1.291371305419484750e-01,8.708334324807047722e-01,-7.778680581657920756e-01,2.220646436677921332e-01,2.990647845403029623e-03,1.202030720455421649e-03,3.199151219655847001e-06,0.000000000000000000e+00
1.000000000000000000e+00,6.017256927490234375e+01,2.472634315490722656e+01,8.916666984558105469e+00,5.000000000000000000e+00,-1.155952591122910433e-01,8.843037322090264718e-01,1.291371305419484750e-01,8.708334324807047722e-01,8.829211384729778204e-04,2.990647845403029623e-03,4.442511871106199931e-06,0.000000000000000000e+00
1.000000000000000000e+00,6.017288970947265625e+01,2.472834968566894531e+01,8.933333396911621094e+00,5.000000000000000000e+00,1.376990004972481474e-01,8.622580269232443806e-01,-1.155952591122910433e-01,8.843037322090264718e-01,2.031955711026936767e-03,8.829211384729778204e-04,1.320280448924258951e-06,0.000000000000000000e+00
1.000000000000000000e+00,6.017293548583984375e+01,2.472849845886230469e+01,8.933333396911621094e+00,5.000000000000000000e+00,2.351732367588687811e-01,7.643130194663235732e-01,1.376990004972481474e-01,8.622580269232443806e-01,1.556564770744565203e-04,2.031955711026936767e-03,3.520498815330664346e-06,0.000000000000000000e+00
1.000000000000000000e+00,6.017315673828125000e+01,2.472941970825195312e+01,8.933333396911621094e+00,5.000000000000000000e+00,1.936391447946667621e-01,8.062733356536555540e-01,2.351732367588687811e-01,7.643130194663235732e-01,9.474455555628748856e-04,1.556564770744565203e-04,6.269299448135386952e-07,0.000000000000000000e+00
1.000000000000000000e+00,6.017306137084960938e+01,2.472975730895996094e+01,8.933333396911621094e+00,5.000000000000000000e+00,-2.202134558271679754e-01,7.795556336281745935e-01,1.936391447946667621e-01,8.062733356536555540e-01,3.508121791858224178e-04,9.474455555628748856e-04,3.559713858070814988e-07,0.000000000000000000e+00
1.000000000000000000e+00,6.017190933227539062e+01,2.473123550415039062e+01,8.933333396911621094e+00,5.000000000000000000e+00,-4.379818978496548554e-01,5.619800841613948883e-01,-2.202134558271679754e-01,7.795556336281745935e-01,1.874100823727856613e-03,3.508121791858224178e-04,2.320408294590707717e-06,0.000000000000000000e+00
1.000000000000000000e+00,6.017190933227539062e+01,2.473117828369140625e+01,8.933333396911621094e+00,5.000000000000000000e+00,0.000000000000000000e+00,-9.982554222040116443e-01,-4.379818978496548554e-01,5.619800841613948883e-01,5.722045898437500000e-05,1.874100823727856613e-03,3.301054259790406915e-06,0.000000000000000000e+00
1.000000000000000000e+00,6.017197036743164062e+01,2.473117637634277344e+01,8.949999809265136719e+00,5.000000000000000000e+00,9.681588059271456492e-01,-3.025496268522330154e-02,0.000000000000000000e+00,-9.982554222040116443e-01,6.106495129998062640e-05,5.722045898437500000e-05,1.478012116475071129e-11,0.000000000000000000e+00
1.000000000000000000e+00,6.017193222045898438e+01,2.473125267028808594e+01,8.949999809265136719e+00,5.000000000000000000e+00,-3.330423165165968813e-01,6.660846330331937626e-01,9.681588059271456492e-01,-3.025496268522330154e-02,8.529922399520072193e-05,6.106495129998062640e-05,5.872999730662902876e-10,0.000000000000000000e+00
1.000000000000000000e+00,6.017200851440429688e+01,2.473182106018066406e+01,8.949999809265136719e+00,5.000000000000000000e+00,1.183248413330139776e-01,8.815200679309540543e-01,-3.330423165165968813e-01,6.660846330331937626e-01,5.734874332331260432e-04,8.529922399520072193e-05,2.383277276389323880e-07,0.000000000000000000e+00
1.000000000000000000e+00,6.017197418212890625e+01,2.473464393615722656e+01,8.949999809265136719e+00,5.000000000000000000e+00,-1.201560082541218086e-02,9.879494012005570758e-01,1.183248413330139776e-01,8.815200679309540543e-01,2.823084746192927336e-03,5.734874332331260432e-04,5.060688070475957787e-06,0.000000000000000000e+00
1.000000000000000000e+00,6.017226409912109375e+01,2.473519515991210938e+01,8.949999809265136719e+00,5.000000000000000000e+00,3.446302300467005142e-01,6.552508979177398274e-01,-1.201560082541218086e-02,9.879494012005570758e-01,6.228157755758550367e-04,2.823084746192927336e-03,4.841183543060311748e-06,0.000000000000000000e+00
1.000000000000000000e+00,6.017275238037109375e+01,2.473574829101562500e+01,8.949999809265136719e+00,5.000000000000000000e+00,4.688194512065138597e-01,5.310845345698790299e-01,3.446302300467005142e-01,6.552508979177398274e-01,7.378160995654510154e-04,6.228157755758550367e-04,1.322507451771204447e-08,0.000000000000000000e+00
1.000000000000000000e+00,6.017286300659179688e+01,2.473653793334960938e+01,8.966666221618652344e+00,5.000000000000000000e+00,1.228677080370950553e-01,8.770212263337474612e-01,4.688194512065138597e-01,5.310845345698790299e-01,7.973538589154427784e-04,7.378160995654510154e-04,3.544744788417531462e-09,0.000000000000000000e+00
1.000000000000000000e+00,6.017284774780273438e+01,2.473664855957031250e+01,8.966666221618652344e+00,5.000000000000000000e+00,-1.211159096696229204e-01,8.780903451047662456e-01,1.228677080370950553e-01,8.770212263337474612e-01,1.116735928978305624e-04,7.973538589154427784e-04,4.701574272059833843e-07,0.000000000000000000e+00
1.000000000000000000e+00,6.017286682128906250e+01,2.473675727844238281e+01,8.966666221618652344e+00,5.000000000000000000e+00,1.491370287246030213e-01,8.500810637302372852e-01,-1.211159096696229204e-01,8.780903451047662456e-01,1.103793052385733576e-04,1.116735928978305624e-04,1.675180544905494220e-12,0.000000000000000000e+00
1.000000000000000000e+00,6.017290496826171875e+01,2.473676300048828125e+01,8.966666221618652344e+00,5.000000000000000000e+00,8.675875402768838951e-01,1.301381310415326009e-01,1.491370287246030213e-01,8.500810637302372852e-01,3.857373889190041490e-05,1.103793052385733576e-04,5.156039358366448938e-09,0.000000000000000000e+00
1.000000000000000000e+00,6.017287826538085938e+01,2.473680305480957031e+01,8.966666221618652344e+00,5.000000000000000000e+00,-3.994017099322943465e-01,5.991025648984414920e-01,8.675875402768838951e-01,1.301381310415326009e-01,4.813930307054123918e-05,3.857373889190041490e-05,9.150001805569650510e-11,0.000000000000000000e+00
1.000000000000000000e+00,6.017288970947265625e+01,2.473677253723144531e+01,8.966666221618652344e+00,5.000000000000000000e+00,2.720788741419720713e-01,-7.255436643785920792e-01,-3.994017099322943465e-01,5.991025648984414920e-01,3.259278772475254201e-05,4.813930307054123918e-05,2.416941393968434783e-10,0.000000000000000000e+00
1.000000000000000000e+00,6.017301177978515625e+01,2.473662185668945312e+01,8.983333587646484375e+00,5.000000000000000000e+00,4.473884193149749722e-01,-5.522450800919221914e-01,2.720788741419720713e-01,-7.255436643785920792e-01,1.939221156261117034e-04,3.259278772475254201e-05,2.602715204110425986e-08,0.000000000000000000e+00
1.000000000000000000e+00,6.017330932617187500e+01,2.473674392700195312e+01,8.983333587646484375e+00,5.000000000000000000e+00,7.089219639642532211e-01,2.908397800878987360e-01,4.473884193149749722e-01,-5.522450800919221914e-01,3.216131425225523524e-04,1.939221156261117034e-04,1.630499834986753006e-08,0.000000000000000000e+00
1.000000000000000000e+00,6.017417144775390625e+01,2.473750877380371094e+01,8.983333587646484375e+00,5.000000000000000000e+00,5.298619225969900537e-01,4.700766171712235098e-01,7.089219639642532211e-01,2.908397800878987360e-01,1.152494794939751396e-03,3.216131425225523524e-04,6.903643203235351892e-07,0.000000000000000000e+00
1.000000000000000000e+00,6.017486572265625000e+01,2.473726654052734375e+01,8.983333587646484375e+00,5.000000000000000000e+00,7.412650435097491997e-01,-2.586281882575223734e-01,5.298619225969900537e-01,4.700766171712235098e-01,7.353193865280622816e-04,1.152494794939751396e-03,1.740353213834596067e-07,0.000000000000000000e+00
1.000000000000000000e+00,6.017488098144531250e+01,2.473730087280273438e+01,8.983333587646484375e+00,5.000000000000000000e+00,3.070730971539973875e-01,6.909144685964940802e-01,7.412650435097491997e-01,-2.586281882575223734e-01,3.757041092604104587e-05,7.353193865280622816e-04,4.868536329536700427e-07,0.000000000000000000e+00
1.000000000000000000e+00,6.017491531372070312e+01,2.474069213867187500e+01,8.983333587646484375e+00,5.000000000000000000e+00,1.002197915348516585e-02,9.899488297164792394e-01,3.070730971539973875e-01,6.909144685964940802e-01,3.391439650109023471e-03,3.757041092604104587e-05,1.124843887353783589e-05,0.000000000000000000e+00
1.000000000000000000e+00,6.017491531372070312e+01,2.474069213867187500e+01,9.000000000000000000e+00,5.000000000000000000e+00,0.000000000000000000e+00,0.000000000000000000e+00,1.002197915348516585e-02,9.899488297164792394e-01,0.000000000000000000e+00,3.391439650109023471e-03,1.150186290033161471e-05,0.000000000000000000e+00
1.000000000000000000e+00,6.017525100708007812e+01,2.474287223815917969e+01,9.000000000000000000e+00,5.000000000000000000e+00,1.334291163544689129e-01,8.665311363247610865e-01,0.000000000000000000e+00,0.000000000000000000e+00,2.205793237380746299e-03,0.000000000000000000e+00,4.865523806074633347e-06,0.000000000000000000e+00
1.000000000000000000e+00,6.017545700073242188e+01,2.474316406250000000e+01,9.000000000000000000e+00,5.000000000000000000e+00,4.137099987786055366e-01,5.860891649363578759e-01,1.334291163544689129e-01,8.665311363247610865e-01,3.572041862872377691e-04,2.205793237380746299e-03,3.417281479822798623e-06,0.000000000000000000e+00
1.000000000000000000e+00,6.017673110961914062e+01,2.474207687377929688e+01,9.000000000000000000e+00,5.000000000000000000e+00,5.395571176638040978e-01,-4.604005345334855059e-01,4.137099987786055366e-01,5.860891649363578759e-01,1.674912764785017188e-03,3.572041862872377691e-04,1.736355897846638876e-06,0.000000000000000000e+00
1.000000000000000000e+00,6.017684173583984375e+01,2.474211120605468750e+01,9.000000000000000000e+00,5.000000000000000000e+00,7.626317911887647849e-01,2.366788317482373394e-01,5.395571176638040978e-01,-4.604005345334855059e-01,1.158311954550855706e-04,1.674912764785017188e-03,2.430735339824282330e-06,0.000000000000000000e+00
1.000000000000000000e+00,6.017840957641601562e+01,2.474172019958496094e+01,9.000000000000000000e+00,5.000000000000000000e+00,8.003486257857531649e-01,-1.996003263820917140e-01,7.626317911887647849e-01,2.366788317482373394e-01,1.615862039797638953e-03,1.158311954550855706e-04,2.250092533979033904e-06,0.000000000000000000e+00
1.000000000000000000e+00,6.017981719970703125e+01,2.474269676208496094e+01,9.016666412353515625e+00,5.000000000000000000e+00,5.903752378677831203e-01,4.095828208513617730e-01,8.003486257857531649e-01,-1.996003263820917140e-01,1.713206831009002600e-03,1.615862039797638953e-03,9.476008375983981522e-09,0.000000000000000000e+00
1.000000000000000000e+00,6.018094635009765625e+01,2.474393844604492188e+01,9.016666412353515625e+00,5.000000000000000000e+00,4.762470079974795989e-01,5.237108145377689095e-01,5.903752378677831203e-01,4.095828208513617730e-01,1.678320488188374997e-03,1.713206831009002600e-03,1.217056915398355027e-09,0.000000000000000000e+00
1.000000000000000000e+00,6.018175506591796875e+01,2.474639511108398438e+01,9.016666412353515625e+00,5.000000000000000000e+00,2.476559671114670069e-01,7.523134095272865363e-01,4.762470079974795989e-01,5.237108145377689095e-01,2.586353493274976423e-03,1.678320488188374997e-03,8.245239383266039587e-07,0.000000000000000000e+00
1.000000000000000000e+00,6.018182373046875000e+01,2.474718093872070312e+01,9.016666412353515625e+00,5.000000000000000000e+00,8.034773987592766509e-02,9.195352452467278059e-01,2.476559671114670069e-01,7.523134095272865363e-01,7.888218399391376534e-04,2.586353493274976423e-03,3.231120044744274025e-06,0.000000000000000000e+00
1.000000000000000000e+00,6.018177413940429688e+01,2.474708747863769531e+01,9.016666412353515625e+00,5.000000000000000000e+00,-3.464244983901174080e-01,-6.528769392736827326e-01,8.034773987592766509e-02,9.195352452467278059e-01,1.058019885891621638e-04,7.888218399391376534e-04,4.665161173381426671e-07,0.000000000000000000e+00
1.000000000000000000e+00,6.018176269531250000e+01,2.474712944030761719e+01,9.016666412353515625e+00,5.000000000000000000e+00,-2.138852233714607920e-01,7.842458190286895059e-01,-3.464244983901174080e-01,-6.528769392736827326e-01,4.349424076458503410e-05,1.058019885891621638e-04,3.882255438971096657e-09,0.000000000000000000e+00
1.000000000000000000e+00,6.018178939819335938e+01,2.474743843078613281e+01,9.033333778381347656e+00,5.000000000000000000e+00,7.952176573436742224e-02,9.201804320691087113e-01,-2.138852233714607920e-01,7.842458190286895059e-01,3.101421604031043321e-04,4.349424076458503410e-05,7.110111304755025467e-08,0.000000000000000000e+00
1.000000000000000000e+00,6.018186187744140625e+01,2.474813079833984375e+01,9.033333778381347656e+00,5.000000000000000000e+00,9.475070407552660390e-02,9.051185678793725042e-01,7.952176573436742224e-02,9.201804320691087113e-01,6.961508965943435630e-04,3.101421604031043321e-04,1.490027444159577356e-07,0.000000000000000000e+00
1.000000000000000000e+00,6.018166351318359375e+01,2.475100708007812500e+01,9.033333778381347656e+00,5.000000000000000000e+00,-6.451403077343882686e-02,9.354534462148630380e-01,9.475070407552660390e-02,9.051185678793725042e-01,2.883113771037784049e-03,6.961508965943435630e-04,4.782806614193916159e-06,0.000000000000000000e+00
1.000000000000000000e+00,6.018129730224609375e+01,2.475291061401367188e+01,9.033333778381347656e+00,5.000000000000000000e+00,-1.613374296404780361e-01,8.386185144854014784e-01,-6.451403077343882686e-02,9.354534462148630380e-01,1.938440583181027816e-03,2.883113771037784049e-03,8.924074318554462941e-07,0.000000000000000000e+00
1.000000000000000000e+00,6.018095779418945312e+01,2.475658035278320312e+01,9.033333778381347656e+00,5.000000000000000000e+00,-8.467914385066739602e-02,9.152959144308093764e-01,-1.613374296404780361e-01,8.386185144854014784e-01,3.685410202016137400e-03,1.938440583181027816e-03,3.051902849132888051e-06,0.000000000000000000e+00
1.000000000000000000e+00,6.018097305297851562e+01,2.475684928894042969e+01,9.033333778381347656e+00,5.000000000000000000e+00,5.367238940288908411e-02,9.459758632259200883e-01,-8.467914385066739602e-02,9.152959144308093764e-01,2.693686828631796032e-04,3.685410202016137400e-03,1.166933966057684860e-05,0.000000000000000000e+00
1.000000000000000000e+00,6.018102264404296875e+01,2.475864028930664062e+01,9.050000190734863281e+00,5.000000000000000000e+00,2.694154143762930026e-02,9.730041311513043523e-01,5.367238940288908411e-02,9.459758632259200883e-01,1.791686798924774660e-03,2.693686828631796032e-04,2.317452446489324496e-06,0.000000000000000000e+00
1.000000000000000000e+00,6.018094253540039062e+01,2.475864791870117188e+01,9.050000190734863281e+00,5.000000000000000000e+00,-9.120040157360820299e-01,8.685752530819829120e-02,2.694154143762930026e-02,9.730041311513043523e-01,8.047112697497935477e-05,1.791686798924774660e-03,2.928259075926589534e-06,0.000000000000000000e+00
1.000000000000000000e+00,6.018104934692382812e+01,2.475910949707031250e+01,9.050000190734863281e+00,5.000000000000000000e+00,1.878864071850167294e-01,8.119376881923936473e-01,-9.120040157360820299e-01,8.685752530819829120e-02,4.737755717611015819e-04,8.047112697497935477e-05,1.546883862885198689e-07,0.000000000000000000e+00
1.000000000000000000e+00,6.018103790283203125e+01,2.475972175598144531e+01,9.050000190734863281e+00,5.000000000000000000e+00,-1.834568244001372889e-02,9.814940105407344850e-01,1.878864071850167294e-01,8.119376881923936473e-01,6.123658559215989193e-04,4.737755717611015819e-04,1.920726686368739836e-08,0.000000000000000000e+00
1.000000000000000000e+00,6.018125915527343750e+01,2.476320266723632812e+01,9.050000190734863281e+00,5.000000000000000000e+00,5.976139452952008990e-02,9.402115949687428476e-01,-1.834568244001372889e-02,9.814940105407344850e-01,3.487935751586898354e-03,6.123658559215989193e-04,8.268902224856541059e-06,0.000000000000000000e+00
1.000000000000000000e+00,6.018169784545898438e+01,2.476519966125488281e+01,9.050000190734863281e+00,5.000000000000000000e+00,1.801022376317961415e-01,8.198567078282198439e-01,5.976139452952008990e-02,9.402115949687428476e-01,2.044611011669053742e-03,3.487935751586898354e-03,2.083186304858913955e-06,0.000000000000000000e+00
1.000000000000000000e+00,6.018256378173828125e+01,2.476737213134765625e+01,9.066666603088378906e+00,5.000000000000000000e+00,2.849874817629103330e-01,7.149796073302970845e-01,1.801022376317961415e-01,8.198567078282198439e-01,2.338690219716485497e-03,2.044611011669053742e-03,8.648258060580465347e-08,0.000000000000000000e+00
1.000000000000000000e+00,6.018299484252929688e+01,2.476859474182128906e+01,9.066666603088378906e+00,5.000000000000000000e+00,2.606532113782137339e-01,7.392863207674114090e-01,2.849874817629103330e-01,7.149796073302970845e-01,1.296375630667156087e-03,2.338690219716485497e-03,1.086419702545072466e-06,0.000000000000000000e+00
1.000000000000000000e+00,6.018315887451171875e+01,2.476881599426269531e+01,9.066666603088378906e+00,5.000000000000000000e+00,4.256321020774584407e-01,5.741084167556416151e-01,2.606532113782137339e-01,7.392863207674114090e-01,2.754253693570662942e-04,1.296375630667156087e-03,1.042339436069140620e-06,0.000000000000000000e+00
1.000000000000000000e+00,6.018465042114257812e+01,2.477276992797851562e+01,9.066666603088378906e+00,5.000000000000000000e+00,2.739003992051664005e-01,7.260812372791687341e-01,4.256321020774584407e-01,5.741084167556416151e-01,4.225908562797895535e-03,2.754253693570662942e-04,1.560631746165845515e-05,0.000000000000000000e+00
1.000000000000000000e+00,6.018488693237304688e+01,2.477424049377441406e+01,9.066666603088378906e+00,5.000000000000000000e+00,1.385393704436367335e-01,8.614020533229348464e-01,2.739003992051664005e-01,7.260812372791687341e-01,1.489463434329371845e-03,4.225908562797895535e-03,7.488131941119114926e-06,0.000000000000000000e+00
1.000000000000000000e+00,6.018475723266601562e+01,2.477602195739746094e+01,9.066666603088378906e+00,5.000000000000000000e+00,-6.786072070244154875e-02,9.320869578835354607e-01,1.385393704436367335e-01,8.614020533229348464e-01,1.786178785632415488e-03,1.489463434329371845e-03,8.803999969888860124e-08,0.000000000000000000e+00
1.000000000000000000e+00,6.018367767333984375e+01,2.477722167968750000e+01,9.083333015441894531e+00,5.000000000000000000e+00,-4.736193880366765807e-01,5.263367404153173057e-01,-6.786072070244154875e-02,9.320869578835354607e-01,1.613933676438175343e-03,1.786178785632415488e-03,2.966837764133571006e-08,0.000000000000000000e+00
1.000000000000000000e+00,6.018351745605468750e+01,2.477746582031250000e+01,9.083333015441894531e+00,5.000000000000000000e+00,-3.961284502863473000e-01,6.036243051982435048e-01,-4.736193880366765807e-01,5.263367404153173057e-01,2.920175050202123822e-04,1.613933676438175343e-03,1.747462364256325144e-06,0.000000000000000000e+00
1.000000000000000000e+00,6.018275833129882812e+01,2.477847671508789062e+01,9.083333015441894531e+00,5.000000000000000000e+00,-4.288550815115327874e-01,5.710884251284230606e-01,-3.961284502863473000e-01,6.036243051982435048e-01,1.264190904045199050e-03,2.920175050202123822e-04,9.451211177717959975e-07,0.000000000000000000e+00
1.000000000000000000e+00,6.018149948120117188e+01,2.477923011779785156e+01,9.083333015441894531e+00,5.000000000000000000e+00,-6.255613294503986621e-01,3.743889774741022136e-01,-4.288550815115327874e-01,5.710884251284230606e-01,1.467078461346098175e-03,1.264190904045199050e-03,4.116336090752562334e-08,0.000000000000000000e+00
1.000000000000000000e+00,6.018174743652343750e+01,2.477966117858886719e+01,9.083333015441894531e+00,5.000000000000000000e+00,3.651147681765231634e-01,6.347379815991863738e-01,-6.255613294503986621e-01,3.743889774741022136e-01,4.972878918603049116e-04,1.467078461346098175e-03,9.404937486635791798e-07,0.000000000000000000e+00
1.000000000000000000e+00,6.018217086791992188e+01,2.478172683715820312e+01,9.083333015441894531e+00,5.000000000000000000e+00,1.701081083800822791e-01,8.298517179082391948e-01,3.651147681765231634e-01,6.347379815991863738e-01,2.108610792109273917e-03,4.972878918603049116e-04,2.596361488866748792e-06,0.000000000000000000e+00
1.000000000000000000e+00,6.018221282958984375e+01,2.478238677978515625e+01,9.100000381469726562e+00,5.000000000000000000e+00,5.977409270665300089e-02,9.400834580228153436e-01,1.701081083800822791e-01,8.298517179082391948e-01,6.612753228515517133e-04,2.108610792109273917e-03,2.094779960571471088e-06,0.000000000000000000e+00
1.000000000000000000e+00,6.018294525146484375e+01,2.478568458557128906e+01,9.100000381469726562e+00,5.000000000000000000e+00,1.817276252904302669e-01,8.182475628311299820e-01,5.977409270665300089e-02,9.400834580228153436e-01,3.378159973421858680e-03,6.612753228515517133e-04,7.381462204504538647e-06,0.000000000000000000e+00
1.000000000000000000e+00,6.018309020996093750e+01,2.478648567199707031e+01,9.100000381469726562e+00,5.000000000000000000e+00,1.532096117014315195e-01,8.466846962447530656e-01,1.817276252904302669e-01,8.182475628311299820e-01,8.140960798092200437e-04,3.378159973421858680e-03,6.574423650528005746e-06,0.000000000000000000e+00
1.000000000000000000e+00,6.018318557739257812e+01,2.478729438781738281e+01,9.100000381469726562e+00,5.000000000000000000e+00,1.054735657120632886e-01,8.944158372382966515e-01,1.532096117014315195e-01,8.466846962447530656e-01,8.143194858539547047e-04,8.140960798092200437e-04,4.991026082398538134e-14,0.000000000000000000e+00
1.000000000000000000e+00,6.018318939208984375e+01,2.478764343261718750e+01,9.100000381469726562e+00,5.000000000000000000e+00,1.080774790673809209e-02,9.889089334665355224e-01,1.054735657120632886e-01,8.944158372382966515e-01,3.490656445225206604e-04,8.143194858539547047e-04,2.164611368736552049e-07,0.000000000000000000e+00
1.000000000000000000e+00,6.018296432495117188e+01,2.478960418701171875e+01,9.100000381469726562e+00,5.000000000000000000e+00,-1.029621307321468421e-01,8.969921219715842886e-01,1.080774790673809209e-02,9.889089334665355224e-01,1.973629401023290712e-03,3.490656445225206604e-04,2.639207398935893497e-06,0.000000000000000000e+00
1.000000000000000000e+00,6.018285751342773438e+01,2.479204177856445312e+01,9.116666793823242188e+00,5.000000000000000000e+00,-4.197736070266206571e-02,9.579833388928949978e-01,-1.029621307321468421e-01,8.969921219715842886e-01,2.439930589074414992e-03,1.973629401023290712e-03,2.174367979778899770e-07,0.000000000000000000e+00
1.000000000000000000e+00,6.018281555175781250e+01,2.479227066040039062e+01,9.116666793823242188e+00,5.000000000000000000e+00,-1.548723959586391918e-01,8.447585234107591878e-01,-4.197736070266206571e-02,9.579833388928949978e-01,2.326965332031250000e-04,2.439930589074414992e-03,4.871882177398024947e-06,0.000000000000000000e+00
1.000000000000000000e+00,6.018190002441406250e+01,2.479552078247070312e+01,9.116666793823242188e+00,5.000000000000000000e+00,-2.197749438935080457e-01,7.802010508219535678e-01,-1.548723959586391918e-01,8.447585234107591878e-01,3.376608326277470880e-03,2.326965332031250000e-04,9.884181362631949366e-06,0.000000000000000000e+00
1.000000000000000000e+00,6.018075942993164062e+01,2.479659080505371094e+01,9.116666793823242188e+00,5.000000000000000000e+00,-5.159386971123700594e-01,4.840160686957183933e-01,-2.197749438935080457e-01,7.802010508219535678e-01,1.563938650164365014e-03,3.376608326277470880e-03,3.285771354699992271e-06,0.000000000000000000e+00
1.000000000000000000e+00,6.017972946166992188e+01,2.479745674133300781e+01,9.116666793823242188e+00,5.000000000000000000e+00,-5.432309044824497057e-01,4.567163530278373629e-01,-5.159386971123700594e-01,4.840160686957183933e-01,1.345615197577100389e-03,1.563938650164365014e-03,4.766512994962358771e-08,0.000000000000000000e+00
1.000000000000000000e+00,6.017945480346679688e+01,2.479817581176757812e+01,9.116666793823242188e+00,5.000000000000000000e+00,-2.763637439165891330e-01,7.235356351149589971e-01,-5.432309044824497057e-01,4.567163530278373629e-01,7.697398381381801401e-04,1.345615197577100389e-03,3.316324296089056044e-07,0.000000000000000000e+00
1.000000000000000000e+00,6.017897796630859375e+01,2.479833221435546875e+01,9.133333206176757812e+00,5.000000000000000000e+00,-7.528931527574479476e-01,2.469489541044429526e-01,-2.763637439165891330e-01,7.235356351149589971e-01,5.018320883942324877e-04,7.697398381381801401e-04,7.177456237286568198e-08,0.000000000000000000e+00
1.000000000000000000e+00,6.017910766601562500e+01,2.479944229125976562e+01,9.133333206176757812e+00,5.000000000000000000e+00,1.046069470512222127e-01,8.953123997619313323e-01,-7.528931527574479476e-01,2.469489541044429526e-01,1.117628179430585691e-03,5.018320883942324877e-04,3.792048257356526016e-07,0.000000000000000000e+00
1.000000000000000000e+00,6.017927169799804688e+01,2.480022430419921875e+01,9.133333206176757812e+00,5.000000000000000000e+00,1.733687711358304073e-01,8.265255368103542333e-01,1.046069470512222127e-01,8.953123997619313323e-01,7.990311187490554707e-04,1.117628179430585691e-03,1.015040870749106457e-07,0.000000000000000000e+00
1.000000000000000000e+00,6.017908477783203125e+01,2.480209350585937500e+01,9.133333206176757812e+00,5.000000000000000000e+00,-9.090466973770988668e-02,9.090466973770988668e-01,1.733687711358304073e-01,8.265255368103542333e-01,1.878524419536299270e-03,7.990311187490554707e-04,1.165305786444538889e-06,0.000000000000000000e+00
1.000000000000000000e+00,6.017905426025390625e+01,2.480217933654785156e+01,9.133333206176757812e+00,5.000000000000000000e+00,-2.620698359505723718e-01,7.370714136109848269e-01,-9.090466973770988668e-02,9.090466973770988668e-01,9.109461926467554162e-05,1.878524419536299270e-03,3.194905290899056891e-06,0.000000000000000000e+00
1.000000000000000000e+00,6.017827224731445312e+01,2.480241203308105469e+01,9.133333206176757812e+00,5.000000000000000000e+00,-7.706007487358358388e-01,2.293007105994438188e-01,-2.620698359505723718e-01,7.370714136109848269e-01,8.158994509355120507e-04,9.109461926467554162e-05,5.253420440133895999e-07,0.000000000000000000e+00
1.000000000000000000e+00,6.017769622802734375e+01,2.480260276794433594e+01,9.149999618530273438e+00,5.000000000000000000e+00,-7.511458167318501022e-01,2.487237803747848197e-01,-7.706007487358358388e-01,2.293007105994438188e-01,6.067767358698829923e-04,8.158994509355120507e-04,4.373230995642027761e-08,0.000000000000000000e+00
1.000000000000000000e+00,6.017763137817382812e+01,2.480316734313964844e+01,9.149999618530273438e+00,5.000000000000000000e+00,-1.030139366755055408e-01,8.968272134102835969e-01,-7.511458167318501022e-01,2.487237803747848197e-01,5.682874753706485546e-04,6.067767358698829923e-04,1.481423173777928344e-09,0.000000000000000000e+00
1.000000000000000000e+00,6.017764663696289062e+01,2.480327987670898438e+01,9.149999618530273438e+00,5.000000000000000000e+00,1.193096229796824226e-01,8.799084694751578839e-01,-1.030139366755055408e-01,8.968272134102835969e-01,1.135633517959914909e-04,5.682874753706485546e-04,2.067740285607399849e-07,0.000000000000000000e+00
1.000000000000000000e+00,6.017765045166015625e+01,2.480331420898437500e+01,9.149999618530273438e+00,5.000000000000000000e+00,9.973854139803751961e-02,8.976468725823376626e-01,1.193096229796824226e-01,8.799084694751578839e-01,3.454355292563406868e-05,1.135633517959914909e-04,6.244128613511740528e-09,0.000000000000000000e+00
1.000000000000000000e+00,6.017710876464843750e+01,2.480371665954589844e+01,9.149999618530273438e+00,5.000000000000000000e+00,-5.736766117649638730e-01,4.262174826845330222e-01,9.973854139803751961e-02,8.976468725823376626e-01,6.748268467802087840e-04,3.454355292563406868e-05,4.099626963892637173e-07,0.000000000000000000e+00
1.000000000000000000e+00,6.017752075195312500e+01,2.480401039123535156e+01,9.149999618530273438e+00,5.000000000000000000e+00,5.837010736571607294e-01,4.161572469592719759e-01,-5.736766117649638730e-01,4.262174826845330222e-01,5.059761304771777770e-04,6.748268467802087840e-04,2.851056439604666209e-08,0.000000000000000000e+00
1.000000000000000000e+00,6.017772674560546875e+01,2.480398178100585938e+01,9.166666984558105469e+00,5.000000000000000000e+00,8.776746713023838575e-01,-1.218992599031088753e-01,5.837010736571607294e-01,4.161572469592719759e-01,2.079709836431836722e-04,5.059761304771777770e-04,8.880706753955040592e-08,0.000000000000000000e+00
1.000000000000000000e+00,6.017779541015625000e+01,2.480396080017089844e+01,9.166666984558105469e+00,5.000000000000000000e+00,7.651039684480644976e-01,-2.337817681369085687e-01,8.776746713023838575e-01,-1.218992599031088753e-01,7.179843988311275635e-05,2.079709836431836722e-04,1.854296167408843368e-08,0.000000000000000000e+00
1.000000000000000000e+00,6.017781448364257812e+01,2.480410575866699219e+01,9.166666984558105469e+00,5.000000000000000000e+00,1.162082249095100495e-01,8.831825093122763759e-01,7.651039684480644976e-01,-2.337817681369085687e-01,1.462079459895080594e-04,7.179843988311275635e-05,5.536774598997679938e-09,0.000000000000000000e+00
1.000000000000000000e+00,6.017783737182617188e+01,2.480407142639160156e+01,9.166666984558105469e+00,5.000000000000000000e+00,3.993021688816046355e-01,-5.989532533224070088e-01,1.162082249095100495e-01,8.831825093122763759e-01,4.126225977474963649e-05,1.462079459895080594e-04,1.101359705508653541e-08,0.000000000000000000e+00
1.000000000000000000e+00,6.017782592773437500e+01,2.480395317077636719e+01,9.166666984558105469e+00,5.000000000000000000e+00,-8.816731607968707196e-02,-9.110622661567664426e-01,3.993021688816046355e-01,-5.989532533224070088e-01,1.188080711547655969e-04,4.126225977474963649e-05,6.013352862585011838e-09,0.000000000000000000e+00
1.000000000000000000e+00,6.017775344848632812e+01,2.480404472351074219e+01,9.166666984558105469e+00,5.000000000000000000e+00,-4.415912546561381880e-01,5.577994795656482374e-01,-8.816731607968707196e-02,-9.110622661567664426e-01,1.167696217728726699e-04,1.188080711547655969e-04,4.155275882539656047e-12,0.000000000000000000e+00
1.000000000000000000e+00,6.017761230468750000e+01,2.480425262451171875e+01,9.183333396911621094e+00,5.000000000000000000e+00,-4.042557669685505894e-01,5.954578189131353172e-01,-4.415912546561381880e-01,5.577994795656482374e-01,2.512854913334449758e-04,1.167696217728726699e-04,1.809451916363689857e-08,0.000000000000000000e+00
1.000000000000000000e+00,6.017760848999023438e+01,2.480431747436523438e+01,9.183333396911621094e+00,5.000000000000000000e+00,-5.547476457397510635e-02,9.430709977575768566e-01,-4.042557669685505894e-01,5.954578189131353172e-01,6.496195360537110385e-05,2.512854913334449758e-04,3.471646071150497482e-08,0.000000000000000000e+00
1.000000000000000000e+00,6.017757415771484375e+01,2.480436325073242188e+01,9.183333396911621094e+00,5.000000000000000000e+00,-4.280371078114755257e-01,5.707161437486341082e-01,-5.547476457397510635e-02,9.430709977575768566e-01,5.722045898437500000e-05,6.496195360537110385e-05,5.993073896691161246e-11,0.000000000000000000e+00
1.000000000000000000e+00,6.017755126953125000e+01,2.480439758300781250e+01,9.183333396911621094e+00,5.000000000000000000e+00,-3.993021688816046355e-01,5.989532533224070088e-01,-4.280371078114755257e-01,5.707161437486341082e-01,4.126225977474963649e-05,5.722045898437500000e-05,2.546641220140875748e-10,0.000000000000000000e+00
1.000000000000000000e+00,6.017754745483398438e+01,2.480444335937500000e+01,9.183333396911621094e+00,5.000000000000000000e+00,-7.676827428849934687e-02,9.212192914619922179e-01,-3.993021688816046355e-01,5.989532533224070088e-01,4.593503791348379432e-05,4.126225977474963649e-05,2.183485553383186027e-11,0.000000000000000000e+00
1.000000000000000000e+00,6.017759704589843750e+01,2.480435371398925781e+01,9.183333396911621094e+00,5.000000000000000000e+00,3.559087689087210848e-01,-6.433735437965342197e-01,-7.676827428849934687e-02,9.212192914619922179e-01,1.024478836211836590e-04,4.593503791348379432e-05,3.193701729982291198e-09,0.000000000000000000e+00
1.000000000000000000e+00,6.017766571044921875e+01,2.480431175231933594e+01,9.199999809265136719e+00,5.000000000000000000e+00,6.201290926866439568e-01,-3.789677788640601896e-01,3.559087689087210848e-01,-6.433735437965342197e-01,8.047112697497935477e-05,1.024478836211836590e-04,4.829778326864850078e-10,0.000000000000000000e+00
1.000000000000000000e+00,6.017778396606445312e+01,2.480406951904296875e+01,9.199999809265136719e+00,5.000000000000000000e+00,3.279513539896928287e-01,-6.717713218821127485e-01,6.201290926866439568e-01,-3.789677788640601896e-01,2.695576945925357449e-04,8.047112697497935477e-05,3.575373005338872856e-08,0.000000000000000000e+00
1.000000000000000000e+00,6.017782974243164062e+01,2.480396842956542969e+01,9.199999809265136719e+00,5.000000000000000000e+00,3.114762295461865893e-01,-6.878433402478287828e-01,3.279513539896928287e-01,-6.717713218821127485e-01,1.109709793685062859e-04,2.695576945925357449e-04,2.514974624554742198e-08,0.000000000000000000e+00
1.000000000000000000e+00,6.017782974243164062e+01,2.480404663085937500e+01,9.199999809265136719e+00,5.000000000000000000e+00,0.000000000000000000e+00,9.987228818968196808e-01,3.114762295461865893e-01,-6.878433402478287828e-01,7.820129394531250000e-05,1.109709793685062859e-04,1.073852282735079304e-09,0.000000000000000000e+00
1.000000000000000000e+00,6.017782211303710938e+01,2.480397415161132812e+01,9.199999809265136719e+00,5.000000000000000000e+00,-9.511935729143901341e-02,-9.036338942686705789e-01,0.000000000000000000e+00,9.987228818968196808e-01,7.287968892876739153e-05,7.820129394531250000e-05,2.831947995211806460e-11,0.000000000000000000e+00
1.000000000000000000e+00,6.017775726318359375e+01,2.480377578735351562e+01,9.199999809265136719e+00,5.000000000000000000e+00,-2.462832439497073256e-01,-7.533369814932223685e-01,-9.511935729143901341e-02,-9.036338942686705789e-01,2.086956690458668647e-04,7.287968892876739153e-05,1.844598045516835988e-08,0.000000000000000000e+00
1.000000000000000000e+00,6.017757415771484375e+01,2.480321121215820312e+01,9.216666221618652344e+00,5.000000000000000000e+00,-2.448652092115288226e-01,-7.550010617355471521e-01,-2.462832439497073256e-01,-7.533369814932223685e-01,5.935257061394263577e-04,2.086956690458668647e-04,1.480941574494304040e-07,0.000000000000000000e+00
1.000000000000000000e+00,6.017763137817382812e+01,2.480325126647949219e+01,9.216666221618652344e+00,5.000000000000000000e+00,5.876312000262756685e-01,4.113418400183930235e-01,-2.448652092115288226e-01,-7.550010617355471521e-01,6.984647149505826904e-05,5.935257061394263577e-04,2.742399407977111121e-07,0.000000000000000000e+00
1.000000000000000000e+00,6.017767715454101562e+01,2.480328369140625000e+01,9.216666221618652344e+00,5.000000000000000000e+00,5.846182723298456452e-01,4.141046095669740357e-01,5.876312000262756685e-01,4.113418400183930235e-01,5.609680622044655639e-05,6.984647149505826904e-05,1.890532951638631915e-10,0.000000000000000000e+00
1.000000000000000000e+00,6.017930984497070312e+01,2.480129814147949219e+01,9.233333587646484375e+00,5.000000000000000000e+00,4.512263272246364032e-01,-5.487460357953813928e-01,5.846182723298456452e-01,4.141046095669740357e-01,2.570619876769241093e-03,5.609680622044655639e-05,6.322826272322137915e-06,0.000000000000000000e+00
1.000000000000000000e+00,6.017955780029296875e+01,2.479985618591308594e+01,9.233333587646484375e+00,5.000000000000000000e+00,1.467181802955631054e-01,-8.532226484880439665e-01,4.512263272246364032e-01,-5.487460357953813928e-01,1.463119167166440767e-03,2.570619876769241093e-03,1.226557821770706203e-06,0.000000000000000000e+00
1.000000000000000000e+00,6.017900466918945312e+01,2.479903984069824219e+01,9.233333587646484375e+00,5.000000000000000000e+00,-4.038702305967327155e-01,-5.960567541220744836e-01,1.467181802955631054e-01,-8.532226484880439665e-01,9.860900199650645542e-04,1.463119167166440767e-03,2.275568072796722454e-07,0.000000000000000000e+00
1.000000000000000000e+00,6.017908096313476562e+01,2.479860687255859375e+01,9.233333587646484375e+00,5.000000000000000000e+00,1.497833222477698012e-01,-8.500203537560936384e-01,-4.038702305967327155e-01,-5.960567541220744836e-01,4.396386880632499931e-04,9.860900199650645542e-04,2.986090581372670584e-07,0.000000000000000000e+00
1.000000000000000000e+00,6.018048477172851562e+01,2.479710388183593750e+01,9.250000000000000000e+00,5.000000000000000000e+00,4.829230189800672868e-01,-5.170425801036589997e-01,1.497833222477698012e-01,-8.500203537560936384e-01,2.056613643900358050e-03,4.396386880632499931e-04,2.614608007804417298e-06,0.000000000000000000e+00
1.000000000000000000e+00,6.018162918090820312e+01,2.479586219787597656e+01,9.250000000000000000e+00,5.000000000000000000e+00,4.795962073112439161e-01,-5.203618849326996365e-01,4.829230189800672868e-01,-5.170425801036589997e-01,1.688624122466954444e-03,2.056613643900358050e-03,1.354162878847853995e-07,0.000000000000000000e+00
1.000000000000000000e+00,6.018163681030273438e+01,2.479581260681152344e+01,9.250000000000000000e+00,5.000000000000000000e+00,1.331007229605348785e-01,-8.651546992434767658e-01,4.795962073112439161e-01,-5.203618849326996365e-01,5.017450881182062281e-05,1.688624122466954444e-03,2.684517136486657056e-06,0.000000000000000000e+00
1.000000000000000000e+00,6.018256378173828125e+01,2.479527664184570312e+01,9.250000000000000000e+00,5.000000000000000000e+00,6.335942391321451872e-01,-3.663374098685860392e-01,1.331007229605348785e-01,-8.651546992434767658e-01,1.070763506525415328e-03,5.017450881182062281e-05,1.041601902254039819e-06,0.000000000000000000e+00
1.000000000000000000e+00,6.018329620361328125e+01,2.479776382446289062e+01,9.250000000000000000e+00,5.000000000000000000e+00,2.274810861609181944e-01,7.724878550881180139e-01,6.335942391321451872e-01,-3.663374098685860392e-01,2.592782130110082503e-03,1.070763506525415328e-03,2.316540690538564914e-06,0.000000000000000000e+00
1.000000000000000000e+00,6.018330383300781250e+01,2.479789543151855469e+01,9.250000000000000000e+00,5.000000000000000000e+00,5.475519521672631701e-02,9.445271174885290222e-01,2.274810861609181944e-01,7.724878550881180139e-01,1.318280120516012116e-04,2.592782130110082503e-03,6.056295171188997926e-06,0.000000000000000000e+00
1.000000000000000000e+00,6.018398284912109375e+01,2.479960250854492188e+01,9.266666412353515625e+00,5.000000000000000000e+00,2.845604163380047180e-01,7.153976759059388346e-01,5.475519521672631701e-02,9.445271174885290222e-01,1.837164896258965336e-03,1.318280120516012116e-04,2.908173888638080609e-06,0.000000000000000000e+00
1.000000000000000000e+00,6.018462371826171875e+01,2.480380058288574219e+01,9.266666412353515625e+00,5.000000000000000000e+00,1.324371527311812569e-01,8.675421820277677831e-01,2.845604163380047180e-01,7.153976759059388346e-01,4.246709482229662005e-03,1.837164896258965336e-03,5.805905111780696907e-06,0.000000000000000000e+00
1.000000000000000000e+00,6.018487167358398438e+01,2.480581474304199219e+01,9.266666412353515625e+00,5.000000000000000000e+00,1.096072963077431295e-01,8.903484992382826313e-01,1.324371527311812569e-01,8.675421820277677831e-01,2.029365165973062105e-03,4.246709482229662005e-03,4.916615816835448348e-06,0.000000000000000000e+00
1.000000000000000000e+00,6.018524551391601562e+01,2.480817985534667969e+01,9.266666412353515625e+00,5.000000000000000000e+00,1.364852675774395896e-01,8.634782234491076292e-01,1.096072963077431295e-01,8.903484992382826313e-01,2.394475476516193767e-03,2.029365165973062105e-03,1.333055388649020413e-07,0.000000000000000000e+00
1.000000000000000000e+00,6.018538665771484375e+01,2.480868530273437500e+01,9.266666412353515625e+00,5.000000000000000000e+00,2.182553307814558419e-01,7.815900359065648395e-01,1.364852675774395896e-01,8.634782234491076292e-01,5.247843687417240400e-04,2.394475476516193767e-03,3.495744838490923423e-06,0.000000000000000000e+00
1.000000000000000000e+00,6.018542861938476562e+01,2.480875396728515625e+01,9.266666412353515625e+00,5.000000000000000000e+00,3.789677788640601896e-01,6.201290926866439568e-01,2.182553307814558419e-01,7.815900359065648395e-01,8.047112697497935477e-05,5.247843687417240400e-04,1.974142568092737262e-07,0.000000000000000000e+00
1.000000000000000000e+00,6.018545150756835938e+01,2.480886840820312500e+01,9.283333778381347656e+00,5.000000000000000000e+00,1.665453920132113630e-01,8.327269600660567317e-01,3.789677788640601896e-01,6.201290926866439568e-01,1.167072947752254887e-04,8.047112697497935477e-05,1.313059856847594636e-09,0.000000000000000000e+00
1.000000000000000000e+00,6.018563461303710938e+01,2.480917930603027344e+01,9.283333778381347656e+00,5.000000000000000000e+00,3.705813546883062748e-01,6.292162584811866743e-01,1.665453920132113630e-01,8.327269600660567317e-01,3.608116844169226029e-04,1.167072947752254887e-04,5.958695304234548425e-08,0.000000000000000000e+00
1.000000000000000000e+00,6.018582153320312500e+01,2.480997848510742188e+01,9.283333778381347656e+00,5.000000000000000000e+00,1.895359049515405736e-01,8.103626956601581721e-01,3.705813546883062748e-01,6.292162584811866743e-01,8.207474311961853461e-04,3.608116844169226029e-04,2.115408911653980885e-07,0.000000000000000000e+00
1.000000000000000000e+00,6.018629837036132812e+01,2.481182098388671875e+01,9.283333778381347656e+00,5.000000000000000000e+00,2.055832413794032865e-01,7.943736446900142578e-01,1.895359049515405736e-01,8.103626956601581721e-01,1.903201362744811167e-03,8.207474311961853461e-04,1.171706513925076821e-06,0.000000000000000000e+00
1.000000000000000000e+00,6.018721771240234375e+01,2.481281852722167969e+01,9.283333778381347656e+00,5.000000000000000000e+00,4.795769714973898146e-01,5.203708632637652487e-01,2.055832413794032865e-01,7.943736446900142578e-01,1.356570121115662940e-03,1.903201362744811167e-03,2.988057143250242540e-07,0.000000000000000000e+00
1.000000000000000000e+00,6.018728256225585938e+01,2.481284713745117188e+01,9.283333778381347656e+00,5.000000000000000000e+00,6.931359125687166500e-01,3.057952555450220711e-01,4.795769714973898146e-01,5.203708632637652487e-01,7.088052435326402760e-05,1.356570121115662940e-03,1.652997739223059823e-06,0.000000000000000000e+00
1.000000000000000000e+00,6.018692779541015625e+01,2.481711387634277344e+01,9.300000190734863281e+00,5.000000000000000000e+00,-7.676268073659273106e-02,9.232156817621394174e-01,6.931359125687166500e-01,3.057952555450220711e-01,4.281462400152017192e-03,7.088052435326402760e-05,1.772899973280495011e-05,0.000000000000000000e+00
1.000000000000000000e+00,6.018688964843750000e+01,2.481719970703125000e+01,9.300000190734863281e+00,5.000000000000000000e+00,-3.074443240465142835e-01,6.917497291046571517e-01,-7.676268073659273106e-02,9.232156817621394174e-01,9.392602731510262145e-05,4.281462400152017192e-03,1.753546087383214372e-05,0.000000000000000000e+00
1.000000000000000000e+00,6.018663024902343750e+01,2.481975173950195312e+01,9.300000190734863281e+00,5.000000000000000000e+00,-9.226266131572755103e-02,9.077017708856137679e-01,-3.074443240465142835e-01,6.917497291046571517e-01,2.565181823485240646e-03,9.392602731510262145e-05,6.107105210104502259e-06,0.000000000000000000e+00
1.000000000000000000e+00,6.018693161010742188e+01,2.482007217407226562e+01,9.300000190734863281e+00,5.000000000000000000e+00,4.845846435847804834e-01,5.152545577357159345e-01,-9.226266131572755103e-02,9.077017708856137679e-01,4.398827307267176882e-04,2.565181823485240646e-03,4.516896233680200598e-06,0.000000000000000000e+00
1.000000000000000000e+00,6.018728637695312500e+01,2.482067871093750000e+01,9.300000190734863281e+00,5.000000000000000000e+00,3.690092327157535879e-01,6.308867527075786574e-01,4.845846435847804834e-01,5.152545577357159345e-01,7.026709640354347796e-04,4.398827307267176882e-04,6.905765556551673098e-08,0.000000000000000000e+00
1.000000000000000000e+00,6.018743133544921875e+01,2.482106590270996094e+01,9.300000190734863281e+00,5.000000000000000000e+00,2.723502544909582324e-01,7.274618639692700395e-01,3.690092327157535879e-01,6.308867527075786574e-01,4.134373401752726679e-04,7.026709640354347796e-04,8.365608917128173185e-08,0.000000000000000000e+00
1.000000000000000000e+00,6.018755722045898438e+01,2.482131767272949219e+01,9.316666603088378906e+00,5.000000000000000000e+00,3.332450927256692119e-01,6.664901854513384238e-01,2.723502544909582324e-01,7.274618639692700395e-01,2.814874391841623688e-04,4.134373401752726679e-04,1.741077637156381130e-08,0.000000000000000000e+00
1.000000000000000000e+00,6.018762207031250000e+01,2.482129669189453125e+01,9.316666603088378906e+00,5.000000000000000000e+00,7.546762939448893315e-01,-2.441599774527583311e-01,3.332450927256692119e-01,6.664901854513384238e-01,6.815936426241163870e-05,2.814874391841623688e-04,4.550886754982009223e-08,0.000000000000000000e+00
1.000000000000000000e+00,6.018767166137695312e+01,2.482137680053710938e+01,9.316666603088378906e+00,5.000000000000000000e+00,3.820583696786439831e-01,6.171712125578094899e-01,7.546762939448893315e-01,-2.441599774527583311e-01,9.421607235129141500e-05,6.815936426241163870e-05,6.789520364290927351e-10,0.000000000000000000e+00
1.000000000000000000e+00,6.018763732910156250e+01,2.482139587402343750e+01,9.316666603088378906e+00,5.000000000000000000e+00,-6.416556701143824037e-01,3.564753722857679774e-01,3.820583696786439831e-01,6.171712125578094899e-01,3.927471214670944519e-05,9.421607235129141500e-05,3.018553061129623143e-09,0.000000000000000000e+00
1.000000000000000000e+00,6.018764114379882812e+01,2.482164955139160156e+01,9.316666603088378906e+00,5.000000000000000000e+00,1.480906354495714096e-02,9.848027257396498868e-01,-6.416556701143824037e-01,3.564753722857679774e-01,2.537060484771178548e-04,3.927471214670944519e-05,4.598079800044472710e-08,0.000000000000000000e+00
1.000000000000000000e+00,6.018758773803710938e+01,2.482150077819824219e+01,9.316666603088378906e+00,5.000000000000000000e+00,-2.640203559392691468e-01,-7.354852772593926113e-01,1.480906354495714096e-02,9.848027257396498868e-01,1.580684612663319389e-04,2.537060484771178548e-04,9.146548087500681212e-09,0.000000000000000000e+00
1.000000000000000000e+00,6.018748092651367188e+01,2.482132339477539062e+01,9.333333015441894531e+00,5.000000000000000000e+00,-3.757067258202235749e-01,-6.239415268085856114e-01,-2.640203559392691468e-01,-7.354852772593926113e-01,2.070593640518965633e-04,1.580684612663319389e-04,2.400108555744643881e-09,0.000000000000000000e+00
1.000000000000000000e+00,6.018725967407226562e+01,2.482108306884765625e+01,9.333333015441894531e+00,5.000000000000000000e+00,-4.792350176987771881e-01,-5.205483812934993404e-01,-3.757067258202235749e-01,-6.239415268085856114e-01,3.266637328654868155e-04,2.070593640518965633e-04,1.430520503929731989e-08,0.000000000000000000e+00
1.000000000000000000e+00,6.018725204467773438e+01,2.482113075256347656e+01,9.333333015441894531e+00,5.000000000000000000e+00,-1.376821204015823974e-01,8.605132525098899698e-01,-4.792350176987771881e-01,-5.205483812934993404e-01,4.829021034687867533e-05,3.266637328654868155e-04,7.749181803941803300e-08,0.000000000000000000e+00
1.000000000000000000e+00,6.018725204467773438e+01,2.482113075256347656e+01,9.333333015441894531e+00,5.000000000000000000e+00,0.000000000000000000e+00,0.000000000000000000e+00,-1.376821204015823974e-01,8.605132525098899698e-01,0.000000000000000000e+00,4.829021034687867533e-05,2.331944415345788416e-09,0.000000000000000000e+00
1.000000000000000000e+00,6.018725204467773438e+01,2.482113075256347656e+01,9.333333015441894531e+00,5.000000000000000000e+00,0.000000000000000000e+00,0.000000000000000000e+00,0.000000000000000000e+00,0.000000000000000000e+00,0.000000000000000000e+00,0.000000000000000000e+00,0.000000000000000000e+00,0.000000000000000000e+00
1.000000000000000000e+00,6.018690490722656250e+01,2.482163810729980469e+01,9.333333015441894531e+00,5.000000000000000000e+00,-4.062024627060787374e-01,5.936805224165766504e-01,0.000000000000000000e+00,0.000000000000000000e+00,6.147464830974530992e-04,0.000000000000000000e+00,3.779132384806871944e-07,0.000000000000000000e+00
1.000000000000000000e+00,6.018690109252929688e+01,2.482167434692382812e+01,9.350000381469726562e+00,5.000000000000000000e+00,-9.500091504881374993e-02,9.025086929637305966e-01,-4.062024627060787374e-01,5.936805224165766504e-01,3.643984446438369577e-05,6.147464830974530992e-04,3.344385682870794927e-07,0.000000000000000000e+00
1.000000000000000000e+00,6.018696975708007812e+01,2.482157135009765625e+01,9.350000381469726562e+00,5.000000000000000000e+00,3.997671187742578569e-01,-5.996506781613868409e-01,-9.500091504881374993e-02,9.025086929637305966e-01,1.237867793242489027e-04,3.643984446438369577e-05,7.629487029413536484e-09,0.000000000000000000e+00
1.000000000000000000e+00,6.018696975708007812e+01,2.482157135009765625e+01,9.350000381469726562e+00,5.000000000000000000e+00,0.000000000000000000e+00,0.000000000000000000e+00,3.997671187742578569e-01,-5.996506781613868409e-01,0.000000000000000000e+00,1.237867793242489027e-04,1.532316673547029495e-08,0.000000000000000000e+00
1.000000000000000000e+00,6.018696975708007812e+01,2.482157135009765625e+01,9.350000381469726562e+00,5.000000000000000000e+00,0.000000000000000000e+00,0.000000000000000000e+00,0.000000000000000000e+00,0.000000000000000000e+00,0.000000000000000000e+00,0.000000000000000000e+00,0.000000000000000000e+00,0.000000000000000000e+00
1.000000000000000000e+00,6.018698120117187500e+01,2.482153892517089844e+01,9.350000381469726562e+00,5.000000000000000000e+00,2.602762620830652018e-01,-7.374494092353512942e-01,0.000000000000000000e+00,0.000000000000000000e+00,3.438521647895802702e-05,0.000000000000000000e+00,1.182343112304806709e-09,0.000000000000000000e+00
1.000000000000000000e+00,6.018699264526367188e+01,2.482152366638183594e+01,9.350000381469726562e+00,5.000000000000000000e+00,4.269724533313415948e-01,-5.692966044417887561e-01,2.602762620830652018e-01,-7.374494092353512942e-01,1.907348632812500000e-05,3.438521647895802702e-05,2.344490802119291927e-10,0.000000000000000000e+00
1.000000000000000000e+00,6.018697738647460938e+01,2.482157325744628906e+01,9.366666793823242188e+00,5.000000000000000000e+00,-2.349318472108515021e-01,7.635285034352674582e-01,4.269724533313415948e-01,-5.692966044417887561e-01,5.188549235815217569e-05,1.907348632812500000e-05,1.076627739714539657e-09,0.000000000000000000e+00
1.000000000000000000e+00,6.018695831298828125e+01,2.482159423828125000e+01,9.366666793823242188e+00,5.000000000000000000e+00,-4.750045752440687497e-01,5.225050327684755969e-01,-2.349318472108515021e-01,7.635285034352674582e-01,2.835477590049458700e-05,5.188549235815217569e-05,5.536946170106777118e-10,0.000000000000000000e+00
1.000000000000000000e+00,6.018696975708007812e+01,2.482157135009765625e+01,9.366666793823242188e+00,5.000000000000000000e+00,3.323652493785212991e-01,-6.647304987570425983e-01,-4.750045752440687497e-01,5.225050327684755969e-01,2.558976719856021658e-05,2.835477590049458700e-05,7.645273121772791982e-12,0.000000000000000000e+00
1.000000000000000000e+00,6.018726348876953125e+01,2.482224082946777344e+01,1.488333320617675781e+01,5.000000000000000000e+00,0.000000000000000000e+00,0.000000000000000000e+00,3.323652493785212991e-01,-6.647304987570425983e-01,0.000000000000000000e+00,2.558976719856021658e-05,6.548361852765084347e-10,0.000000000000000000e+00
1.000000000000000000e+00,6.018746948242187500e+01,2.482258033752441406e+01,1.488333320617675781e+01,5.000000000000000000e+00,3.775531655265568221e-01,6.222635505900658837e-01,0.000000000000000000e+00,0.000000000000000000e+00,3.971134665681983465e-04,0.000000000000000000e+00,1.576991053298115730e-07,0.000000000000000000e+00
1.000000000000000000e+00,6.018723678588867188e+01,2.482032585144042969e+01,1.488333320617675781e+01,5.000000000000000000e+00,-9.355452074290097897e-02,-9.064052747385979991e-01,3.775531655265568221e-01,6.222635505900658837e-01,2.266463143191160563e-03,3.971134665681983465e-04,3.494468213490373584e-06,0.000000000000000000e+00
1.000000000000000000e+00,6.018689346313476562e+01,2.482106971740722656e+01,1.488333320617675781e+01,5.000000000000000000e+00,-3.157604299290724947e-01,6.841475981796570904e-01,-9.355452074290097897e-02,-9.064052747385979991e-01,8.192722928968249703e-04,2.266463143191160563e-03,2.094361357175641725e-06,0.000000000000000000e+00
1.000000000000000000e+00,6.018691635131835938e+01,2.482045936584472656e+01,1.488333320617675781e+01,5.000000000000000000e+00,3.613887133235750559e-02,-9.637032355295334085e-01,-3.157604299290724947e-01,6.841475981796570904e-01,6.107805651741160611e-04,8.192722928968249703e-04,4.346880052880018688e-08,0.000000000000000000e+00
1.000000000000000000e+00,6.018687820434570312e+01,2.482038688659667969e+01,1.488333320617675781e+01,5.000000000000000000e+00,-3.445161626036911118e-01,-6.545807089470130347e-01,3.613887133235750559e-02,-9.637032355295334085e-01,8.190502377923541261e-05,6.107805651741160611e-04,2.797093382857281835e-07,0.000000000000000000e+00
1.000000000000000000e+00,6.018679428100585938e+01,2.482048988342285156e+01,1.489999961853027344e+01,5.000000000000000000e+00,-4.487395216874015547e-01,5.507257766163564661e-01,-3.445161626036911118e-01,-6.545807089470130347e-01,1.328588467961730793e-04,8.190502377923541261e-05,2.596292080041406694e-09,0.000000000000000000e+00
1.000000000000000000e+00,6.018609619140625000e+01,2.482301521301269531e+01,1.489999961853027344e+01,5.000000000000000000e+00,-2.165613289641396544e-01,7.834076490396746362e-01,-4.487395216874015547e-01,5.507257766163564661e-01,2.620041722267639830e-03,1.328588467961730793e-04,6.186078656038513342e-06,0.000000000000000000e+00
1.000000000000000000e+00,6.018609619140625000e+01,2.482301521301269531e+01,1.489999961853027344e+01,5.000000000000000000e+00,0.000000000000000000e+00,0.000000000000000000e+00,-2.165613289641396544e-01,7.834076490396746362e-01,0.000000000000000000e+00,2.620041722267639830e-03,6.864618626423180103e-06,0.000000000000000000e+00
1.000000000000000000e+00,6.018609619140625000e+01,2.482301521301269531e+01,1.489999961853027344e+01,5.000000000000000000e+00,0.000000000000000000e+00,0.000000000000000000e+00,0.000000000000000000e+00,0.000000000000000000e+00,0.000000000000000000e+00,0.000000000000000000e+00,0.000000000000000000e+00,0.000000000000000000e+00
1.000000000000000000e+00,6.018544769287109375e+01,2.482624053955078125e+01,1.489999961853027344e+01,5.000000000000000000e+00,-1.674008977704633250e-01,8.325732886172160230e-01,0.000000000000000000e+00,0.000000000000000000e+00,3.289875624910646931e-03,0.000000000000000000e+00,1.082328162738122046e-05,0.000000000000000000e+00
1.000000000000000000e+00,6.018484878540039062e+01,2.482711029052734375e+01,1.489999961853027344e+01,5.000000000000000000e+00,-4.077644433760403975e-01,5.921674719091541972e-01,-1.674008977704633250e-01,8.325732886172160230e-01,1.056009905112370150e-03,3.289875624910646931e-03,4.990156054089872873e-06,0.000000000000000000e+00
1.000000000000000000e+00,6.018174743652343750e+01,2.482407760620117188e+01,1.491666698455810547e+01,5.000000000000000000e+00,-5.055887725706966762e-01,-4.943949252075078293e-01,-4.077644433760403975e-01,5.921674719091541972e-01,4.337688218254853560e-03,1.056009905112370150e-03,1.076941255094969563e-05,0.000000000000000000e+00
1.000000000000000000e+00,6.018208312988281250e+01,2.482483291625976562e+01,1.491666698455810547e+01,5.000000000000000000e+00,3.076641075874756992e-01,6.922442420718203371e-01,-5.055887725706966762e-01,-4.943949252075078293e-01,8.265490403729030362e-04,4.337688218254853560e-03,1.232809832645753907e-05,0.000000000000000000e+00
1.000000000000000000e+00,6.018199920654296875e+01,2.482473182678222656e+01,1.491666698455810547e+01,5.000000000000000000e+00,-4.533632032091916009e-01,-5.460965856837989296e-01,3.076641075874756992e-01,6.922442420718203371e-01,1.313857276862680440e-04,8.265490403729030362e-04,4.832520313054562257e-07,0.000000000000000000e+00
1.000000000000000000e+00,6.018199920654296875e+01,2.482473182678222656e+01,1.491666698455810547e+01,5.000000000000000000e+00,0.000000000000000000e+00,0.000000000000000000e+00,-4.533632032091916009e-01,-5.460965856837989296e-01,0.000000000000000000e+00,1.313857276862680440e-04,1.726220943965018126e-08,0.000000000000000000e+00
1.000000000000000000e+00,6.018017578125000000e+01,2.482393646240234375e+01,1.491666698455810547e+01,5.000000000000000000e+00,-6.962589191408450340e-01,-3.037028967382137679e-01,0.000000000000000000e+00,0.000000000000000000e+00,1.989342679335197751e-03,0.000000000000000000e+00,3.957484295824543489e-06,0.000000000000000000e+00
1.000000000000000000e+00,6.017980575561523438e+01,2.482350349426269531e+01,1.491666698455810547e+01,5.000000000000000000e+00,-4.607502218973069108e-01,-5.391252596427250632e-01,-6.962589191408450340e-01,-3.037028967382137679e-01,5.695440108844378353e-04,1.989342679335197751e-03,2.015828258934550985e-06,0.000000000000000000e+00
1.000000000000000000e+00,6.017952728271484375e+01,2.482316970825195312e+01,1.493333339691162109e+01,5.000000000000000000e+00,-4.547543855865077145e-01,-5.450823114906770961e-01,-4.607502218973069108e-01,-5.391252596427250632e-01,4.346955914420465674e-04,5.695440108844378353e-04,1.818409622611108775e-08,0.000000000000000000e+00
1.000000000000000000e+00,6.017952728271484375e+01,2.482316970825195312e+01,1.493333339691162109e+01,5.000000000000000000e+00,0.000000000000000000e+00,0.000000000000000000e+00,-4.547543855865077145e-01,-5.450823114906770961e-01,0.000000000000000000e+00,4.346955914420465674e-04,1.889602572191506624e-07,0.000000000000000000e+00
1.000000000000000000e+00,6.017932510375976562e+01,2.482292938232421875e+01,1.493333339691162109e+01,5.000000000000000000e+00,-4.567933227337976354e-01,-5.429807421175329996e-01,0.000000000000000000e+00,0.000000000000000000e+00,3.140587228813594613e-04,0.000000000000000000e+00,9.863288141787053478e-08,0.000000000000000000e+00
1.000000000000000000e+00,6.017932510375976562e+01,2.482292938232421875e+01,1.493333339691162109e+01,5.000000000000000000e+00,0.000000000000000000e+00,0.000000000000000000e+00,-4.567933227337976354e-01,-5.429807421175329996e-01,0.000000000000000000e+00,3.140587228813594613e-04,9.863288141787053478e-08,0.000000000000000000e+00
1.000000000000000000e+00,6.017932510375976562e+01,2.482292938232421875e+01,1.493333339691162109e+01,5.000000000000000000e+00,0.000000000000000000e+00,0.000000000000000000e+00,0.000000000000000000e+00,0.000000000000000000e+00,0.000000000000000000e+00,0.000000000000000000e+00,0.000000000000000000e+00,0.000000000000000000e+00
1.000000000000000000e+00,6.017932510375976562e+01,2.482292938232421875e+01,1.493333339691162109e+01,5.000000000000000000e+00,0.000000000000000000e+00,0.000000000000000000e+00,0.000000000000000000e+00,0.000000000000000000e+00,0.000000000000000000e+00,0.000000000000000000e+00,0.000000000000000000e+00,0.000000000000000000e+00
1.000000000000000000e+00,6.017932510375976562e+01,2.482292938232421875e+01,1.494999980926513672e+01,5.000000000000000000e+00,0.000000000000000000e+00,0.000000000000000000e+00,0.000000000000000000e+00,0.000000000000000000e+00,0.000000000000000000e+00,0.000000000000000000e+00,0.000000000000000000e+00,0.000000000000000000e+00
1.000000000000000000e+00,6.017642211914062500e+01,2.482696914672851562e+01,1.494999980926513672e+01,5.000000000000000000e+00,-4.181258456493581188e-01,5.818597510416165797e-01,0.000000000000000000e+00,0.000000000000000000e+00,4.974637287400069524e-03,0.000000000000000000e+00,2.474701614119112153e-05,0.000000000000000000e+00
1.000000000000000000e+00,6.017398834228515625e+01,2.482685279846191406e+01,1.494999980926513672e+01,5.000000000000000000e+00,-9.543380442793898411e-01,-4.562274349611503133e-02,-4.181258456493581188e-01,5.818597510416165797e-01,2.436556320169214803e-03,4.974637287400069524e-03,6.441854996219511037e-06,0.000000000000000000e+00
1.000000000000000000e+00,6.017374801635742188e+01,2.482688903808593750e+01,1.494999980926513672e+01,5.000000000000000000e+00,-8.686514320537871425e-01,1.309871207065234633e-01,-9.543380442793898411e-01,-4.562274349611503133e-02,2.430429219104068828e-04,2.436556320169214803e-03,4.811501028340904856e-06,0.000000000000000000e+00
1.000000000000000000e+00,6.017368698120117188e+01,2.482712745666503906e+01,1.494999980926513672e+01,5.000000000000000000e+00,-2.037536142834869557e-01,7.959125557948709684e-01,-8.686514320537871425e-01,1.309871207065234633e-01,2.461071091197284647e-04,2.430429219104068828e-04,9.389243253769984234e-12,0.000000000000000000e+00
1.000000000000000000e+00,6.017363357543945312e+01,2.482713317871093750e+01,1.494999980926513672e+01,5.000000000000000000e+00,-9.017008035133148303e-01,9.661080037642659490e-02,-2.037536142834869557e-01,7.959125557948709684e-01,5.371142517215241665e-05,2.461071091197284647e-04,3.701609920165557610e-08,0.000000000000000000e+00
1.000000000000000000e+00,6.017363357543945312e+01,2.482713317871093750e+01,1.496666622161865234e+01,5.000000000000000000e+00,0.000000000000000000e+00,0.000000000000000000e+00,-9.017008035133148303e-01,9.661080037642659490e-02,0.000000000000000000e+00,5.371142517215241665e-05,2.884917194023728371e-09,0.000000000000000000e+00
1.000000000000000000e+00,6.017363357543945312e+01,2.482713317871093750e+01,1.496666622161865234e+01,5.000000000000000000e+00,0.000000000000000000e+00,0.000000000000000000e+00,0.000000000000000000e+00,0.000000000000000000e+00,0.000000000000000000e+00,0.000000000000000000e+00,0.000000000000000000e+00,0.000000000000000000e+00
1.000000000000000000e+00,6.017363357543945312e+01,2.482713317871093750e+01,1.496666622161865234e+01,5.000000000000000000e+00,0.000000000000000000e+00,0.000000000000000000e+00,0.000000000000000000e+00,0.000000000000000000e+00,0.000000000000000000e+00,0.000000000000000000e+00,0.000000000000000000e+00,0.000000000000000000e+00
1.000000000000000000e+00,6.017363357543945312e+01,2.482713317871093750e+01,1.496666622161865234e+01,5.000000000000000000e+00,0.000000000000000000e+00,0.000000000000000000e+00,0.000000000000000000e+00,0.000000000000000000e+00,0.000000000000000000e+00,0.000000000000000000e+00,0.000000000000000000e+00,0.000000000000000000e+00
1.000000000000000000e+00,6.017363357543945312e+01,2.482713317871093750e+01,1.496666622161865234e+01,5.000000000000000000e+00,0.000000000000000000e+00,0.000000000000000000e+00,0.000000000000000000e+00,0.000000000000000000e+00,0.000000000000000000e+00,0.000000000000000000e+00,0.000000000000000000e+00,0.000000000000000000e+00
1.000000000000000000e+00,6.017363357543945312e+01,2.482713317871093750e+01,1.496666622161865234e+01,5.000000000000000000e+00,0.000000000000000000e+00,0.000000000000000000e+00,0.000000000000000000e+00,0.000000000000000000e+00,0.000000000000000000e+00,0.000000000000000000e+00,0.000000000000000000e+00,0.000000000000000000e+00
1.000000000000000000e+00,6.016986083984375000e+01,2.481083106994628906e+01,1.498333358764648438e+01,5.000000000000000000e+00,-1.879325555269960035e-01,-8.120624631391479831e-01,0.000000000000000000e+00,0.000000000000000000e+00,1.673296997097385719e-02,0.000000000000000000e+00,2.799922840495128727e-04,0.000000000000000000e+00
1.000000000000000000e+00,6.016986083984375000e+01,2.481083106994628906e+01,1.498333358764648438e+01,5.000000000000000000e+00,0.000000000000000000e+00,0.000000000000000000e+00,-1.879325555269960035e-01,-8.120624631391479831e-01,0.000000000000000000e+00,1.673296997097385719e-02,2.799922840495128727e-04,0.000000000000000000e+00
1.000000000000000000e+00,6.016906356811523438e+01,2.480550575256347656e+01,1.498333358764648438e+01,5.000000000000000000e+00,-1.302159417241229022e-01,-8.697677255831367527e-01,0.000000000000000000e+00,0.000000000000000000e+00,5.384667811181602023e-03,0.000000000000000000e+00,2.899464743677526374e-05,0.000000000000000000e+00
1.000000000000000000e+00,6.016870880126953125e+01,2.479777908325195312e+01,1.498333358764648438e+01,5.000000000000000000e+00,-4.389844192999003275e-02,-9.560891841848904171e-01,-1.302159417241229022e-01,-8.697677255831367527e-01,7.734809510546993179e-03,5.384667811181602023e-03,5.523166007096048400e-06,0.000000000000000000e+00
1.000000000000000000e+00,6.016839218139648438e+01,2.479628372192382812e+01,1.498333358764648438e+01,5.000000000000000000e+00,-1.747271992238077221e-01,-8.252176156112364103e-01,-4.389844192999003275e-02,-9.560891841848904171e-01,1.528513541209230867e-03,7.734809510546993179e-03,3.851810965901815968e-05,0.000000000000000000e+00
1.000000000000000000e+00,6.016865158081054688e+01,2.479174041748046875e+01,1.498333358764648438e+01,5.000000000000000000e+00,5.400999536169784343e-02,-9.459691834673843447e-01,-1.747271992238077221e-01,-8.252176156112364103e-01,4.550703607252949874e-03,1.528513541209230867e-03,9.133632795293339954e-06,0.000000000000000000e+00
1.000000000000000000e+00,6.016941833496093750e+01,2.478074073791503906e+01,1.500000000000000000e+01,5.000000000000000000e+00,6.516397852663359525e-02,-9.348275227937710152e-01,5.400999536169784343e-02,-9.459691834673843447e-01,1.102637122852630387e-02,4.550703607252949874e-03,4.193427114120810029e-05,0.000000000000000000e+00
1.000000000000000000e+00,6.016941833496093750e+01,2.478074073791503906e+01,1.500000000000000000e+01,5.000000000000000000e+00,0.000000000000000000e+00,0.000000000000000000e+00,6.516397852663359525e-02,-9.348275227937710152e-01,0.000000000000000000e+00,1.102637122852630387e-02,1.215808624692726745e-04,0.000000000000000000e+00
1.000000000000000000e+00,6.016757583618164062e+01,2.477194213867187500e+01,1.500000000000000000e+01,5.000000000000000000e+00,-1.731476827522442363e-01,-8.268429198096300947e-01,0.000000000000000000e+00,0.000000000000000000e+00,8.989446612195752320e-03,0.000000000000000000e+00,8.081015039351768792e-05,0.000000000000000000e+00
1.000000000000000000e+00,6.016757583618164062e+01,2.477194213867187500e+01,1.500000000000000000e+01,5.000000000000000000e+00,0.000000000000000000e+00,0.000000000000000000e+00,-1.731476827522442363e-01,-8.268429198096300947e-01,0.000000000000000000e+00,8.989446612195752320e-03,8.081015039351768792e-05,0.000000000000000000e+00
1.000000000000000000e+00,6.016757583618164062e+01,2.477194213867187500e+01,1.500000000000000000e+01,5.000000000000000000e+00,0.000000000000000000e+00,0.000000000000000000e+00,0.000000000000000000e+00,0.000000000000000000e+00,0.000000000000000000e+00,0.000000000000000000e+00,0.000000000000000000e+00,0.000000000000000000e+00
1.000000000000000000e+00,6.016757583618164062e+01,2.477194213867187500e+01,1.500000000000000000e+01,5.000000000000000000e+00,0.000000000000000000e+00,0.000000000000000000e+00,0.000000000000000000e+00,0.000000000000000000e+00,0.000000000000000000e+00,0.000000000000000000e+00,0.000000000000000000e+00,0.000000000000000000e+00
1.000000000000000000e+00,6.016864776611328125e+01,2.478849220275878906e+01,1.501666641235351562e+01,5.000000000000000000e+00,6.082874887127299318e-02,9.391655764342273782e-01,0.000000000000000000e+00,0.000000000000000000e+00,1.658474163378223162e-02,0.000000000000000000e+00,2.750536550593097305e-04,0.000000000000000000e+00
1.000000000000000000e+00,6.016864776611328125e+01,2.478849220275878906e+01,1.501666641235351562e+01,5.000000000000000000e+00,0.000000000000000000e+00,0.000000000000000000e+00,6.082874887127299318e-02,9.391655764342273782e-01,0.000000000000000000e+00,1.658474163378223162e-02,2.750536550593097305e-04,0.000000000000000000e+00
1.000000000000000000e+00,6.016667556762695312e+01,2.474892425537109375e+01,1.501666641235351562e+01,5.000000000000000000e+00,-4.747681302390675817e-02,-9.525207796720944753e-01,0.000000000000000000e+00,0.000000000000000000e+00,3.961706737436403170e-02,0.000000000000000000e+00,1.569512027344899035e-03,0.000000000000000000e+00
1.000000000000000000e+00,6.016667556762695312e+01,2.474892425537109375e+01,1.501666641235351562e+01,5.000000000000000000e+00,0.000000000000000000e+00,0.000000000000000000e+00,-4.747681302390675817e-02,-9.525207796720944753e-01,0.000000000000000000e+00,3.961706737436403170e-02,1.569512027344899035e-03,0.000000000000000000e+00
1.000000000000000000e+00,6.016909408569335938e+01,2.475258064270019531e+01,1.501666641235351562e+01,5.000000000000000000e+00,3.981096161979761905e-01,6.018739229112937128e-01,0.000000000000000000e+00,0.000000000000000000e+00,4.383879325203635970e-03,0.000000000000000000e+00,1.921839793794788759e-05,0.000000000000000000e+00
1.000000000000000000e+00,6.016909408569335938e+01,2.475258064270019531e+01,1.501666641235351562e+01,5.000000000000000000e+00,0.000000000000000000e+00,0.000000000000000000e+00,3.981096161979761905e-01,6.018739229112937128e-01,0.000000000000000000e+00,4.383879325203635970e-03,1.921839793794788759e-05,0.000000000000000000e+00
1.000000000000000000e+00,6.016922378540039062e+01,2.475594139099121094e+01,1.503333377838134766e+01,5.000000000000000000e+00,3.715740539990369795e-02,9.628139458033870834e-01,0.000000000000000000e+00,0.000000000000000000e+00,3.363250078357010470e-03,0.000000000000000000e+00,1.131145108956843784e-05,0.000000000000000000e+00
1.000000000000000000e+00,6.016922378540039062e+01,2.475594139099121094e+01,1.503333377838134766e+01,5.000000000000000000e+00,0.000000000000000000e+00,0.000000000000000000e+00,3.715740539990369795e-02,9.628139458033870834e-01,0.000000000000000000e+00,3.363250078357010470e-03,1.131145108956843784e-05,0.000000000000000000e+00
1.000000000000000000e+00,6.016922378540039062e+01,2.475594139099121094e+01,1.503333377838134766e+01,5.000000000000000000e+00,0.000000000000000000e+00,0.000000000000000000e+00,0.000000000000000000e+00,0.000000000000000000e+00,0.000000000000000000e+00,0.000000000000000000e+00,0.000000000000000000e+00,0.000000000000000000e+00
1.000000000000000000e+00,6.016881179809570312e+01,2.474969482421875000e+01,1.503333377838134766e+01,5.000000000000000000e+00,-6.187245949618892793e-02,-9.381125224537905094e-01,0.000000000000000000e+00,0.000000000000000000e+00,6.260138175954004132e-03,0.000000000000000000e+00,3.918932998203672469e-05,0.000000000000000000e+00
1.000000000000000000e+00,6.016881179809570312e+01,2.474969482421875000e+01,1.503333377838134766e+01,5.000000000000000000e+00,0.000000000000000000e+00,0.000000000000000000e+00,-6.187245949618892793e-02,-9.381125224537905094e-01,0.000000000000000000e+00,6.260138175954004132e-03,3.918932998203672469e-05,0.000000000000000000e+00
1.000000000000000000e+00,6.017100143432617188e+01,2.474648284912109375e+01,1.503333377838134766e+01,5.000000000000000000e+00,4.053597272160782694e-01,-5.946217601322959512e-01,0.000000000000000000e+00,0.000000000000000000e+00,3.887324381852545405e-03,0.000000000000000000e+00,1.511129084974527359e-05,0.000000000000000000e+00
1.000000000000000000e+00,6.017146301269531250e+01,2.474641799926757812e+01,1.505000019073486328e+01,5.000000000000000000e+00,8.766450672141307132e-01,-1.231650094433076187e-01,4.053597272160782694e-01,-5.946217601322959512e-01,4.661116758455178524e-04,3.887324381852545405e-03,1.170469637974392747e-05,0.000000000000000000e+00
1.000000000000000000e+00,6.017146301269531250e+01,2.474641799926757812e+01,1.505000019073486328e+01,5.000000000000000000e+00,0.000000000000000000e+00,0.000000000000000000e+00,8.766450672141307132e-01,-1.231650094433076187e-01,0.000000000000000000e+00,4.661116758455178524e-04,2.172600943595170975e-07,0.000000000000000000e+00
1.000000000000000000e+00,6.017146301269531250e+01,2.474641799926757812e+01,1.505000019073486328e+01,5.000000000000000000e+00,0.000000000000000000e+00,0.000000000000000000e+00,0.000000000000000000e+00,0.000000000000000000e+00,0.000000000000000000e+00,0.000000000000000000e+00,0.000000000000000000e+00,0.000000000000000000e+00
1.000000000000000000e+00,6.017292022705078125e+01,2.474274063110351562e+01,1.505000019073486328e+01,5.000000000000000000e+00,2.837983361046790276e-01,-7.161821884945304140e-01,0.000000000000000000e+00,0.000000000000000000e+00,3.955567000044950265e-03,0.000000000000000000e+00,1.564651029184460640e-05,0.000000000000000000e+00
1.000000000000000000e+00,6.017280578613281250e+01,2.474256515502929688e+01,1.505000019073486328e+01,5.000000000000000000e+00,-3.946007339279015702e-01,-6.050544586894490706e-01,2.837983361046790276e-01,-7.161821884945304140e-01,2.094960055198056290e-04,3.955567000044950265e-03,1.403304789602260671e-05,0.000000000000000000e+00
1.000000000000000000e+00,6.017280197143554688e+01,2.474255371093750000e+01,1.505000019073486328e+01,5.000000000000000000e+00,-2.483722675076618092e-01,-7.451168025229853997e-01,-3.946007339279015702e-01,-6.050544586894490706e-01,1.206313194339134034e-05,2.094960055198056290e-04,3.897973956864039053e-08,0.000000000000000000e+00
1.000000000000000000e+00,6.017132568359375000e+01,2.473750305175781250e+01,1.506666660308837891e+01,5.000000000000000000e+00,-2.261800530833526779e-01,-7.738046260526071363e-01,-2.483722675076618092e-01,-7.451168025229853997e-01,5.261994293155294183e-03,1.206313194339134034e-05,2.756177719746375423e-05,0.000000000000000000e+00
1.000000000000000000e+00,6.017132568359375000e+01,2.473750305175781250e+01,1.506666660308837891e+01,5.000000000000000000e+00,0.000000000000000000e+00,0.000000000000000000e+00,-2.261800530833526779e-01,-7.738046260526071363e-01,0.000000000000000000e+00,5.261994293155294183e-03,2.768858394119888544e-05,0.000000000000000000e+00
1.000000000000000000e+00,6.017132568359375000e+01,2.473750305175781250e+01,1.506666660308837891e+01,5.000000000000000000e+00,0.000000000000000000e+00,0.000000000000000000e+00,0.000000000000000000e+00,0.000000000000000000e+00,0.000000000000000000e+00,0.000000000000000000e+00,0.000000000000000000e+00,0.000000000000000000e+00
1.000000000000000000e+00,6.017289733886718750e+01,2.473469543457031250e+01,1.506666660308837891e+01,5.000000000000000000e+00,3.588768225256303013e-01,-6.411003431525822416e-01,0.000000000000000000e+00,0.000000000000000000e+00,3.217578992048107309e-03,0.000000000000000000e+00,1.035281457006931474e-05,0.000000000000000000e+00
1.000000000000000000e+00,6.017289733886718750e+01,2.473469543457031250e+01,1.506666660308837891e+01,5.000000000000000000e+00,0.000000000000000000e+00,0.000000000000000000e+00,3.588768225256303013e-01,-6.411003431525822416e-01,0.000000000000000000e+00,3.217578992048107309e-03,1.035281457006931474e-05,0.000000000000000000e+00
1.000000000000000000e+00,6.017329788208007812e+01,2.473463439941406250e+01,1.506666660308837891e+01,5.000000000000000000e+00,8.675806354891655303e-01,-1.322027635031109427e-01,0.000000000000000000e+00,0.000000000000000000e+00,4.051668245194890781e-04,0.000000000000000000e+00,1.641601556912064552e-07,0.000000000000000000e+00
1.000000000000000000e+00,6.017335891723632812e+01,2.473459053039550781e+01,1.508333301544189453e+01,5.000000000000000000e+00,5.812640912947332206e-01,-4.177835656180894919e-01,8.675806354891655303e-01,-1.322027635031109427e-01,7.516502569289410418e-05,4.051668245194890781e-04,1.089011872287884367e-07,0.000000000000000000e+00
1.000000000000000000e+00,6.017347335815429688e+01,2.473454475402832031e+01,1.508333301544189453e+01,5.000000000000000000e+00,7.138401692444609203e-01,-2.855360676977843348e-01,5.812640912947332206e-01,-4.177835656180894919e-01,1.232566407882958247e-04,7.516502569289410418e-05,2.312803442484270434e-09,0.000000000000000000e+00
1.000000000000000000e+00,6.017352294921875000e+01,2.473452949523925781e+01,1.508333301544189453e+01,5.000000000000000000e+00,7.635285034352674582e-01,-2.349318472108515021e-01,7.138401692444609203e-01,-2.855360676977843348e-01,5.188549235815217569e-05,1.232566407882958247e-04,5.093840828237594962e-09,0.000000000000000000e+00
1.000000000000000000e+00,6.017350387573242188e+01,2.473457145690917969e+01,1.508333301544189453e+01,5.000000000000000000e+00,-3.119888374886585769e-01,6.863754424750488914e-01,7.635285034352674582e-01,-2.349318472108515021e-01,4.609316243589238102e-05,5.188549235815217569e-05,3.355108592830615916e-11,0.000000000000000000e+00
1.000000000000000000e+00,6.017347717285156250e+01,2.473461341857910156e+01,1.508333301544189453e+01,5.000000000000000000e+00,-3.883233520178257514e-01,6.102224103137261491e-01,-3.119888374886585769e-01,6.863754424750488914e-01,4.973756717836493800e-05,4.609316243589238102e-05,1.328168592695646450e-11,0.000000000000000000e+00
1.000000000000000000e+00,6.017344665527343750e+01,2.473460388183593750e+01,1.508333301544189453e+01,5.000000000000000000e+00,-7.600073203905099994e-01,-2.375022876220343748e-01,-3.883233520178257514e-01,6.102224103137261491e-01,3.197298930023233612e-05,4.973756717836493800e-05,3.155802271882382019e-10,0.000000000000000000e+00
1.000000000000000000e+00,6.017339324951171875e+01,2.473463439941406250e+01,1.510000038146972656e+01,5.000000000000000000e+00,-6.356062710440155694e-01,3.632035834537232222e-01,-7.600073203905099994e-01,-2.375022876220343748e-01,6.151014517439688974e-05,3.197298930023233612e-05,8.724435771346935715e-10,0.000000000000000000e+00
1.000000000000000000e+00,6.017346954345703125e+01,2.473458862304687500e+01,1.510000038146972656e+01,5.000000000000000000e+00,6.244884190870838570e-01,-3.746930514522502920e-01,-6.356062710440155694e-01,3.632035834537232222e-01,8.897326499702912510e-05,6.151014517439688974e-05,7.542229503922555776e-10,0.000000000000000000e+00
1.000000000000000000e+00,6.017355728149414062e+01,2.473453140258789062e+01,1.510000038146972656e+01,5.000000000000000000e+00,6.048459033566064846e-01,-3.944647195803955841e-01,6.244884190870838570e-01,-3.746930514522502920e-01,1.047480027599028145e-04,8.897326499702912510e-05,2.488423514874331949e-10,0.000000000000000000e+00
1.000000000000000000e+00,6.017362976074218750e+01,2.473452758789062500e+01,1.510000038146972656e+01,5.000000000000000000e+00,9.487564459511628190e-01,-4.993454978690330809e-02,6.048459033566064846e-01,-3.944647195803955841e-01,7.257956539322069675e-05,1.047480027599028145e-04,1.034808362614150265e-09,0.000000000000000000e+00
1.000000000000000000e+00,6.017425155639648438e+01,2.473704338073730469e+01,1.511666679382324219e+01,5.000000000000000000e+00,1.981699757969440367e-01,8.017981536078809812e-01,9.487564459511628190e-01,-4.993454978690330809e-02,2.591494449754265690e-03,7.257956539322069675e-05,6.344932194655616753e-06,0.000000000000000000e+00
1.000000000000000000e+00,6.017525863647460938e+01,2.473676109313964844e+01,1.511666679382324219e+01,5.000000000000000000e+00,7.810045160805137998e-01,-2.189179325377197671e-01,1.981699757969440367e-01,8.017981536078809812e-01,1.045895105422524254e-03,2.591494449754265690e-03,2.388877333198709219e-06,0.000000000000000000e+00
1.000000000000000000e+00,6.017525863647460938e+01,2.473676109313964844e+01,1.511666679382324219e+01,5.000000000000000000e+00,0.000000000000000000e+00,0.000000000000000000e+00,7.810045160805137998e-01,-2.189179325377197671e-01,0.000000000000000000e+00,1.045895105422524254e-03,1.093896571546793196e-06,0.000000000000000000e+00
1.000000000000000000e+00,6.017488479614257812e+01,2.473990058898925781e+01,1.511666679382324219e+01,5.000000000000000000e+00,-1.064030518000422393e-01,8.935684860350485703e-01,0.000000000000000000e+00,0.000000000000000000e+00,3.161675312799802195e-03,0.000000000000000000e+00,9.996190783567726612e-06,0.000000000000000000e+00
1.000000000000000000e+00,6.017490768432617188e+01,2.474005889892578125e+01,1.511666679382324219e+01,5.000000000000000000e+00,1.262461165011282693e-01,8.732023057994705573e-01,-1.064030518000422393e-01,8.935684860350485703e-01,1.599559469050026322e-04,3.161675312799802195e-03,9.010319151587878621e-06,0.000000000000000000e+00
1.000000000000000000e+00,6.017665863037109375e+01,2.474229812622070312e+01,1.513333320617675781e+01,5.000000000000000000e+00,4.388035344441937324e-01,5.611714046159950176e-01,1.262461165011282693e-01,8.732023057994705573e-01,2.842525449411261503e-03,1.599559469050026322e-04,7.196179135776677584e-06,0.000000000000000000e+00
1.000000000000000000e+00,6.017665863037109375e+01,2.474229812622070312e+01,1.513333320617675781e+01,5.000000000000000000e+00,0.000000000000000000e+00,0.000000000000000000e+00,4.388035344441937324e-01,5.611714046159950176e-01,0.000000000000000000e+00,2.842525449411261503e-03,8.079950930550694466e-06,0.000000000000000000e+00
1.000000000000000000e+00,6.017674636840820312e+01,2.474244308471679688e+01,1.513333320617675781e+01,5.000000000000000000e+00,3.768872152096001682e-01,6.226832251289046161e-01,0.000000000000000000e+00,0.000000000000000000e+00,1.694429955636048168e-04,0.000000000000000000e+00,2.871092874556780192e-08,0.000000000000000000e+00
1.000000000000000000e+00,6.017674636840820312e+01,2.474244308471679688e+01,1.513333320617675781e+01,5.000000000000000000e+00,0.000000000000000000e+00,0.000000000000000000e+00,3.768872152096001682e-01,6.226832251289046161e-01,0.000000000000000000e+00,1.694429955636048168e-04,2.871092874556780192e-08,0.000000000000000000e+00
1.000000000000000000e+00,6.017203521728515625e+01,2.473595619201660156e+01,1.513333320617675781e+01,5.000000000000000000e+00,-4.207082171304762364e-01,-5.792828528181171999e-01,0.000000000000000000e+00,0.000000000000000000e+00,8.017151726644137361e-03,0.000000000000000000e+00,6.427472180803307756e-05,0.000000000000000000e+00
1.000000000000000000e+00,6.017203521728515625e+01,2.473595619201660156e+01,1.513333320617675781e+01,5.000000000000000000e+00,0.000000000000000000e+00,0.000000000000000000e+00,-4.207082171304762364e-01,-5.792828528181171999e-01,0.000000000000000000e+00,8.017151726644137361e-03,6.427472180803307756e-05,0.000000000000000000e+00
1.000000000000000000e+00,6.017462921142578125e+01,2.473831367492675781e+01,1.514999961853027344e+01,5.000000000000000000e+00,5.238723166421745958e-01,4.761074877718586285e-01,0.000000000000000000e+00,0.000000000000000000e+00,3.505214868346249492e-03,0.000000000000000000e+00,1.228653127327561548e-05,0.000000000000000000e+00
1.000000000000000000e+00,6.017462921142578125e+01,2.473831367492675781e+01,1.514999961853027344e+01,5.000000000000000000e+00,0.000000000000000000e+00,0.000000000000000000e+00,5.238723166421745958e-01,4.761074877718586285e-01,0.000000000000000000e+00,3.505214868346249492e-03,1.228653127327561548e-05,0.000000000000000000e+00
1.000000000000000000e+00,6.018265151977539062e+01,2.475166893005371094e+01,1.514999961853027344e+01,5.000000000000000000e+00,3.752659105334252287e-01,6.247294116868862268e-01,0.000000000000000000e+00,0.000000000000000000e+00,1.557948236502805159e-02,0.000000000000000000e+00,2.427202707622200522e-04,0.000000000000000000e+00
1.000000000000000000e+00,6.018265151977539062e+01,2.475166893005371094e+01,1.514999961853027344e+01,5.000000000000000000e+00,0.000000000000000000e+00,0.000000000000000000e+00,3.752659105334252287e-01,6.247294116868862268e-01,0.000000000000000000e+00,1.557948236502805159e-02,2.427202707622200522e-04,0.000000000000000000e+00
1.000000000000000000e+00,6.018265151977539062e+01,2.475166893005371094e+01,1.514999961853027344e+01,5.000000000000000000e+00,0.000000000000000000e+00,0.000000000000000000e+00,0.000000000000000000e+00,0.000000000000000000e+00,0.000000000000000000e+00,0.000000000000000000e+00,0.000000000000000000e+00,0.000000000000000000e+00
1.000000000000000000e+00,6.018118286132812500e+01,2.475471115112304688e+01,1.514999961853027344e+01,5.000000000000000000e+00,-3.255741778167213774e-01,6.744036540489228848e-01,0.000000000000000000e+00,0.000000000000000000e+00,3.378175050147072013e-03,0.000000000000000000e+00,1.141206666943617334e-05,0.000000000000000000e+00
1.000000000000000000e+00,6.018118286132812500e+01,2.475471115112304688e+01,1.516666698455810547e+01,5.000000000000000000e+00,0.000000000000000000e+00,0.000000000000000000e+00,-3.255741778167213774e-01,6.744036540489228848e-01,0.000000000000000000e+00,3.378175050147072013e-03,1.141206666943617334e-05,0.000000000000000000e+00
1.000000000000000000e+00,6.018130493164062500e+01,2.475917053222656250e+01,1.516666698455810547e+01,5.000000000000000000e+00,2.664388138770670128e-02,9.733342919446604791e-01,0.000000000000000000e+00,0.000000000000000000e+00,4.461051556257345473e-03,0.000000000000000000e+00,1.990098098758608442e-05,0.000000000000000000e+00
1.000000000000000000e+00,6.018124771118164062e+01,2.475911140441894531e+01,1.516666698455810547e+01,5.000000000000000000e+00,-4.913809424073231624e-01,-5.077603071542339253e-01,2.664388138770670128e-02,9.733342919446604791e-01,8.228170246171185307e-05,4.461051556257345473e-03,1.917362543250943318e-05,0.000000000000000000e+00
1.000000000000000000e+00,6.018125152587890625e+01,2.475908851623535156e+01,1.516666698455810547e+01,5.000000000000000000e+00,1.423241511104471890e-01,-8.539449066626831897e-01,-4.913809424073231624e-01,-5.077603071542339253e-01,2.320389759177482353e-05,8.228170246171185307e-05,3.490187028250355969e-09,0.000000000000000000e+00
1.000000000000000000e+00,6.018125534057617188e+01,2.475934410095214844e+01,1.516666698455810547e+01,5.000000000000000000e+00,1.470021533345827400e-02,9.849144273417043127e-01,1.423241511104471890e-01,-8.539449066626831897e-01,2.556131831016686135e-04,2.320389759177482353e-05,5.401407599121932646e-08,0.000000000000000000e+00
1.000000000000000000e+00,6.018125534057617188e+01,2.475934410095214844e+01,1.516666698455810547e+01,5.000000000000000000e+00,0.000000000000000000e+00,0.000000000000000000e+00,1.470021533345827400e-02,9.849144273417043127e-01,0.000000000000000000e+00,2.556131831016686135e-04,6.533809937536716461e-08,0.000000000000000000e+00
1.000000000000000000e+00,6.018125534057617188e+01,2.475934410095214844e+01,1.518333339691162109e+01,5.000000000000000000e+00,0.000000000000000000e+00,0.000000000000000000e+00,0.000000000000000000e+00,0.000000000000000000e+00,0.000000000000000000e+00,0.000000000000000000e+00,0.000000000000000000e+00,0.000000000000000000e+00
1.000000000000000000e+00,6.018054962158203125e+01,2.476487922668457031e+01,1.518333339691162109e+01,5.000000000000000000e+00,-1.130788726804400901e-01,8.869051041044248018e-01,0.000000000000000000e+00,0.000000000000000000e+00,5.579933348384158789e-03,0.000000000000000000e+00,3.113565617240964689e-05,0.000000000000000000e+00
1.000000000000000000e+00,6.018187332153320312e+01,2.477089881896972656e+01,1.518333339691162109e+01,5.000000000000000000e+00,1.802572855394358187e-01,8.197290967758781299e-01,-1.130788726804400901e-01,8.869051041044248018e-01,6.163414057180084324e-03,5.579933348384158789e-03,3.404497375369956548e-07,0.000000000000000000e+00
1.000000000000000000e+00,6.018187332153320312e+01,2.477089881896972656e+01,1.518333339691162109e+01,5.000000000000000000e+00,0.000000000000000000e+00,0.000000000000000000e+00,1.802572855394358187e-01,8.197290967758781299e-01,0.000000000000000000e+00,6.163414057180084324e-03,3.798767284024506807e-05,0.000000000000000000e+00
1.000000000000000000e+00,6.018187332153320312e+01,2.477089881896972656e+01,1.518333339691162109e+01,5.000000000000000000e+00,0.000000000000000000e+00,0.000000000000000000e+00,0.000000000000000000e+00,0.000000000000000000e+00,0.000000000000000000e+00,0.000000000000000000e+00,0.000000000000000000e+00,0.000000000000000000e+00
1.000000000000000000e+00,6.018187332153320312e+01,2.477089881896972656e+01,1.518333339691162109e+01,5.000000000000000000e+00,0.000000000000000000e+00,0.000000000000000000e+00,0.000000000000000000e+00,0.000000000000000000e+00,0.000000000000000000e+00,0.000000000000000000e+00,0.000000000000000000e+00,0.000000000000000000e+00
1.000000000000000000e+00,6.018187332153320312e+01,2.477089881896972656e+01,1.519999980926513672e+01,5.000000000000000000e+00,0.000000000000000000e+00,0.000000000000000000e+00,0.000000000000000000e+00,0.000000000000000000e+00,0.000000000000000000e+00,0.000000000000000000e+00,0.000000000000000000e+00,0.000000000000000000e+00
1.000000000000000000e+00,6.018187332153320312e+01,2.477089881896972656e+01,1.519999980926513672e+01,5.000000000000000000e+00,0.000000000000000000e+00,0.000000000000000000e+00,0.000000000000000000e+00,0.000000000000000000e+00,0.000000000000000000e+00,0.000000000000000000e+00,0.000000000000000000e+00,0.000000000000000000e+00
1.000000000000000000e+00,6.018187332153320312e+01,2.477089881896972656e+01,1.519999980926513672e+01,5.000000000000000000e+00,0.000000000000000000e+00,0.000000000000000000e+00,0.000000000000000000e+00,0.000000000000000000e+00,0.000000000000000000e+00,0.000000000000000000e+00,0.000000000000000000e+00,0.000000000000000000e+00
1.000000000000000000e+00,6.018187332153320312e+01,2.477089881896972656e+01,1.519999980926513672e+01,5.000000000000000000e+00,0.000000000000000000e+00,0.000000000000000000e+00,0.000000000000000000e+00,0.000000000000000000e+00,0.000000000000000000e+00,0.000000000000000000e+00,0.000000000000000000e+00,0.000000000000000000e+00
1.000000000000000000e+00,6.018187332153320312e+01,2.477089881896972656e+01,1.519999980926513672e+01,5.000000000000000000e+00,0.000000000000000000e+00,0.000000000000000000e+00,0.000000000000000000e+00,0.000000000000000000e+00,0.000000000000000000e+00,0.000000000000000000e+00,0.000000000000000000e+00,0.000000000000000000e+00
1.000000000000000000e+00,6.018187332153320312e+01,2.477089881896972656e+01,1.519999980926513672e+01,5.000000000000000000e+00,0.000000000000000000e+00,0.000000000000000000e+00,0.000000000000000000e+00,0.000000000000000000e+00,0.000000000000000000e+00,0.000000000000000000e+00,0.000000000000000000e+00,0.000000000000000000e+00
1.000000000000000000e+00,6.018272399902343750e+01,2.478489685058593750e+01,1.521666622161865234e+01,5.000000000000000000e+00,5.728927378190401543e-02,9.427039916712860457e-01,0.000000000000000000e+00,0.000000000000000000e+00,1.402385615017611581e-02,0.000000000000000000e+00,1.966685413208324733e-04,0.000000000000000000e+00
1.000000000000000000e+00,6.018272399902343750e+01,2.478489685058593750e+01,1.521666622161865234e+01,5.000000000000000000e+00,0.000000000000000000e+00,0.000000000000000000e+00,5.728927378190401543e-02,9.427039916712860457e-01,0.000000000000000000e+00,1.402385615017611581e-02,1.966685413208324733e-04,0.000000000000000000e+00
1.000000000000000000e+00,6.018272399902343750e+01,2.478489685058593750e+01,1.521666622161865234e+01,5.000000000000000000e+00,0.000000000000000000e+00,0.000000000000000000e+00,0.000000000000000000e+00,0.000000000000000000e+00,0.000000000000000000e+00,0.000000000000000000e+00,0.000000000000000000e+00,0.000000000000000000e+00
1.000000000000000000e+00,6.018310546875000000e+01,2.478829383850097656e+01,1.523333358764648438e+01,5.000000000000000000e+00,1.009564396643190948e-01,8.990170952107615632e-01,0.000000000000000000e+00,0.000000000000000000e+00,3.418339662351461711e-03,0.000000000000000000e+00,1.168504604720510542e-05,0.000000000000000000e+00
1.000000000000000000e+00,6.018259811401367188e+01,2.479491233825683594e+01,1.523333358764648438e+01,5.000000000000000000e+00,-7.119814431657688070e-02,9.287878224756458412e-01,1.009564396643190948e-01,8.990170952107615632e-01,6.637917432959315224e-03,3.418339662351461711e-03,1.036568102099223546e-05,0.000000000000000000e+00
1.000000000000000000e+00,6.018257904052734375e+01,2.479508399963378906e+01,1.523333358764648438e+01,5.000000000000000000e+00,-9.994759867338671999e-02,8.995283880604805216e-01,-7.119814431657688070e-02,9.287878224756458412e-01,1.727177646281703434e-04,6.637917432959315224e-03,4.179880675138915146e-05,0.000000000000000000e+00
1.000000000000000000e+00,6.018257904052734375e+01,2.479508399963378906e+01,1.523333358764648438e+01,5.000000000000000000e+00,0.000000000000000000e+00,0.000000000000000000e+00,-9.994759867338671999e-02,8.995283880604805216e-01,0.000000000000000000e+00,1.727177646281703434e-04,2.983142621815205282e-08,0.000000000000000000e+00
1.000000000000000000e+00,6.018257904052734375e+01,2.479508399963378906e+01,1.523333358764648438e+01,5.000000000000000000e+00,0.000000000000000000e+00,0.000000000000000000e+00,0.000000000000000000e+00,0.000000000000000000e+00,0.000000000000000000e+00,0.000000000000000000e+00,0.000000000000000000e+00,0.000000000000000000e+00
1.000000000000000000e+00,6.017906188964843750e+01,2.479791069030761719e+01,1.523333358764648438e+01,5.000000000000000000e+00,-5.544109840340950557e-01,4.455732528950807625e-01,0.000000000000000000e+00,0.000000000000000000e+00,4.512264450417097054e-03,0.000000000000000000e+00,2.036053047049790621e-05,0.000000000000000000e+00
1.000000000000000000e+00,6.017916488647460938e+01,2.479867744445800781e+01,1.525000000000000000e+01,5.000000000000000000e+00,1.184074386843831372e-01,8.814775990948522377e-01,-5.544109840340950557e-01,4.455732528950807625e-01,7.736409201578783043e-04,4.512264450417097054e-03,1.397730590100790378e-05,0.000000000000000000e+00
1.000000000000000000e+00,6.017920303344726562e+01,2.479892921447753906e+01,1.525000000000000000e+01,5.000000000000000000e+00,1.315335779759671808e-01,8.681216146413834878e-01,1.184074386843831372e-01,8.814775990948522377e-01,2.546435435223180625e-04,7.736409201578783043e-04,2.693582769545934965e-07,0.000000000000000000e+00
1.000000000000000000e+00,6.017920303344726562e+01,2.479892921447753906e+01,1.525000000000000000e+01,5.000000000000000000e+00,0.000000000000000000e+00,0.000000000000000000e+00,1.315335779759671808e-01,8.681216146413834878e-01,0.000000000000000000e+00,2.546435435223180625e-04,6.484333425760269165e-08,0.000000000000000000e+00
1.000000000000000000e+00,6.017920303344726562e+01,2.479892921447753906e+01,1.525000000000000000e+01,5.000000000000000000e+00,0.000000000000000000e+00,0.000000000000000000e+00,0.000000000000000000e+00,0.000000000000000000e+00,0.000000000000000000e+00,0.000000000000000000e+00,0.000000000000000000e+00,0.000000000000000000e+00
1.000000000000000000e+00,6.017916488647460938e+01,2.480153656005859375e+01,1.525000000000000000e+01,5.000000000000000000e+00,-1.441906562775199449e-02,9.855431356568488122e-01,0.000000000000000000e+00,0.000000000000000000e+00,2.607624622250726432e-03,0.000000000000000000e+00,6.799706170568243516e-06,0.000000000000000000e+00
1.000000000000000000e+00,6.017742919921875000e+01,2.480304145812988281e+01,1.525000000000000000e+01,5.000000000000000000e+00,-5.355926542200414309e-01,4.643764881094645247e-01,-1.441906562775199449e-02,9.855431356568488122e-01,2.297243664725661695e-03,2.607624622250726432e-03,9.633633879417604497e-08,0.000000000000000000e+00
1.000000000000000000e+00,6.017742156982421875e+01,2.480322074890136719e+01,1.526666641235351562e+01,5.000000000000000000e+00,-4.079450197158196456e-02,9.586707963321761117e-01,-5.355926542200414309e-01,4.643764881094645247e-01,1.794530256094219363e-04,2.297243664725661695e-03,4.485037191128370556e-06,0.000000000000000000e+00
1.000000000000000000e+00,6.017741012573242188e+01,2.480327224731445312e+01,1.526666641235351562e+01,5.000000000000000000e+00,-1.815297761113398023e-01,8.168839925010291658e-01,-4.079450197158196456e-02,9.586707963321761117e-01,5.275465654731495137e-05,1.794530256094219363e-04,1.605247672299786616e-08,0.000000000000000000e+00
1.000000000000000000e+00,6.017741775512695312e+01,2.480325126647949219e+01,1.526666641235351562e+01,5.000000000000000000e+00,2.657378455761238989e-01,-7.307790753343407220e-01,-1.815297761113398023e-01,8.168839925010291658e-01,2.232494337219166885e-05,5.275465654731495137e-05,9.259674439202714796e-10,0.000000000000000000e+00
1.000000000000000000e+00,6.017744064331054688e+01,2.480329513549804688e+01,1.526666641235351562e+01,5.000000000000000000e+00,3.423443227991094240e-01,6.561599520316263590e-01,2.657378455761238989e-01,-7.307790753343407220e-01,4.948090275220049509e-05,2.232494337219166885e-05,7.374461298486893296e-10,0.000000000000000000e+00
1.000000000000000000e+00,6.017744064331054688e+01,2.480329513549804688e+01,1.526666641235351562e+01,5.000000000000000000e+00,0.000000000000000000e+00,0.000000000000000000e+00,3.423443227991094240e-01,6.561599520316263590e-01,0.000000000000000000e+00,4.948090275220049509e-05,2.448359737172722403e-09,0.000000000000000000e+00
1.000000000000000000e+00,6.017756652832031250e+01,2.480401229858398438e+01,1.526666641235351562e+01,5.000000000000000000e+00,1.493035569992552103e-01,8.505778398745448277e-01,0.000000000000000000e+00,0.000000000000000000e+00,7.281276862715010696e-04,0.000000000000000000e+00,5.301699275150895119e-07,0.000000000000000000e+00
1.000000000000000000e+00,6.017756652832031250e+01,2.480401229858398438e+01,1.528333377838134766e+01,5.000000000000000000e+00,0.000000000000000000e+00,0.000000000000000000e+00,1.493035569992552103e-01,8.505778398745448277e-01,0.000000000000000000e+00,7.281276862715010696e-04,5.301699275150895119e-07,0.000000000000000000e+00
1.000000000000000000e+00,6.017762374877929688e+01,2.480419731140136719e+01,1.528333377838134766e+01,5.000000000000000000e+00,2.361229949190865041e-01,7.634643502383796632e-01,0.000000000000000000e+00,0.000000000000000000e+00,1.936592975364427734e-04,0.000000000000000000e+00,3.750392352230846882e-08,0.000000000000000000e+00
1.000000000000000000e+00,6.017763900756835938e+01,2.480429458618164062e+01,1.528333377838134766e+01,5.000000000000000000e+00,1.354728359623372513e-01,8.636393292598999460e-01,2.361229949190865041e-01,7.634643502383796632e-01,9.846427535354848604e-05,1.936592975364427734e-04,9.062092248401735657e-09,0.000000000000000000e+00
1.000000000000000000e+00,6.017730712890625000e+01,2.480305480957031250e+01,1.531666660308837891e+01,5.000000000000000000e+00,-2.111516135610229661e-01,-7.887847633026719985e-01,1.354728359623372513e-01,8.636393292598999460e-01,1.283428802996004628e-03,9.846427535354848604e-05,1.404140931770909211e-06,0.000000000000000000e+00
1.000000000000000000e+00,6.017745971679687500e+01,2.480277824401855469e+01,1.531666660308837891e+01,5.000000000000000000e+00,3.554727244072293235e-01,-6.442943129881031350e-01,-2.111516135610229661e-01,-7.887847633026719985e-01,3.158663780532683114e-04,1.283428802996004628e-03,9.361770461610682787e-07,0.000000000000000000e+00
1.000000000000000000e+00,6.017745971679687500e+01,2.480277824401855469e+01,1.533333301544189453e+01,5.000000000000000000e+00,0.000000000000000000e+00,0.000000000000000000e+00,3.554727244072293235e-01,-6.442943129881031350e-01,0.000000000000000000e+00,3.158663780532683114e-04,9.977156878449022770e-08,0.000000000000000000e+00
1.000000000000000000e+00,6.017712783813476562e+01,2.480272865295410156e+01,1.533333301544189453e+01,5.000000000000000000e+00,-8.697719944902763123e-01,-1.299659302111907111e-01,0.000000000000000000e+00,0.000000000000000000e+00,3.355632876777534033e-04,0.000000000000000000e+00,1.126027200371026860e-07,0.000000000000000000e+00
1.000000000000000000e+00,6.017707061767578125e+01,2.480267143249511719e+01,1.533333301544189453e+01,5.000000000000000000e+00,-4.995634747748953775e-01,-4.995634747748953775e-01,-8.697719944902763123e-01,-1.299659302111907111e-01,8.092194914091654402e-05,3.355632876777534033e-04,6.484221129183195746e-08,0.000000000000000000e+00
1.000000000000000000e+00,6.017707061767578125e+01,2.480267143249511719e+01,1.533333301544189453e+01,5.000000000000000000e+00,0.000000000000000000e+00,0.000000000000000000e+00,-4.995634747748953775e-01,-4.995634747748953775e-01,0.000000000000000000e+00,8.092194914091654402e-05,6.548361852765084140e-09,0.000000000000000000e+00
1.000000000000000000e+00,6.017697143554687500e+01,2.480291366577148438e+01,1.533333301544189453e+01,5.000000000000000000e+00,-2.904177304295801898e-01,7.092894570107054486e-01,0.000000000000000000e+00,0.000000000000000000e+00,2.617518956453959104e-04,0.000000000000000000e+00,6.851405487395823002e-08,0.000000000000000000e+00
1.000000000000000000e+00,6.017698287963867188e+01,2.480318641662597656e+01,1.533333301544189453e+01,5.000000000000000000e+00,4.025429205216681655e-02,9.593939605766423906e-01,-2.904177304295801898e-01,7.092894570107054486e-01,2.729908347605716746e-04,2.617518956453959104e-04,1.263137524346277797e-10,0.000000000000000000e+00
1.000000000000000000e+00,6.017698287963867188e+01,2.480318641662597656e+01,1.535000038146972656e+01,5.000000000000000000e+00,0.000000000000000000e+00,0.000000000000000000e+00,4.025429205216681655e-02,9.593939605766423906e-01,0.000000000000000000e+00,2.729908347605716746e-04,7.452399586327375305e-08,0.000000000000000000e+00
1.000000000000000000e+00,6.017685317993164062e+01,2.480389022827148438e+01,1.535000038146972656e+01,5.000000000000000000e+00,-1.555877407813641422e-01,8.442922992400494486e-01,0.000000000000000000e+00,0.000000000000000000e+00,7.156625226714102145e-04,0.000000000000000000e+00,5.121728463564067020e-07,0.000000000000000000e+00
1.000000000000000000e+00,6.017683410644531250e+01,2.480397987365722656e+01,1.535000038146972656e+01,5.000000000000000000e+00,-1.752773757460085458e-01,8.238036660062402206e-01,-1.555877407813641422e-01,8.442922992400494486e-01,9.165202161204500817e-05,7.156625226714102145e-04,3.893891054323599780e-07,0.000000000000000000e+00
1.000000000000000000e+00,6.017679977416992188e+01,2.480410194396972656e+01,1.535000038146972656e+01,5.000000000000000000e+00,-2.193719340578496046e-01,7.799890988723541252e-01,-1.752773757460085458e-01,8.238036660062402206e-01,1.268064128005574138e-04,9.165202161204500817e-05,1.235831219834958771e-09,0.000000000000000000e+00
1.000000000000000000e+00,6.017679214477539062e+01,2.480412292480468750e+01,1.535000038146972656e+01,5.000000000000000000e+00,-2.657378455761238989e-01,7.307790753343407220e-01,-2.193719340578496046e-01,7.799890988723541252e-01,2.232494337219166885e-05,1.268064128005574138e-04,1.091637745391052644e-08,0.000000000000000000e+00
1.000000000000000000e+00,6.017679214477539062e+01,2.480413436889648438e+01,1.535000038146972656e+01,5.000000000000000000e+00,0.000000000000000000e+00,9.913375602204522741e-01,-2.657378455761238989e-01,7.307790753343407220e-01,1.144409179687500000e-05,2.232494337219166885e-05,1.183929310040712374e-10,0.000000000000000000e+00
1.000000000000000000e+00,6.017679214477539062e+01,2.480413818359375000e+01,1.536666679382324219e+01,5.000000000000000000e+00,0.000000000000000000e+00,9.744552405423272390e-01,0.000000000000000000e+00,9.913375602204522741e-01,3.814697265625000000e-06,1.144409179687500000e-05,5.820766091346740723e-11,0.000000000000000000e+00
1.000000000000000000e+00,6.017678833007812500e+01,2.480415534973144531e+01,1.536666679382324219e+01,5.000000000000000000e+00,-1.809557008863065530e-01,8.143006539883794748e-01,0.000000000000000000e+00,9.744552405423272390e-01,1.758488551577165046e-05,3.814697265625000000e-06,1.896180844444768612e-10,0.000000000000000000e+00
1.000000000000000000e+00,6.017650985717773438e+01,2.480187606811523438e+01,1.578333377838134766e+01,5.000000000000000000e+00,0.000000000000000000e+00,0.000000000000000000e+00,-1.809557008863065530e-01,8.143006539883794748e-01,0.000000000000000000e+00,1.758488551577165046e-05,3.092281986027956009e-10,0.000000000000000000e+00
1.000000000000000000e+00,6.017649078369140625e+01,2.480187416076660156e+01,1.578333377838134766e+01,5.000000000000000000e+00,-9.047785044315327374e-01,-9.047785044315327652e-02,0.000000000000000000e+00,0.000000000000000000e+00,1.916861652588060369e-05,0.000000000000000000e+00,3.674358595162630081e-10,0.000000000000000000e+00
1.000000000000000000e+00,6.017646408081054688e+01,2.480187034606933594e+01,1.578333377838134766e+01,5.000000000000000000e+00,-8.721421645551854507e-01,-1.245917377935979314e-01,-9.047785044315327374e-01,-9.047785044315327652e-02,2.697398304697218134e-05,1.916861652588060369e-05,6.092374652857723787e-11,0.000000000000000000e+00
1.000000000000000000e+00,6.017644500732421875e+01,2.480186653137207031e+01,1.580000019073486328e+01,5.000000000000000000e+00,-8.297082825330609479e-01,-1.659416565066121896e-01,-8.721421645551854507e-01,-1.245917377935979314e-01,1.945121579587091252e-05,2.697398304697218134e-05,5.659202711424174216e-11,0.000000000000000000e+00
1.000000000000000000e+00,6.017644119262695312e+01,2.480186462402343750e+01,1.580000019073486328e+01,5.000000000000000000e+00,-6.552159382063228454e-01,-3.276079691031614227e-01,-8.297082825330609479e-01,-1.659416565066121896e-01,4.264961199760036097e-06,1.945121579587091252e-05,2.306223286578987211e-10,0.000000000000000000e+00
1.000000000000000000e+00,6.017643737792968750e+01,2.480186080932617188e+01,1.580000019073486328e+01,5.000000000000000000e+00,-4.935311880124827466e-01,-4.935311880124827466e-01,-6.552159382063228454e-01,-3.276079691031614227e-01,5.394796609394436438e-06,4.264961199760036097e-06,1.276528052863733308e-12,0.000000000000000000e+00
1.000000000000000000e+00,6.017643356323242188e+01,2.480185699462890625e+01,1.580000019073486328e+01,5.000000000000000000e+00,-4.935311880124827466e-01,-4.935311880124827466e-01,-4.935311880124827466e-01,-4.935311880124827466e-01,5.394796609394436438e-06,5.394796609394436438e-06,0.000000000000000000e+00,0.000000000000000000e+00
1.000000000000000000e+00,6.017670822143554688e+01,2.480220794677734375e+01,1.583333301544189453e+01,5.000000000000000000e+00,4.389542260874125801e-01,5.608859555561382937e-01,-4.935311880124827466e-01,-4.935311880124827466e-01,4.456506917269968801e-04,5.394796609394436438e-06,1.938252531858013834e-07,0.000000000000000000e+00
1.000000000000000000e+00,6.017670822143554688e+01,2.480236816406250000e+01,1.583333301544189453e+01,5.000000000000000000e+00,0.000000000000000000e+00,9.993762369422451997e-01,4.389542260874125801e-01,5.608859555561382937e-01,1.602172851562500000e-04,4.456506917269968801e-04,8.147222958658128780e-08,0.000000000000000000e+00
1.000000000000000000e+00,6.017673873901367188e+01,2.480252265930175781e+01,1.583333301544189453e+01,5.000000000000000000e+00,1.648593466215242109e-01,8.346004422714663473e-01,0.000000000000000000e+00,9.993762369422451997e-01,1.574804798314515257e-04,1.602172851562500000e-04,7.490103385845281830e-12,0.000000000000000000e+00
1.000000000000000000e+00,6.017675781250000000e+01,2.480259513854980469e+01,1.585000038146972656e+01,5.000000000000000000e+00,2.081060260579377652e-01,7.908028990201635411e-01,1.648593466215242109e-01,8.346004422714663473e-01,7.494690973048591333e-05,1.574804798314515257e-04,6.811790193611005189e-09,0.000000000000000000e+00
1.000000000000000000e+00,6.017690658569335938e+01,2.480273628234863281e+01,1.585000038146972656e+01,5.000000000000000000e+00,5.129809541062720912e-01,4.866742385110786051e-01,2.081060260579377652e-01,7.908028990201635411e-01,2.050732430376527807e-04,7.494690973048591333e-05,1.693286261996788127e-08,0.000000000000000000e+00
1.000000000000000000e+00,6.017690658569335938e+01,2.480273628234863281e+01,1.585000038146972656e+01,5.000000000000000000e+00,0.000000000000000000e+00,0.000000000000000000e+00,5.129809541062720912e-01,4.866742385110786051e-01,0.000000000000000000e+00,2.050732430376527807e-04,4.205503500998020172e-08,0.000000000000000000e+00
1.000000000000000000e+00,6.017690658569335938e+01,2.480273628234863281e+01,1.585000038146972656e+01,5.000000000000000000e+00,0.000000000000000000e+00,0.000000000000000000e+00,0.000000000000000000e+00,0.000000000000000000e+00,0.000000000000000000e+00,0.000000000000000000e+00,0.000000000000000000e+00,0.000000000000000000e+00
1.000000000000000000e+00,6.017740631103515625e+01,2.480319786071777344e+01,1.585000038146972656e+01,5.000000000000000000e+00,5.197871987716529141e-01,4.801087866516793867e-01,0.000000000000000000e+00,0.000000000000000000e+00,6.802793603311235509e-04,0.000000000000000000e+00,4.627800080925226212e-07,0.000000000000000000e+00
1.000000000000000000e+00,6.017740631103515625e+01,2.480319786071777344e+01,1.585000038146972656e+01,5.000000000000000000e+00,0.000000000000000000e+00,0.000000000000000000e+00,5.197871987716529141e-01,4.801087866516793867e-01,0.000000000000000000e+00,6.802793603311235509e-04,4.627800080925226212e-07,0.000000000000000000e+00
1.000000000000000000e+00,6.017749023437500000e+01,2.480308723449707031e+01,1.586666679382324219e+01,5.000000000000000000e+00,4.311509340579260940e-01,-5.683353221672662325e-01,0.000000000000000000e+00,0.000000000000000000e+00,1.388570764404395788e-04,0.000000000000000000e+00,1.928128767758608195e-08,0.000000000000000000e+00
1.000000000000000000e+00,6.017749023437500000e+01,2.480309104919433594e+01,1.586666679382324219e+01,5.000000000000000000e+00,0.000000000000000000e+00,9.744552405423272390e-01,4.311509340579260940e-01,-5.683353221672662325e-01,3.814697265625000000e-06,1.388570764404395788e-04,1.823644417319439297e-08,0.000000000000000000e+00
1.000000000000000000e+00,6.017750167846679688e+01,2.480298614501953125e+01,1.586666679382324219e+01,5.000000000000000000e+00,9.827618848146463248e-02,-9.008650610800924552e-01,0.000000000000000000e+00,9.744552405423272390e-01,1.055265517701954169e-04,3.814697265625000000e-06,1.034530134675890148e-08,0.000000000000000000e+00
1.000000000000000000e+00,6.017752456665039062e+01,2.480310440063476562e+01,1.586666679382324219e+01,5.000000000000000000e+00,1.620473520511996890e-01,8.372446522645318190e-01,9.827618848146463248e-02,-9.008650610800924552e-01,1.204502365405803226e-04,1.055265517701954169e-04,2.227163671258183692e-10,0.000000000000000000e+00
1.000000000000000000e+00,6.017752838134765625e+01,2.480319976806640625e+01,1.586666679382324219e+01,5.000000000000000000e+00,3.842279882240576261e-02,9.605699705601441485e-01,1.620473520511996890e-01,8.372446522645318190e-01,9.544369509274905263e-05,1.204502365405803226e-04,6.253271151821032133e-10,0.000000000000000000e+00
1.000000000000000000e+00,6.017751693725585938e+01,2.480316543579101562e+01,1.586666679382324219e+01,5.000000000000000000e+00,-2.494550571125690175e-01,-7.483651713377070802e-01,3.842279882240576261e-02,9.605699705601441485e-01,3.618939583017401933e-05,9.544369509274905263e-05,3.511071981098799931e-09,0.000000000000000000e+00
1.000000000000000000e+00,6.017751312255859375e+01,2.480317306518554688e+01,1.588333320617675781e+01,5.000000000000000000e+00,-3.304458534068174247e-01,6.608917068136348494e-01,-2.494550571125690175e-01,-7.483651713377070802e-01,8.529922399520072193e-06,3.618939583017401933e-05,7.650464704610516051e-10,0.000000000000000000e+00
1.000000000000000000e+00,6.017750930786132812e+01,2.480316162109375000e+01,1.588333320617675781e+01,5.000000000000000000e+00,-2.483722675076618092e-01,-7.451168025229853997e-01,-3.304458534068174247e-01,6.608917068136348494e-01,1.206313194339134034e-05,8.529922399520072193e-06,1.248356968090301460e-11,0.000000000000000000e+00
1.000000000000000000e+00,6.017715454101562500e+01,2.480263137817382812e+01,1.589999961853027344e+01,5.000000000000000000e+00,-4.008167794336949252e-01,-5.990702402288557993e-01,-2.483722675076618092e-01,-7.451168025229853997e-01,6.379788938024681102e-04,1.206313194339134034e-05,3.917705409436285517e-07,0.000000000000000000e+00
1.000000000000000000e+00,6.017709732055664062e+01,2.480250167846679688e+01,1.589999961853027344e+01,5.000000000000000000e+00,-3.059587647868647342e-01,-6.935065335168933975e-01,-4.008167794336949252e-01,-5.990702402288557993e-01,1.417610487065280552e-04,6.379788938024681102e-04,2.462321497916583424e-07,0.000000000000000000e+00
1.000000000000000000e+00,6.017695999145507812e+01,2.480257225036621094e+01,1.589999961853027344e+01,5.000000000000000000e+00,-6.602328879079490953e-01,3.392863451749182913e-01,-3.059587647868647342e-01,-6.935065335168933975e-01,1.544010204722494665e-04,1.417610487065280552e-04,1.597688862382344508e-10,0.000000000000000000e+00
1.000000000000000000e+00,6.017692184448242188e+01,2.480259323120117188e+01,1.589999961853027344e+01,5.000000000000000000e+00,-6.440720025095105772e-01,3.542396013802308063e-01,-6.602328879079490953e-01,3.392863451749182913e-01,4.353604206281023689e-05,1.544010204722494665e-04,1.229104343772542599e-08,0.000000000000000000e+00
1.000000000000000000e+00,6.017681121826171875e+01,2.480272674560546875e+01,1.589999961853027344e+01,5.000000000000000000e+00,-4.529394759906342216e-01,5.466510917128344360e-01,-6.440720025095105772e-01,3.542396013802308063e-01,1.733904751184617906e-04,4.353604206281023689e-05,1.686217378420468993e-08,0.000000000000000000e+00
1.000000000000000000e+00,6.017671966552734375e+01,2.480284881591796875e+01,1.589999961853027344e+01,5.000000000000000000e+00,-4.283709020326028072e-01,5.711612027101370392e-01,-4.529394759906342216e-01,5.466510917128344360e-01,1.525878906250000000e-04,1.733904751184617906e-04,4.327475216076169335e-10,0.000000000000000000e+00
1.000000000000000000e+00,6.017662429809570312e+01,2.480297088623046875e+01,1.591666698455810547e+01,5.000000000000000000e+00,-4.383948726570213728e-01,5.611454370009874015e-01,-4.283709020326028072e-01,5.711612027101370392e-01,1.549067726459270669e-04,1.525878906250000000e-04,5.377213826978797832e-12,0.000000000000000000e+00
1.000000000000000000e+00,6.017657089233398438e+01,2.480299186706542969e+01,1.591666698455810547e+01,5.000000000000000000e+00,-7.169848549855111219e-01,2.816726216014507900e-01,-4.383948726570213728e-01,5.611454370009874015e-01,5.737918455692796161e-05,1.549067726459270669e-04,9.511630438457480271e-09,0.000000000000000000e+00
1.000000000000000000e+00,6.017655181884765625e+01,2.480303192138671875e+01,1.591666698455810547e+01,5.000000000000000000e+00,-3.220360012547552886e-01,6.762756026349860949e-01,-7.169848549855111219e-01,2.816726216014507900e-01,4.436379756779864502e-05,5.737918455692796161e-05,1.694002984767966845e-10,0.000000000000000000e+00
1.000000000000000000e+00,6.017655181884765625e+01,2.480303192138671875e+01,1.591666698455810547e+01,5.000000000000000000e+00,0.000000000000000000e+00,0.000000000000000000e+00,-3.220360012547552886e-01,6.762756026349860949e-01,0.000000000000000000e+00,4.436379756779864502e-05,1.968146534636617120e-09,0.000000000000000000e+00
1.000000000000000000e+00,6.017645263671875000e+01,2.480305290222167969e+01,1.591666698455810547e+01,5.000000000000000000e+00,-8.247104987016772304e-01,1.744579901099702068e-01,0.000000000000000000e+00,0.000000000000000000e+00,1.013769704125847747e-04,0.000000000000000000e+00,1.027729013003408909e-08,0.000000000000000000e+00
1.000000000000000000e+00,6.017614364624023438e+01,2.480308723449707031e+01,1.591666698455810547e+01,5.000000000000000000e+00,-8.997379323327405753e-01,9.997088137030450683e-02,-8.247104987016772304e-01,1.744579901099702068e-01,3.108919763307065910e-04,1.013769704125847747e-04,4.389653770487061726e-08,0.000000000000000000e+00
1.000000000000000000e+00,6.017598342895507812e+01,2.480311012268066406e+01,1.593333339691162109e+01,5.000000000000000000e+00,-8.745223941697973791e-01,1.249317705956853458e-01,-8.997379323327405753e-01,9.997088137030450683e-02,1.618438982818330880e-04,3.108919763307065910e-04,2.221532957006308616e-08,0.000000000000000000e+00
1.000000000000000000e+00,6.017596054077148438e+01,2.480309677124023438e+01,1.593333339691162109e+01,5.000000000000000000e+00,-6.298409576001144927e-01,-3.674072252667334171e-01,-8.745223941697973791e-01,1.249317705956853458e-01,2.649773404970131677e-05,1.618438982818330880e-04,1.831858417235118686e-08,0.000000000000000000e+00
1.000000000000000000e+00,6.017596054077148438e+01,2.480309677124023438e+01,1.593333339691162109e+01,5.000000000000000000e+00,0.000000000000000000e+00,0.000000000000000000e+00,-6.298409576001144927e-01,-3.674072252667334171e-01,0.000000000000000000e+00,2.649773404970131677e-05,7.021299097687004963e-10,0.000000000000000000e+00
1.000000000000000000e+00,6.017585372924804688e+01,2.480330085754394531e+01,1.593333339691162109e+01,5.000000000000000000e+00,-3.434478125357430800e-01,6.562306418093662996e-01,0.000000000000000000e+00,0.000000000000000000e+00,2.303473917834379084e-04,0.000000000000000000e+00,5.305992090143264002e-08,0.000000000000000000e+00
1.000000000000000000e+00,6.017571258544921875e+01,2.480351448059082031e+01,1.593333339691162109e+01,5.000000000000000000e+00,-3.977373500431293230e-01,6.019808541193308882e-01,-3.434478125357430800e-01,6.562306418093662996e-01,2.560397978904699009e-04,2.303473917834379084e-04,6.600997315686548314e-10,0.000000000000000000e+00
1.000000000000000000e+00,6.017566299438476562e+01,2.480344581604003906e+01,1.593333339691162109e+01,5.000000000000000000e+00,-4.190005210561556503e-01,-5.801545676162155329e-01,-3.977373500431293230e-01,6.019808541193308882e-01,8.470002483815963117e-05,2.560397978904699009e-04,2.935731782961719008e-08,0.000000000000000000e+00
1.000000000000000000e+00,6.017566299438476562e+01,2.480344581604003906e+01,1.594999980926513672e+01,5.000000000000000000e+00,0.000000000000000000e+00,0.000000000000000000e+00,-4.190005210561556503e-01,-5.801545676162155329e-01,0.000000000000000000e+00,8.470002483815963117e-05,7.174094207584858768e-09,0.000000000000000000e+00
1.000000000000000000e+00,6.017566680908203125e+01,2.480338668823242188e+01,1.594999980926513672e+01,5.000000000000000000e+00,6.050992537044660308e-02,-9.379038432419223303e-01,0.000000000000000000e+00,0.000000000000000000e+00,5.925073458484293601e-05,0.000000000000000000e+00,3.510649548843502998e-09,0.000000000000000000e+00
1.000000000000000000e+00,6.017436599731445312e+01,2.480326080322265625e+01,1.594999980926513672e+01,5.000000000000000000e+00,-9.117008029691727744e-01,-8.822910996475866185e-02,6.050992537044660308e-02,-9.379038432419223303e-01,1.306888782702421512e-03,5.925073458484293601e-05,1.556600699110641505e-06,0.000000000000000000e+00
1.000000000000000000e+00,6.017448425292968750e+01,2.480357170104980469e+01,1.594999980926513672e+01,5.000000000000000000e+00,2.754913614156027091e-01,7.242756759797297494e-01,-9.117008029691727744e-01,-8.822910996475866185e-02,3.326286960863122488e-04,1.306888782702421512e-03,9.491827163732286955e-07,0.000000000000000000e+00
1.000000000000000000e+00,6.017461395263671875e+01,2.480393218994140625e+01,1.594999980926513672e+01,5.000000000000000000e+00,2.645374732207160240e-01,7.352585652752253731e-01,2.754913614156027091e-01,7.242756759797297494e-01,3.831112827523031235e-04,3.326286960863122488e-04,2.548491556489279710e-09,0.000000000000000000e+00
1.000000000000000000e+00,6.017466735839843750e+01,2.480408287048339844e+01,1.594999980926513672e+01,5.000000000000000000e+00,2.615540844226039718e-01,7.379561667637755118e-01,2.645374732207160240e-01,7.352585652752253731e-01,1.598649465011616670e-04,3.831112827523031235e-04,4.983892664955771422e-08,0.000000000000000000e+00
1.000000000000000000e+00,6.017469787597656250e+01,2.480416488647460938e+01,1.596666622161865234e+01,5.000000000000000000e+00,2.709456719246745027e-01,7.281664932975626670e-01,2.615540844226039718e-01,7.379561667637755118e-01,8.750968740047043964e-05,1.598649465011616670e-04,5.235283519528160570e-09,0.000000000000000000e+00
1.000000000000000000e+00,6.017471313476562500e+01,2.480421066284179688e+01,1.596666622161865234e+01,5.000000000000000000e+00,2.495910699909268671e-01,7.487732099727805180e-01,2.709456719246745027e-01,7.281664932975626670e-01,4.825252777356536137e-05,8.750968740047043964e-05,1.541124581972305962e-09,0.000000000000000000e+00
1.000000000000000000e+00,6.017472839355468750e+01,2.480422973632812500e+01,1.596666622161865234e+01,5.000000000000000000e+00,4.431536658380283433e-01,5.539420822975354985e-01,2.495910699909268671e-01,7.487732099727805180e-01,2.442598051999225056e-05,4.825252777356536137e-05,5.677043540267523986e-10,0.000000000000000000e+00
1.000000000000000000e+00,6.017473220825195312e+01,2.480425453186035156e+01,1.596666622161865234e+01,5.000000000000000000e+00,1.328689227880619494e-01,8.636479981224026714e-01,4.431536658380283433e-01,5.539420822975354985e-01,2.508725440591031141e-05,2.442598051999225056e-05,4.372831521971725331e-13,0.000000000000000000e+00
1.000000000000000000e+00,6.017473220825195312e+01,2.480425453186035156e+01,1.596666622161865234e+01,5.000000000000000000e+00,0.000000000000000000e+00,0.000000000000000000e+00,1.328689227880619494e-01,8.636479981224026714e-01,0.000000000000000000e+00,2.508725440591031141e-05,6.293703336268663406e-10,0.000000000000000000e+00
1.000000000000000000e+00,6.017472457885742188e+01,2.480422782897949219e+01,1.596666622161865234e+01,5.000000000000000000e+00,-2.215768329190141717e-01,-7.755189152165496980e-01,0.000000000000000000e+00,0.000000000000000000e+00,2.777141528808791372e-05,0.000000000000000000e+00,7.712515071034431458e-10,0.000000000000000000e+00
1.000000000000000000e+00,6.017472457885742188e+01,2.480422782897949219e+01,1.598333358764648438e+01,5.000000000000000000e+00,0.000000000000000000e+00,0.000000000000000000e+00,-2.215768329190141717e-01,-7.755189152165496980e-01,0.000000000000000000e+00,2.777141528808791372e-05,7.712515071034431458e-10,0.000000000000000000e+00
1.000000000000000000e+00,6.017443084716796875e+01,2.480332374572753906e+01,1.601666641235351562e+01,5.000000000000000000e+00,-2.452024591231068695e-01,-7.547140624957965338e-01,0.000000000000000000e+00,0.000000000000000000e+00,9.506023521173955068e-04,0.000000000000000000e+00,9.036448318511247635e-07,0.000000000000000000e+00
1.000000000000000000e+00,6.017441940307617188e+01,2.480327987670898438e+01,1.601666641235351562e+01,5.000000000000000000e+00,-2.065231806023735961e-01,-7.916721923090987989e-01,-2.452024591231068695e-01,-7.547140624957965338e-01,4.533715943910489332e-05,9.506023521173955068e-04,8.195050690748625890e-07,0.000000000000000000e+00
1.000000000000000000e+00,6.017441558837890625e+01,2.480330848693847656e+01,1.601666641235351562e+01,5.000000000000000000e+00,-1.172853452993159462e-01,8.796400897448696243e-01,-2.065231806023735961e-01,-7.916721923090987989e-01,2.886342229923545162e-05,4.533715943910489332e-05,2.713840153535138281e-10,0.000000000000000000e+00
1.000000000000000000e+00,6.017097854614257812e+01,2.470532417297363281e+01,1.816666603088378906e+01,5.000000000000000000e+00,0.000000000000000000e+00,0.000000000000000000e+00,-1.172853452993159462e-01,8.796400897448696243e-01,0.000000000000000000e+00,2.886342229923545162e-05,8.330971468240023693e-10,0.000000000000000000e+00
1.000000000000000000e+00,6.017098236083984375e+01,2.470531654357910156e+01,1.816666603088378906e+01,5.000000000000000000e+00,3.304458534068174247e-01,-6.608917068136348494e-01,0.000000000000000000e+00,0.000000000000000000e+00,8.529922399520072193e-06,0.000000000000000000e+00,7.275957614183427196e-11,0.000000000000000000e+00
1.000000000000000000e+00,6.017097854614257812e+01,2.470532989501953125e+01,1.816666603088378906e+01,5.000000000000000000e+00,-2.209351815062052804e-01,7.732731352717184814e-01,3.304458534068174247e-01,-6.608917068136348494e-01,1.388570764404395686e-05,8.529922399520072193e-06,2.868443558545976708e-11,0.000000000000000000e+00
1.000000000000000000e+00,6.017097473144531250e+01,2.470533561706542969e+01,1.816666603088378906e+01,5.000000000000000000e+00,-3.958492200820326046e-01,5.937738301230488513e-01,-2.209351815062052804e-01,7.732731352717184814e-01,6.877043295791605234e-06,1.388570764404395686e-05,4.912137594646355907e-11,0.000000000000000000e+00
1.000000000000000000e+00,6.017098236083984375e+01,2.470531845092773438e+01,1.816666603088378906e+01,5.000000000000000000e+00,3.064563738512789404e-01,-6.895268411653776575e-01,-3.958492200820326046e-01,5.937738301230488513e-01,1.878520546302052293e-05,6.877043295791605234e-06,1.418043262010220985e-10,0.000000000000000000e+00
1.000000000000000000e+00,6.017096328735351562e+01,2.470529556274414062e+01,1.818333244323730469e+01,5.000000000000000000e+00,-4.534647902366200634e-01,-5.441577482839441426e-01,3.064563738512789404e-01,-6.895268411653776575e-01,2.979373808252965537e-05,1.878520546302052293e-05,1.211877904347966073e-10,0.000000000000000000e+00
1.000000000000000000e+00,6.017094802856445312e+01,2.470526885986328125e+01,1.818333244323730469e+01,5.000000000000000000e+00,-3.627718321892960396e-01,-6.348507063312680554e-01,-4.534647902366200634e-01,-5.441577482839441426e-01,3.075507258719844487e-05,2.979373808252965537e-05,9.241640298667868801e-13,0.000000000000000000e+00
1.000000000000000000e+00,6.017094802856445312e+01,2.470526885986328125e+01,1.818333244323730469e+01,5.000000000000000000e+00,0.000000000000000000e+00,0.000000000000000000e+00,-3.627718321892960396e-01,-6.348507063312680554e-01,0.000000000000000000e+00,3.075507258719844487e-05,9.458744898438451606e-10,0.000000000000000000e+00
1.000000000000000000e+00,6.017096328735351562e+01,2.470524787902832031e+01,1.818333244323730469e+01,5.000000000000000000e+00,4.198939717334096433e-01,-5.773542111334382110e-01,0.000000000000000000e+00,0.000000000000000000e+00,2.594274617907608784e-05,0.000000000000000000e+00,6.730260793119669995e-10,0.000000000000000000e+00
1.000000000000000000e+00,6.017051696777343750e+01,2.470806503295898438e+01,1.820000076293945312e+01,5.000000000000000000e+00,-1.367579368471540935e-01,8.632114218942161799e-01,4.198939717334096433e-01,-5.773542111334382110e-01,2.852289858450064979e-03,2.594274617907608784e-05,7.988237999042557803e-06,0.000000000000000000e+00
1.000000000000000000e+00,6.017196273803710938e+01,2.470978164672851562e+01,1.820000076293945312e+01,5.000000000000000000e+00,4.571628658018947466e-01,5.428055134850993113e-01,-1.367579368471540935e-01,8.632114218942161799e-01,2.244329407431567419e-03,2.852289858450064979e-03,3.696159100026149862e-07,0.000000000000000000e+00
1.000000000000000000e+00,6.017196273803710938e+01,2.470978164672851562e+01,1.820000076293945312e+01,5.000000000000000000e+00,0.000000000000000000e+00,0.000000000000000000e+00,4.571628658018947466e-01,5.428055134850993113e-01,0.000000000000000000e+00,2.244329407431567419e-03,5.037014489062130451e-06,0.000000000000000000e+00
1.000000000000000000e+00,6.017293548583984375e+01,2.471049690246582031e+01,1.820000076293945312e+01,5.000000000000000000e+00,5.762370492463191329e-01,4.237037126811170062e-01,0.000000000000000000e+00,0.000000000000000000e+00,1.207405920754005095e-03,0.000000000000000000e+00,1.457829057471826884e-06,0.000000000000000000e+00
1.000000000000000000e+00,6.017422485351562500e+01,2.470984458923339844e+01,1.821666717529296875e+01,5.000000000000000000e+00,6.640129534358221175e-01,-3.359355474483005088e-01,5.762370492463191329e-01,4.237037126811170062e-01,1.444984967583475433e-03,1.207405920754005095e-03,5.644380349239966033e-08,0.000000000000000000e+00
1.000000000000000000e+00,6.017422485351562500e+01,2.470984458923339844e+01,1.821666717529296875e+01,5.000000000000000000e+00,0.000000000000000000e+00,0.000000000000000000e+00,6.640129534358221175e-01,-3.359355474483005088e-01,0.000000000000000000e+00,1.444984967583475433e-03,2.087981556542217731e-06,0.000000000000000000e+00
1.000000000000000000e+00,6.017422485351562500e+01,2.470984458923339844e+01,1.821666717529296875e+01,5.000000000000000000e+00,0.000000000000000000e+00,0.000000000000000000e+00,0.000000000000000000e+00,0.000000000000000000e+00,0.000000000000000000e+00,0.000000000000000000e+00,0.000000000000000000e+00,0.000000000000000000e+00
1.000000000000000000e+00,6.017422485351562500e+01,2.470984458923339844e+01,1.821666717529296875e+01,5.000000000000000000e+00,0.000000000000000000e+00,0.000000000000000000e+00,0.000000000000000000e+00,0.000000000000000000e+00,0.000000000000000000e+00,0.000000000000000000e+00,0.000000000000000000e+00,0.000000000000000000e+00
1.000000000000000000e+00,6.017422485351562500e+01,2.470984458923339844e+01,1.821666717529296875e+01,5.000000000000000000e+00,0.000000000000000000e+00,0.000000000000000000e+00,0.000000000000000000e+00,0.000000000000000000e+00,0.000000000000000000e+00,0.000000000000000000e+00,0.000000000000000000e+00,0.000000000000000000e+00
1.000000000000000000e+00,6.017440032958984375e+01,2.472105789184570312e+01,1.821666717529296875e+01,5.000000000000000000e+00,1.540766909971500766e-02,9.845835504046144271e-01,0.000000000000000000e+00,0.000000000000000000e+00,1.121467553377013086e-02,0.000000000000000000e+00,1.257689473277423802e-04,0.000000000000000000e+00
1.000000000000000000e+00,6.017419052124023438e+01,2.472178268432617188e+01,1.823333358764648438e+01,5.000000000000000000e+00,-2.244657786297660773e-01,7.754272352664646206e-01,1.540766909971500766e-02,9.845835504046144271e-01,7.545486619893067553e-04,1.121467553377013086e-02,1.094142541737513072e-04,0.000000000000000000e+00
1.000000000000000000e+00,6.017419052124023438e+01,2.472178268432617188e+01,1.823333358764648438e+01,5.000000000000000000e+00,0.000000000000000000e+00,0.000000000000000000e+00,-2.244657786297660773e-01,7.754272352664646206e-01,0.000000000000000000e+00,7.545486619893067553e-04,5.693436833098530769e-07,0.000000000000000000e+00
1.000000000000000000e+00,6.017268371582031250e+01,2.472292709350585938e+01,1.823333358764648438e+01,5.000000000000000000e+00,-5.683238873817073600e-01,4.316383954797777811e-01,0.000000000000000000e+00,0.000000000000000000e+00,1.892124452582058438e-03,0.000000000000000000e+00,3.580134944058954292e-06,0.000000000000000000e+00
1.000000000000000000e+00,6.017266082763671875e+01,2.472295379638671875e+01,1.823333358764648438e+01,5.000000000000000000e+00,-4.606096457309961090e-01,5.373779200194954697e-01,-5.683238873817073600e-01,4.316383954797777811e-01,3.516977103154330091e-05,1.892124452582058438e-03,3.448280689332375116e-06,0.000000000000000000e+00
1.000000000000000000e+00,6.017266464233398438e+01,2.472335624694824219e+01,1.823333358764648438e+01,5.000000000000000000e+00,9.387360713345690652e-03,9.903665552579703490e-01,-4.606096457309961090e-01,5.373779200194954697e-01,4.024686402513350317e-04,3.516977103154330091e-05,1.349084593301376856e-07,0.000000000000000000e+00
1.000000000000000000e+00,6.017266464233398438e+01,2.472335624694824219e+01,1.823333358764648438e+01,5.000000000000000000e+00,0.000000000000000000e+00,0.000000000000000000e+00,9.387360713345690652e-03,9.903665552579703490e-01,0.000000000000000000e+00,4.024686402513350317e-04,1.619810063857585456e-07,0.000000000000000000e+00
1.000000000000000000e+00,6.017266464233398438e+01,2.472335624694824219e+01,1.825000000000000000e+01,5.000000000000000000e+00,0.000000000000000000e+00,0.000000000000000000e+00,0.000000000000000000e+00,0.000000000000000000e+00,0.000000000000000000e+00,0.000000000000000000e+00,0.000000000000000000e+00,0.000000000000000000e+00
1.000000000000000000e+00,6.017270660400390625e+01,2.472668647766113281e+01,1.825000000000000000e+01,5.000000000000000000e+00,1.244306992351560878e-02,9.875272766571933092e-01,0.000000000000000000e+00,0.000000000000000000e+00,3.330495065725609573e-03,0.000000000000000000e+00,1.109219738282263279e-05,0.000000000000000000e+00
1.000000000000000000e+00,6.017322158813476562e+01,2.472920227050781250e+01,1.825000000000000000e+01,5.000000000000000000e+00,1.699125813009801644e-01,8.300544249481216497e-01,1.244306992351560878e-02,9.875272766571933092e-01,2.567960728368265215e-03,3.330495065725609573e-03,5.814586156490042396e-07,0.000000000000000000e+00
1.000000000000000000e+00,6.017334747314453125e+01,2.472942733764648438e+01,1.825000000000000000e+01,5.000000000000000000e+00,3.585934748610065670e-01,6.411216671757390406e-01,1.699125813009801644e-01,8.300544249481216497e-01,2.578803067192927500e-04,2.567960728368265215e-03,5.336471554485894950e-06,0.000000000000000000e+00
1.000000000000000000e+00,6.017328643798828125e+01,2.472950553894042969e+01,1.825000000000000000e+01,5.000000000000000000e+00,-4.380415617338105361e-01,5.612407509714447684e-01,3.585934748610065670e-01,6.411216671757390406e-01,9.920046710163760064e-05,2.578803067192927500e-04,2.517929150108475667e-08,0.000000000000000000e+00
1.000000000000000000e+00,6.017199707031250000e+01,2.473155784606933594e+01,1.825000000000000000e+01,5.000000000000000000e+00,-3.858332027558101784e-01,6.141368730255203356e-01,-4.380415617338105361e-01,5.612407509714447684e-01,2.423723077149895436e-03,9.920046710163760064e-05,5.403405364625565371e-06,0.000000000000000000e+00
1.000000000000000000e+00,6.017192459106445312e+01,2.473164367675781250e+01,1.826666641235351562e+01,5.000000000000000000e+00,-4.575423085038062276e-01,5.418264179650336132e-01,-3.858332027558101784e-01,6.141368730255203356e-01,1.123394342241456771e-04,2.423723077149895436e-03,5.342494344784709863e-06,0.000000000000000000e+00
1.000000000000000000e+00,6.017192459106445312e+01,2.473164367675781250e+01,1.826666641235351562e+01,5.000000000000000000e+00,0.000000000000000000e+00,0.000000000000000000e+00,-4.575423085038062276e-01,5.418264179650336132e-01,0.000000000000000000e+00,1.123394342241456771e-04,1.262014848180115223e-08,0.000000000000000000e+00
1.000000000000000000e+00,6.017192459106445312e+01,2.473164367675781250e+01,1.826666641235351562e+01,5.000000000000000000e+00,0.000000000000000000e+00,0.000000000000000000e+00,0.000000000000000000e+00,0.000000000000000000e+00,0.000000000000000000e+00,0.000000000000000000e+00,0.000000000000000000e+00,0.000000000000000000e+00
1.000000000000000000e+00,6.016822814941406250e+01,2.473480987548828125e+01,1.826666641235351562e+01,5.000000000000000000e+00,-5.386247250005608000e-01,4.613607035608519036e-01,0.000000000000000000e+00,0.000000000000000000e+00,4.867082830152419902e-03,0.000000000000000000e+00,2.368849527556448836e-05,0.000000000000000000e+00
1.000000000000000000e+00,6.016799163818359375e+01,2.473509979248046875e+01,1.826666641235351562e+01,5.000000000000000000e+00,-4.491900344402983691e-01,5.506200422171398934e-01,-5.386247250005608000e-01,4.613607035608519036e-01,3.741516063000252979e-04,4.867082830152419902e-03,2.018643098226777371e-05,0.000000000000000000e+00
1.000000000000000000e+00,6.016799163818359375e+01,2.473509979248046875e+01,1.826666641235351562e+01,5.000000000000000000e+00,0.000000000000000000e+00,0.000000000000000000e+00,-4.491900344402983691e-01,5.506200422171398934e-01,0.000000000000000000e+00,3.741516063000252979e-04,1.399894244968891408e-07,0.000000000000000000e+00
1.000000000000000000e+00,6.016753768920898438e+01,2.473501968383789062e+01,1.828333282470703125e+01,5.000000000000000000e+00,-8.498408709390918858e-01,-1.499719184010162298e-01,0.000000000000000000e+00,0.000000000000000000e+00,4.609631939370135816e-04,0.000000000000000000e+00,2.124870661646127966e-07,0.000000000000000000e+00
1.000000000000000000e+00,6.016742324829101562e+01,2.473477172851562500e+01,1.828333282470703125e+01,5.000000000000000000e+00,-3.157023584431034591e-01,-6.840217766267241428e-01,-8.498408709390918858e-01,-1.499719184010162298e-01,2.730907642989416568e-04,4.609631939370135816e-04,3.529604981811228405e-08,0.000000000000000000e+00
1.000000000000000000e+00,6.016742324829101562e+01,2.473477172851562500e+01,1.828333282470703125e+01,5.000000000000000000e+00,0.000000000000000000e+00,0.000000000000000000e+00,-3.157023584431034591e-01,-6.840217766267241428e-01,0.000000000000000000e+00,2.730907642989416568e-04,7.457856554538010227e-08,0.000000000000000000e+00
1.000000000000000000e+00,6.016662216186523438e+01,2.473595237731933594e+01,1.828333282470703125e+01,5.000000000000000000e+00,-4.042144441980251024e-01,5.957350975204226406e-01,0.000000000000000000e+00,0.000000000000000000e+00,1.426769448535763259e-03,0.000000000000000000e+00,2.035671059275045991e-06,0.000000000000000000e+00
1.000000000000000000e+00,6.016662216186523438e+01,2.473595237731933594e+01,1.828333282470703125e+01,5.000000000000000000e+00,0.000000000000000000e+00,0.000000000000000000e+00,-4.042144441980251024e-01,5.957350975204226406e-01,0.000000000000000000e+00,1.426769448535763259e-03,2.035671059275045991e-06,0.000000000000000000e+00
1.000000000000000000e+00,6.016662216186523438e+01,2.473595237731933594e+01,1.828333282470703125e+01,5.000000000000000000e+00,0.000000000000000000e+00,0.000000000000000000e+00,0.000000000000000000e+00,0.000000000000000000e+00,0.000000000000000000e+00,0.000000000000000000e+00,0.000000000000000000e+00,0.000000000000000000e+00
1.000000000000000000e+00,6.016698837280273438e+01,2.473469924926757812e+01,1.829999923706054688e+01,5.000000000000000000e+00,2.261344452796175686e-01,-7.738038049411913866e-01,0.000000000000000000e+00,0.000000000000000000e+00,1.305542172756958292e-03,0.000000000000000000e+00,1.704440364846959498e-06,0.000000000000000000e+00
1.000000000000000000e+00,6.016521072387695312e+01,2.473035049438476562e+01,1.829999923706054688e+01,5.000000000000000000e+00,-2.901571567274163765e-01,-7.098265207494734996e-01,2.261344452796175686e-01,-7.738038049411913866e-01,4.698053291962192048e-03,1.305542172756958292e-03,1.150913169393114855e-05,0.000000000000000000e+00
1.000000000000000000e+00,6.016521072387695312e+01,2.473035049438476562e+01,1.829999923706054688e+01,5.000000000000000000e+00,0.000000000000000000e+00,0.000000000000000000e+00,-2.901571567274163765e-01,-7.098265207494734996e-01,0.000000000000000000e+00,4.698053291962192048e-03,2.207170473411678929e-05,0.000000000000000000e+00
1.000000000000000000e+00,6.016701507568359375e+01,2.473443222045898438e+01,1.829999923706054688e+01,5.000000000000000000e+00,3.065404823235127196e-01,6.934425287233797475e-01,0.000000000000000000e+00,0.000000000000000000e+00,4.462753991324694934e-03,0.000000000000000000e+00,1.991617318708449602e-05,0.000000000000000000e+00
1.000000000000000000e+00,6.016701507568359375e+01,2.473443222045898438e+01,1.829999923706054688e+01,5.000000000000000000e+00,0.000000000000000000e+00,0.000000000000000000e+00,3.065404823235127196e-01,6.934425287233797475e-01,0.000000000000000000e+00,4.462753991324694934e-03,1.991617318708449602e-05,0.000000000000000000e+00
1.000000000000000000e+00,6.016679763793945312e+01,2.473417091369628906e+01,1.829999923706054688e+01,5.000000000000000000e+00,-4.540884170884388338e-01,-5.457027468518957924e-01,0.000000000000000000e+00,0.000000000000000000e+00,3.399417550217511373e-04,0.000000000000000000e+00,1.155603968072682619e-07,0.000000000000000000e+00
1.000000000000000000e+00,6.016687774658203125e+01,2.473427009582519531e+01,1.831666755676269531e+01,5.000000000000000000e+00,4.465594406850660891e-01,5.528831170386532268e-01,-4.540884170884388338e-01,-5.457027468518957924e-01,1.274930951467010722e-04,3.399417550217511373e-04,4.513443308270470865e-08,0.000000000000000000e+00
1.000000000000000000e+00,6.016690063476562500e+01,2.473430252075195312e+01,1.831666755676269531e+01,5.000000000000000000e+00,4.130463612047471922e-01,5.851490117067251751e-01,4.465594406850660891e-01,5.528831170386532268e-01,3.968935403191530768e-05,1.274930951467010722e-04,7.709496953752319728e-09,0.000000000000000000e+00
1.000000000000000000e+00,6.016691589355468750e+01,2.473432350158691406e+01,1.831666755676269531e+01,5.000000000000000000e+00,4.198939717334096433e-01,5.773542111334382110e-01,4.130463612047471922e-01,5.851490117067251751e-01,2.594274617907608784e-05,3.968935403191530768e-05,1.889692274597409042e-10,0.000000000000000000e+00
1.000000000000000000e+00,6.016691589355468750e+01,2.473432350158691406e+01,1.831666755676269531e+01,5.000000000000000000e+00,0.000000000000000000e+00,0.000000000000000000e+00,4.198939717334096433e-01,5.773542111334382110e-01,0.000000000000000000e+00,2.594274617907608784e-05,6.730260793119669995e-10,0.000000000000000000e+00
1.000000000000000000e+00,6.016703033447265625e+01,2.473448944091796875e+01,1.831666755676269531e+01,5.000000000000000000e+00,4.080177423087893995e-01,5.916257263477445738e-01,0.000000000000000000e+00,0.000000000000000000e+00,2.015752596337341699e-04,0.000000000000000000e+00,4.063258529640734196e-08,0.000000000000000000e+00
1.000000000000000000e+00,6.016704559326171875e+01,2.473450851440429688e+01,1.831666755676269531e+01,5.000000000000000000e+00,4.431536658380283433e-01,5.539420822975354985e-01,4.080177423087893995e-01,5.916257263477445738e-01,2.442598051999225056e-05,2.015752596337341699e-04,3.138186709051843729e-08,0.000000000000000000e+00
1.000000000000000000e+00,6.016704940795898438e+01,2.473451614379882812e+01,1.833333396911621094e+01,5.000000000000000000e+00,3.304458534068174247e-01,6.608917068136348494e-01,4.431536658380283433e-01,5.539420822975354985e-01,8.529922399520072193e-06,2.442598051999225056e-05,2.526846637694295088e-10,0.000000000000000000e+00
1.000000000000000000e+00,6.016611099243164062e+01,2.473561286926269531e+01,1.845000076293945312e+01,5.000000000000000000e+00,0.000000000000000000e+00,0.000000000000000000e+00,3.304458534068174247e-01,6.608917068136348494e-01,0.000000000000000000e+00,8.529922399520072193e-06,7.275957614183427196e-11,0.000000000000000000e+00
1.000000000000000000e+00,6.016656494140625000e+01,2.473533821105957031e+01,1.845000076293945312e+01,5.000000000000000000e+00,6.229511503108130510e-01,-3.769116203561221901e-01,0.000000000000000000e+00,0.000000000000000000e+00,5.305721440980073859e-04,0.000000000000000000e+00,2.815068000927566953e-07,0.000000000000000000e+00
1.000000000000000000e+00,6.016656494140625000e+01,2.473533821105957031e+01,1.845000076293945312e+01,5.000000000000000000e+00,0.000000000000000000e+00,0.000000000000000000e+00,6.229511503108130510e-01,-3.769116203561221901e-01,0.000000000000000000e+00,5.305721440980073859e-04,2.815068000927566953e-07,0.000000000000000000e+00
1.000000000000000000e+00,6.016693115234375000e+01,2.473539161682128906e+01,1.845000076293945312e+01,5.000000000000000000e+00,8.725193402636962636e-01,1.272424037884557213e-01,0.000000000000000000e+00,0.000000000000000000e+00,3.700846202281159528e-04,0.000000000000000000e+00,1.369626261293888092e-07,0.000000000000000000e+00
1.000000000000000000e+00,6.016681671142578125e+01,2.473542213439941406e+01,1.846666717529296875e+01,5.000000000000000000e+00,-7.889294391607911683e-01,2.103811837762109560e-01,8.725193402636962636e-01,1.272424037884557213e-01,1.184400535298158586e-04,3.700846202281159528e-04,6.332498794877519521e-08,0.000000000000000000e+00
1.000000000000000000e+00,6.016687774658203125e+01,2.473537445068359375e+01,1.846666717529296875e+01,5.000000000000000000e+00,5.608876023872273464e-01,-4.381934393650213644e-01,-7.889294391607911683e-01,2.103811837762109560e-01,7.745338632296353346e-05,1.184400535298158586e-04,1.679906888725263850e-09,0.000000000000000000e+00
1.000000000000000000e+00,6.016699218750000000e+01,2.473511314392089844e+01,1.846666717529296875e+01,5.000000000000000000e+00,3.044874928230267841e-01,-6.952464419459112310e-01,5.608876023872273464e-01,-4.381934393650213644e-01,2.852682035135260525e-04,7.745338632296353346e-05,4.318699824394691906e-08,0.000000000000000000e+00
1.000000000000000000e+00,6.016699218750000000e+01,2.473511314392089844e+01,1.846666717529296875e+01,5.000000000000000000e+00,0.000000000000000000e+00,0.000000000000000000e+00,3.044874928230267841e-01,-6.952464419459112310e-01,0.000000000000000000e+00,2.852682035135260525e-04,8.137794793583451378e-08,0.000000000000000000e+00
1.000000000000000000e+00,6.016711044311523438e+01,2.473520469665527344e+01,1.846666717529296875e+01,5.000000000000000000e+00,5.633678481796486892e-01,4.361557534294054350e-01,0.000000000000000000e+00,0.000000000000000000e+00,1.495536482537281726e-04,0.000000000000000000e+00,2.236629370599985123e-08,0.000000000000000000e+00
1.000000000000000000e+00,6.016730117797851562e+01,2.473524665832519531e+01,1.846666717529296875e+01,5.000000000000000000e+00,8.193200330643481966e-01,1.802504072741565877e-01,5.633678481796486892e-01,4.361557534294054350e-01,1.952961080348236764e-04,1.495536482537281726e-04,2.092372626825139582e-09,0.000000000000000000e+00
1.000000000000000000e+00,6.016730117797851562e+01,2.473524665832519531e+01,1.848333358764648438e+01,5.000000000000000000e+00,0.000000000000000000e+00,0.000000000000000000e+00,8.193200330643481966e-01,1.802504072741565877e-01,0.000000000000000000e+00,1.952961080348236764e-04,3.814056981354951859e-08,0.000000000000000000e+00
1.000000000000000000e+00,6.016730117797851562e+01,2.473524665832519531e+01,1.848333358764648438e+01,5.000000000000000000e+00,0.000000000000000000e+00,0.000000000000000000e+00,0.000000000000000000e+00,0.000000000000000000e+00,0.000000000000000000e+00,0.000000000000000000e+00,0.000000000000000000e+00,0.000000000000000000e+00
1.000000000000000000e+00,6.016893005371093750e+01,2.473387908935546875e+01,1.848333358764648438e+01,5.000000000000000000e+00,5.435846597763142052e-01,-4.563819684538844013e-01,0.000000000000000000e+00,0.000000000000000000e+00,2.126847676405593281e-03,0.000000000000000000e+00,4.523481038631871343e-06,0.000000000000000000e+00
1.000000000000000000e+00,6.017177581787109375e+01,2.473181533813476562e+01,1.848333358764648438e+01,5.000000000000000000e+00,5.796307733698947695e-01,-4.203488584358083813e-01,5.435846597763142052e-01,-4.563819684538844013e-01,3.515315456140948557e-03,2.126847676405593281e-03,1.927842775363227042e-06,0.000000000000000000e+00
1.000000000000000000e+00,6.017184448242187500e+01,2.473192024230957031e+01,1.848333358764648438e+01,5.000000000000000000e+00,3.953766030676163501e-01,6.040475880199693837e-01,5.796307733698947695e-01,-4.203488584358083813e-01,1.253782533992370231e-04,3.515315456140948557e-03,1.149167423853229875e-05,0.000000000000000000e+00
1.000000000000000000e+00,6.017183685302734375e+01,2.473224639892578125e+01,1.848333358764648438e+01,5.000000000000000000e+00,-2.285029706482998371e-02,9.768501995214818878e-01,3.953766030676163501e-01,6.040475880199693837e-01,3.262458366923358215e-04,1.253782533992370231e-04,4.034778601800998145e-08,0.000000000000000000e+00
1.000000000000000000e+00,6.017183685302734375e+01,2.473224639892578125e+01,1.850000000000000000e+01,5.000000000000000000e+00,0.000000000000000000e+00,0.000000000000000000e+00,-2.285029706482998371e-02,9.768501995214818878e-01,0.000000000000000000e+00,3.262458366923358215e-04,1.064363459590822591e-07,0.000000000000000000e+00
1.000000000000000000e+00,6.017175292968750000e+01,2.473542785644531250e+01,1.850000000000000000e+01,5.000000000000000000e+00,-2.570014753043525779e-02,9.742692291083183687e-01,0.000000000000000000e+00,0.000000000000000000e+00,3.182564229603617074e-03,0.000000000000000000e+00,1.012871507555246523e-05,0.000000000000000000e+00
1.000000000000000000e+00,6.017283248901367188e+01,2.473457527160644531e+01,1.850000000000000000e+01,5.000000000000000000e+00,5.587075100056262400e-01,-4.412407367005564129e-01,-2.570014753043525779e-02,9.742692291083183687e-01,1.375626855724640472e-03,3.182564229603617074e-03,3.265022673120652278e-06,0.000000000000000000e+00
1.000000000000000000e+00,6.017303466796875000e+01,2.473465538024902344e+01,1.850000000000000000e+01,5.000000000000000000e+00,7.159625874371335907e-01,2.836832893618831397e-01,5.587075100056262400e-01,-4.412407367005564129e-01,2.174712038229251773e-04,1.375626855724640472e-03,1.341324514031886938e-06,0.000000000000000000e+00
1.000000000000000000e+00,6.017316818237304688e+01,2.473464584350585938e+01,1.850000000000000000e+01,5.000000000000000000e+00,9.326813418195467609e-01,-6.662009584425333808e-02,7.159625874371335907e-01,2.836832893618831397e-01,1.338545689355678564e-04,2.174712038229251773e-04,6.991741629885621305e-09,0.000000000000000000e+00
1.000000000000000000e+00,6.017321395874023438e+01,2.473460388183593750e+01,1.850000000000000000e+01,5.000000000000000000e+00,5.211451518491897472e-01,-4.777163891950906294e-01,9.326813418195467609e-01,-6.662009584425333808e-02,6.209877241554148143e-05,1.338545689355678564e-04,5.148894334223429572e-09,0.000000000000000000e+00
1.000000000000000000e+00,6.017340469360351562e+01,2.473452758789062500e+01,1.851666641235351562e+01,5.000000000000000000e+00,7.140183205448272785e-01,-2.856073282179308892e-01,5.211451518491897472e-01,-4.777163891950906294e-01,2.054277346471597258e-04,6.209877241554148143e-05,2.054319141439265035e-08,0.000000000000000000e+00
1.000000000000000000e+00,6.017348098754882812e+01,2.473447799682617188e+01,1.851666641235351562e+01,5.000000000000000000e+00,6.055795483481146713e-01,-3.936267064262745086e-01,7.140183205448272785e-01,-2.856073282179308892e-01,9.099472383023501096e-05,2.054277346471597258e-04,1.309491396462640843e-08,0.000000000000000000e+00
1.000000000000000000e+00,6.017348098754882812e+01,2.473447799682617188e+01,1.851666641235351562e+01,5.000000000000000000e+00,0.000000000000000000e+00,0.000000000000000000e+00,6.055795483481146713e-01,-3.936267064262745086e-01,0.000000000000000000e+00,9.099472383023501096e-05,8.280039764940738678e-09,0.000000000000000000e+00
1.000000000000000000e+00,6.017351150512695312e+01,2.473439025878906250e+01,1.851666641235351562e+01,5.000000000000000000e+00,2.578464744960957677e-01,-7.413086141762753600e-01,0.000000000000000000e+00,0.000000000000000000e+00,9.289394883640992055e-05,0.000000000000000000e+00,8.629285730421544776e-09,0.000000000000000000e+00
1.000000000000000000e+00,6.017351150512695312e+01,2.473439025878906250e+01,1.851666641235351562e+01,5.000000000000000000e+00,0.000000000000000000e+00,0.000000000000000000e+00,2.578464744960957677e-01,-7.413086141762753600e-01,0.000000000000000000e+00,9.289394883640992055e-05,8.629285730421544776e-09,0.000000000000000000e+00
1.000000000000000000e+00,6.017355346679687500e+01,2.473426818847656250e+01,1.851666641235351562e+01,5.000000000000000000e+00,2.556580948009221088e-01,-7.437326394208643165e-01,0.000000000000000000e+00,0.000000000000000000e+00,1.290811486487474923e-04,0.000000000000000000e+00,1.666194293648004532e-08,0.000000000000000000e+00
1.000000000000000000e+00,6.017356872558593750e+01,2.473422050476074219e+01,1.853333282470703125e+01,5.000000000000000000e+00,2.420397014817864123e-01,-7.563740671305825281e-01,2.556580948009221088e-01,-7.437326394208643165e-01,5.006563090670275846e-05,1.290811486487474923e-04,6.243452044043384951e-09,0.000000000000000000e+00
1.000000000000000000e+00,6.017360305786132812e+01,2.473422622680664062e+01,1.853333282470703125e+01,5.000000000000000000e+00,8.550082354393236939e-01,1.425013725732206249e-01,2.420397014817864123e-01,-7.563740671305825281e-01,3.480584638766223699e-05,5.006563090670275846e-05,2.328610235675487681e-10,0.000000000000000000e+00
1.000000000000000000e+00,6.017360687255859375e+01,2.473419761657714844e+01,1.853333282470703125e+01,5.000000000000000000e+00,1.172853452993159462e-01,-8.796400897448696243e-01,8.550082354393236939e-01,1.425013725732206249e-01,2.886342229923545162e-05,3.480584638766223699e-05,3.531240404671491236e-11,0.000000000000000000e+00
1.000000000000000000e+00,6.017360305786132812e+01,2.473394393920898438e+01,1.853333282470703125e+01,5.000000000000000000e+00,-1.480906354495714096e-02,-9.848027257396498868e-01,1.172853452993159462e-01,-8.796400897448696243e-01,2.537060484771178548e-04,2.886342229923545162e-05,5.055420654656697158e-08,0.000000000000000000e+00
1.000000000000000000e+00,6.017390823364257812e+01,2.473709106445312500e+01,1.858333396911621094e+01,5.000000000000000000e+00,8.839522958242390649e-02,9.115758050687465808e-01,-1.480906354495714096e-02,-9.848027257396498868e-01,3.161887025143171777e-03,2.537060484771178548e-04,8.457516593042322287e-06,0.000000000000000000e+00
1.000000000000000000e+00,6.017390823364257812e+01,2.473709106445312500e+01,1.858333396911621094e+01,5.000000000000000000e+00,0.000000000000000000e+00,0.000000000000000000e+00,8.839522958242390649e-02,9.115758050687465808e-01,0.000000000000000000e+00,3.161887025143171777e-03,9.997529559768736362e-06,0.000000000000000000e+00
1.000000000000000000e+00,6.017517852783203125e+01,2.473621177673339844e+01,1.858333396911621094e+01,5.000000000000000000e+00,5.909219331607371561e-01,-4.090315483289787002e-01,0.000000000000000000e+00,0.000000000000000000e+00,1.544925312699714157e-03,0.000000000000000000e+00,2.386794221820309758e-06,0.000000000000000000e+00
1.000000000000000000e+00,6.017517852783203125e+01,2.473621177673339844e+01,1.860000038146972656e+01,5.000000000000000000e+00,0.000000000000000000e+00,0.000000000000000000e+00,5.909219331607371561e-01,-4.090315483289787002e-01,0.000000000000000000e+00,1.544925312699714157e-03,2.386794221820309758e-06,0.000000000000000000e+00
1.000000000000000000e+00,6.017473220825195312e+01,2.473357391357421875e+01,1.860000038146972656e+01,5.000000000000000000e+00,-1.447077384953122936e-01,-8.552598390556278574e-01,0.000000000000000000e+00,0.000000000000000000e+00,2.675354782850034377e-03,0.000000000000000000e+00,7.157523214118554341e-06,0.000000000000000000e+00
1.000000000000000000e+00,6.017461776733398438e+01,2.473079681396484375e+01,1.860000038146972656e+01,5.000000000000000000e+00,-3.957646771325169094e-02,-9.603889498415743020e-01,-1.447077384953122936e-01,-8.552598390556278574e-01,2.779456595109250534e-03,2.675354782850034377e-03,1.083718731565308765e-08,0.000000000000000000e+00
1.000000000000000000e+00,6.017458724975585938e+01,2.473054885864257812e+01,1.860000038146972656e+01,5.000000000000000000e+00,-1.095497016479605457e-01,-8.900913258896794300e-01,-3.957646771325169094e-02,-9.603889498415743020e-01,2.498262684636374186e-04,2.779456595109250534e-03,6.399029589485191197e-06,0.000000000000000000e+00
1.000000000000000000e+00,6.017453002929687500e+01,2.473039817810058594e+01,1.860000038146972656e+01,5.000000000000000000e+00,-2.750970366283121415e-01,-7.244221964545553005e-01,-1.095497016479605457e-01,-8.900913258896794300e-01,1.611794238153304692e-04,2.498262684636374186e-04,7.858263066101065922e-09,0.000000000000000000e+00
1.000000000000000000e+00,6.017351913452148438e+01,2.472972297668457031e+01,1.860000038146972656e+01,5.000000000000000000e+00,-5.995119550991045987e-01,-4.004287398209113724e-01,-2.750970366283121415e-01,-7.244221964545553005e-01,1.215650113766937254e-03,1.611794238153304692e-04,1.111908435967017596e-06,0.000000000000000000e+00
1.000000000000000000e+00,6.017347335815429688e+01,2.472959518432617188e+01,1.861666679382324219e+01,5.000000000000000000e+00,-2.635844020450775482e-01,-7.358397890425082410e-01,-5.995119550991045987e-01,-4.004287398209113724e-01,1.357437389271399261e-04,1.215650113766937254e-03,1.166197778419632762e-06,0.000000000000000000e+00
1.000000000000000000e+00,6.017346572875976562e+01,2.472964286804199219e+01,1.861666679382324219e+01,5.000000000000000000e+00,-1.376821204015823974e-01,8.605132525098899698e-01,-2.635844020450775482e-01,-7.358397890425082410e-01,4.829021034687867533e-05,1.357437389271399261e-04,7.648119661138570260e-09,0.000000000000000000e+00
1.000000000000000000e+00,6.017342376708984375e+01,2.472952461242675781e+01,1.861666679382324219e+01,5.000000000000000000e+00,-2.617413953896356449e-01,-7.376348415526096103e-01,-1.376821204015823974e-01,8.605132525098899698e-01,1.254797683975107225e-04,4.829021034687867533e-05,5.958227872051893302e-09,0.000000000000000000e+00
1.000000000000000000e+00,6.017341232299804688e+01,2.472946548461914062e+01,1.861666679382324219e+01,5.000000000000000000e+00,-1.619327043953458778e-01,-8.366523060426203084e-01,-2.617413953896356449e-01,-7.376348415526096103e-01,6.022511827029016130e-05,1.254797683975107225e-04,4.258169363225965545e-09,0.000000000000000000e+00
1.000000000000000000e+00,6.017287445068359375e+01,2.472542762756347656e+01,1.861666679382324219e+01,5.000000000000000000e+00,-1.175464098302577282e-01,-8.824317362079985294e-01,-1.619327043953458778e-01,-8.366523060426203084e-01,4.073523809753812515e-03,6.022511827029016130e-05,1.610656638706335321e-05,0.000000000000000000e+00
1.000000000000000000e+00,6.017275619506835938e+01,2.472523880004882812e+01,1.861666679382324219e+01,5.000000000000000000e+00,-3.849678049686140469e-01,-6.147066563208514189e-01,-1.175464098302577282e-01,-8.824317362079985294e-01,2.228008546275494421e-04,4.073523809753812515e-03,1.482806727713634197e-05,0.000000000000000000e+00
1.000000000000000000e+00,6.017272186279296875e+01,2.472479248046875000e+01,1.863333320617675781e+01,5.000000000000000000e+00,-7.141371374874845579e-02,-9.283782787337299114e-01,-3.849678049686140469e-01,-6.147066563208514189e-01,4.476381046052844352e-04,2.228008546275494421e-04,5.055178897755049407e-08,0.000000000000000000e+00
1.000000000000000000e+00,6.017271041870117188e+01,2.472470664978027344e+01,1.863333320617675781e+01,5.000000000000000000e+00,-1.175262400052551476e-01,-8.814468000394135583e-01,-7.141371374874845579e-02,-9.283782787337299114e-01,8.659026689770635147e-05,4.476381046052844352e-04,1.303555411133176380e-07,0.000000000000000000e+00
1.000000000000000000e+00,6.017380142211914062e+01,2.472206497192382812e+01,1.863333320617675781e+01,5.000000000000000000e+00,2.922762781325851100e-01,-7.076969321916615208e-01,-1.175262400052551476e-01,-8.814468000394135583e-01,2.858102579553959462e-03,8.659026689770635147e-05,7.681280499205212506e-06,0.000000000000000000e+00
1.000000000000000000e+00,6.017383575439453125e+01,2.472211456298828125e+01,1.863333320617675781e+01,5.000000000000000000e+00,4.086040313854386041e-01,5.902058231123001875e-01,2.922762781325851100e-01,-7.076969321916615208e-01,6.031565971695669663e-05,2.858102579553959462e-03,7.827611648811023175e-06,0.000000000000000000e+00
1.000000000000000000e+00,6.017410659790039062e+01,2.472251129150390625e+01,1.863333320617675781e+01,5.000000000000000000e+00,4.056535202077706792e-01,5.941967056564528837e-01,4.086040313854386041e-01,5.902058231123001875e-01,4.803641533006112975e-04,6.031565971695669663e-05,1.764407369618975037e-07,0.000000000000000000e+00
1.000000000000000000e+00,6.017410659790039062e+01,2.472251129150390625e+01,1.863333320617675781e+01,5.000000000000000000e+00,0.000000000000000000e+00,0.000000000000000000e+00,4.056535202077706792e-01,5.941967056564528837e-01,0.000000000000000000e+00,4.803641533006112975e-04,2.307497197762131956e-07,0.000000000000000000e+00
1.000000000000000000e+00,6.017410659790039062e+01,2.472251129150390625e+01,1.864999961853027344e+01,5.000000000000000000e+00,0.000000000000000000e+00,0.000000000000000000e+00,0.000000000000000000e+00,0.000000000000000000e+00,0.000000000000000000e+00,0.000000000000000000e+00,0.000000000000000000e+00,0.000000000000000000e+00
1.000000000000000000e+00,6.017410659790039062e+01,2.472251129150390625e+01,1.864999961853027344e+01,5.000000000000000000e+00,0.000000000000000000e+00,0.000000000000000000e+00,0.000000000000000000e+00,0.000000000000000000e+00,0.000000000000000000e+00,0.000000000000000000e+00,0.000000000000000000e+00,0.000000000000000000e+00
1.000000000000000000e+00,6.017410659790039062e+01,2.472251129150390625e+01,1.864999961853027344e+01,5.000000000000000000e+00,0.000000000000000000e+00,0.000000000000000000e+00,0.000000000000000000e+00,0.000000000000000000e+00,0.000000000000000000e+00,0.000000000000000000e+00,0.000000000000000000e+00,0.000000000000000000e+00
1.000000000000000000e+00,6.017419052124023438e+01,2.471071434020996094e+01,1.864999961853027344e+01,5.000000000000000000e+00,7.063674692568996764e-03,-9.929279084895282770e-01,0.000000000000000000e+00,0.000000000000000000e+00,1.179724980487776784e-02,0.000000000000000000e+00,1.391751029586885395e-04,0.000000000000000000e+00
1.000000000000000000e+00,6.017410659790039062e+01,2.471050834655761719e+01,1.864999961853027344e+01,5.000000000000000000e+00,-2.893738715471278478e-01,-7.102813210702227931e-01,7.063674692568996764e-03,-9.929279084895282770e-01,2.224331624925727992e-04,1.179724980487776784e-02,1.339763803048372971e-04,0.000000000000000000e+00
1.000000000000000000e+00,6.017410659790039062e+01,2.471050834655761719e+01,1.864999961853027344e+01,5.000000000000000000e+00,0.000000000000000000e+00,0.000000000000000000e+00,-2.893738715471278478e-01,-7.102813210702227931e-01,0.000000000000000000e+00,2.224331624925727992e-04,4.947651177644729614e-08,0.000000000000000000e+00
1.000000000000000000e+00,6.017304229736328125e+01,2.471070289611816406e+01,1.866666603088378906e+01,5.000000000000000000e+00,-8.453873899297134065e-01,1.545331788043562138e-01,0.000000000000000000e+00,0.000000000000000000e+00,1.081935841351180363e-03,0.000000000000000000e+00,1.170585164800286505e-06,0.000000000000000000e+00
1.000000000000000000e+00,6.017304229736328125e+01,2.471070289611816406e+01,1.866666603088378906e+01,5.000000000000000000e+00,0.000000000000000000e+00,0.000000000000000000e+00,-8.453873899297134065e-01,1.545331788043562138e-01,0.000000000000000000e+00,1.081935841351180363e-03,1.170585164800286505e-06,0.000000000000000000e+00
1.000000000000000000e+00,6.017201614379882812e+01,2.470993614196777344e+01,1.866666603088378906e+01,5.000000000000000000e+00,-5.723085048424055854e-01,-4.276357229491581369e-01,0.000000000000000000e+00,0.000000000000000000e+00,1.280977386600209728e-03,0.000000000000000000e+00,1.640903064981103155e-06,0.000000000000000000e+00
1.000000000000000000e+00,6.017200851440429688e+01,2.470991706848144531e+01,1.866666603088378906e+01,5.000000000000000000e+00,-2.846483022208943781e-01,-7.116207555522359174e-01,-5.723085048424055854e-01,-4.276357229491581369e-01,2.054277346471597191e-05,1.280977386600209728e-03,1.588695413990021759e-06,0.000000000000000000e+00
1.000000000000000000e+00,6.017092895507812500e+01,2.470788955688476562e+01,1.866666603088378906e+01,5.000000000000000000e+00,-3.474412425246064529e-01,-6.525265738580506847e-01,-2.846483022208943781e-01,-7.116207555522359174e-01,2.297009275861829937e-03,2.054277346471597191e-05,5.182299736536149216e-06,0.000000000000000000e+00
1.000000000000000000e+00,6.017080688476562500e+01,2.470792388916015625e+01,1.866666603088378906e+01,5.000000000000000000e+00,-7.799890988723541252e-01,2.193719340578496046e-01,-3.474412425246064529e-01,-6.525265738580506847e-01,1.268064128005574138e-04,2.297009275861829937e-03,4.709780466839344715e-06,0.000000000000000000e+00
1.000000000000000000e+00,6.017079162597656250e+01,2.470790100097656250e+01,1.868333244323730469e+01,5.000000000000000000e+00,-3.989541655921500785e-01,-5.984312483882251454e-01,-7.799890988723541252e-01,2.193719340578496046e-01,2.750817318316642094e-05,1.268064128005574138e-04,9.860140391112796681e-09,0.000000000000000000e+00
1.000000000000000000e+00,6.017079162597656250e+01,2.470766258239746094e+01,1.868333244323730469e+01,5.000000000000000000e+00,0.000000000000000000e+00,-9.995807454481043797e-01,-3.989541655921500785e-01,-5.984312483882251454e-01,2.384185791015625000e-04,2.750817318316642094e-05,4.448319932466260935e-08,0.000000000000000000e+00
1.000000000000000000e+00,6.017049789428710938e+01,2.470572090148925781e+01,1.868333244323730469e+01,5.000000000000000000e+00,-1.313934395901317775e-01,-8.685618279399619501e-01,0.000000000000000000e+00,-9.995807454481043797e-01,1.963772658601167873e-03,2.384185791015625000e-04,2.976846699645930512e-06,0.000000000000000000e+00
1.000000000000000000e+00,6.017049789428710938e+01,2.470572090148925781e+01,1.868333244323730469e+01,5.000000000000000000e+00,0.000000000000000000e+00,0.000000000000000000e+00,-1.313934395901317775e-01,-8.685618279399619501e-01,0.000000000000000000e+00,1.963772658601167873e-03,3.856403054669499397e-06,0.000000000000000000e+00
1.000000000000000000e+00,6.017102432250976562e+01,2.470524978637695312e+01,1.868333244323730469e+01,5.000000000000000000e+00,5.276717682646194785e-01,-4.722279955121775896e-01,0.000000000000000000e+00,0.000000000000000000e+00,7.064531991936031340e-04,0.000000000000000000e+00,4.990761226508767472e-07,0.000000000000000000e+00
1.000000000000000000e+00,6.017102813720703125e+01,2.470524787902832031e+01,1.868333244323730469e+01,5.000000000000000000e+00,6.552159382063228454e-01,-3.276079691031614227e-01,5.276717682646194785e-01,-4.722279955121775896e-01,4.264961199760036097e-06,7.064531991936031340e-04,4.930683215768981045e-07,0.000000000000000000e+00
1.000000000000000000e+00,6.017103958129882812e+01,2.470523643493652344e+01,1.870000076293945312e+01,5.000000000000000000e+00,4.978249695198365687e-01,-4.978249695198365687e-01,6.552159382063228454e-01,-3.276079691031614227e-01,1.618438982818330677e-05,4.264961199760036097e-06,1.420727788280762630e-10,0.000000000000000000e+00
1.000000000000000000e+00,6.017103958129882812e+01,2.470523834228515625e+01,1.870000076293945312e+01,5.000000000000000000e+00,0.000000000000000000e+00,9.501830432614539745e-01,4.978249695198365687e-01,-4.978249695198365687e-01,1.907348632812500000e-06,1.618438982818330677e-05,2.038339052943150828e-10,0.000000000000000000e+00
1.000000000000000000e+00,6.017104339599609375e+01,2.470520591735839844e+01,1.870000076293945312e+01,5.000000000000000000e+00,1.049734929333524108e-01,-8.922746899334954573e-01,0.000000000000000000e+00,9.501830432614539745e-01,3.264854959225404758e-05,1.907348632812500000e-06,9.450214364287698321e-10,0.000000000000000000e+00
1.000000000000000000e+00,6.017102813720703125e+01,2.470523071289062500e+01,1.870000076293945312e+01,5.000000000000000000e+00,-3.800036601952549997e-01,6.175059478172892913e-01,1.049734929333524108e-01,-8.922746899334954573e-01,2.911441330427884521e-05,3.264854959225404758e-05,1.249011930198314259e-11,0.000000000000000000e+00
1.000000000000000000e+00,6.017102050781250000e+01,2.470522689819335938e+01,1.870000076293945312e+01,5.000000000000000000e+00,-6.608917068136348494e-01,-3.304458534068174247e-01,-3.800036601952549997e-01,6.175059478172892913e-01,8.529922399520072193e-06,2.911441330427884521e-05,4.237212658080966365e-10,0.000000000000000000e+00
1.000000000000000000e+00,6.017102050781250000e+01,2.470522689819335938e+01,1.870000076293945312e+01,5.000000000000000000e+00,0.000000000000000000e+00,0.000000000000000000e+00,-6.608917068136348494e-01,-3.304458534068174247e-01,0.000000000000000000e+00,8.529922399520072193e-06,7.275957614183427196e-11,0.000000000000000000e+00
1.000000000000000000e+00,6.017100143432617188e+01,2.470521163940429688e+01,1.871666717529296875e+01,5.000000000000000000e+00,-5.539420822975354985e-01,-4.431536658380283433e-01,0.000000000000000000e+00,0.000000000000000000e+00,2.442598051999225056e-05,0.000000000000000000e+00,5.966285243630409241e-10,0.000000000000000000e+00
1.000000000000000000e+00,6.017103958129882812e+01,2.470517539978027344e+01,1.871666717529296875e+01,5.000000000000000000e+00,5.121320392753651030e-01,-4.865254373115968645e-01,-5.539420822975354985e-01,-4.431536658380283433e-01,5.261655511525620401e-05,2.442598051999225056e-05,7.947084960111413982e-10,0.000000000000000000e+00
1.000000000000000000e+00,6.017082595825195312e+01,2.470533370971679688e+01,1.063333320617675781e+01,6.000000000000000000e+00,0.000000000000000000e+00,0.000000000000000000e+00,5.121320392753651030e-01,-4.865254373115968645e-01,0.000000000000000000e+00,5.261655511525620401e-05,2.768501872196793970e-09,1.000000000000000000e+00
1.000000000000000000e+00,6.017087173461914062e+01,2.470522689819335938e+01,1.063333320617675781e+01,6.000000000000000000e+00,2.998035207646316813e-01,-6.995415484508072934e-01,0.000000000000000000e+00,0.000000000000000000e+00,1.162074753702378640e-04,0.000000000000000000e+00,1.350417733192444013e-08,1.000000000000000000e+00
1.000000000000000000e+00,6.017097473144531250e+01,2.470529174804687500e+01,1.063333320617675781e+01,6.000000000000000000e+00,6.132709879321353030e-01,3.861335849943073883e-01,2.998035207646316813e-01,-6.995415484508072934e-01,1.217121592219834605e-04,1.162074753702378640e-04,3.030154430766873755e-11,1.000000000000000000e+00
1.000000000000000000e+00,6.017097473144531250e+01,2.470529174804687500e+01,1.063333320617675781e+01,6.000000000000000000e+00,0.000000000000000000e+00,0.000000000000000000e+00,6.132709879321353030e-01,3.861335849943073883e-01,0.000000000000000000e+00,1.217121592219834605e-04,1.481384970247745348e-08,1.000000000000000000e+00
1.000000000000000000e+00,6.016952896118164062e+01,2.470711708068847656e+01,1.316666698455810547e+01,6.000000000000000000e+00,0.000000000000000000e+00,0.000000000000000000e+00,0.000000000000000000e+00,0.000000000000000000e+00,0.000000000000000000e+00,0.000000000000000000e+00,0.000000000000000000e+00,1.000000000000000000e+00
1.000000000000000000e+00,6.016605377197265625e+01,2.470628356933593750e+01,1.316666698455810547e+01,6.000000000000000000e+00,-8.065328527890073262e-01,-1.934439388961559925e-01,0.000000000000000000e+00,0.000000000000000000e+00,3.573748901791079166e-03,0.000000000000000000e+00,1.277168121305294504e-05,1.000000000000000000e+00
1.000000000000000000e+00,6.016766357421875000e+01,2.470676040649414062e+01,1.316666698455810547e+01,6.000000000000000000e+00,7.714438337527687040e-01,2.285082445950144259e-01,-8.065328527890073262e-01,-1.934439388961559925e-01,1.678939232662014606e-03,3.573748901791079166e-03,3.590303682224995003e-06,1.000000000000000000e+00
1.000000000000000000e+00,6.016759109497070312e+01,2.470687484741210938e+01,1.316666698455810547e+01,6.000000000000000000e+00,-3.875477687300286633e-01,6.119175295737294684e-01,7.714438337527687040e-01,2.285082445950144259e-01,1.354620430340934989e-04,1.678939232662014606e-03,2.382321834901705797e-06,1.000000000000000000e+00
1.000000000000000000e+00,6.016604995727539062e+01,2.470627975463867188e+01,1.316666698455810547e+01,6.000000000000000000e+00,-7.213948019073301854e-01,-2.785583888553057053e-01,-3.875477687300286633e-01,6.119175295737294684e-01,1.652041405325744249e-03,1.354620430340934989e-04,2.300012962128949978e-06,1.000000000000000000e+00
1.000000000000000000e+00,6.016604995727539062e+01,2.470627975463867188e+01,1.318333339691162109e+01,6.000000000000000000e+00,0.000000000000000000e+00,0.000000000000000000e+00,-7.213948019073301854e-01,-2.785583888553057053e-01,0.000000000000000000e+00,1.652041405325744249e-03,2.729240804910659790e-06,1.000000000000000000e+00
1.000000000000000000e+00,6.016606903076171875e+01,2.470629310607910156e+01,1.318333339691162109e+01,6.000000000000000000e+00,5.864267264965796755e-01,4.104987085476057840e-01,0.000000000000000000e+00,0.000000000000000000e+00,2.328215716501942076e-05,0.000000000000000000e+00,5.420588422566651264e-10,1.000000000000000000e+00
1.000000000000000000e+00,6.016606903076171875e+01,2.470629310607910156e+01,1.318333339691162109e+01,6.000000000000000000e+00,0.000000000000000000e+00,0.000000000000000000e+00,5.864267264965796755e-01,4.104987085476057840e-01,0.000000000000000000e+00,2.328215716501942076e-05,5.420588422566651264e-10,1.000000000000000000e+00
1.000000000000000000e+00,6.016620254516601562e+01,2.470638465881347656e+01,1.318333339691162109e+01,6.000000000000000000e+00,5.929568812056494886e-01,4.065990042553025430e-01,0.000000000000000000e+00,0.000000000000000000e+00,1.618888486780009823e-04,0.000000000000000000e+00,2.620799932628870010e-08,1.000000000000000000e+00
1.000000000000000000e+00,6.016620254516601562e+01,2.470638465881347656e+01,1.318333339691162109e+01,6.000000000000000000e+00,0.000000000000000000e+00,0.000000000000000000e+00,5.929568812056494886e-01,4.065990042553025430e-01,0.000000000000000000e+00,1.618888486780009823e-04,2.620799932628870010e-08,1.000000000000000000e+00
1.000000000000000000e+00,6.016636276245117188e+01,2.470536994934082031e+01,1.318333339691162109e+01,6.000000000000000000e+00,1.363520312120551636e-01,-8.635628643430161011e-01,0.000000000000000000e+00,0.000000000000000000e+00,1.027280337766261348e-03,0.000000000000000000e+00,1.055304892361164093e-06,1.000000000000000000e+00
1.000000000000000000e+00,6.016625976562500000e+01,2.470509147644042969e+01,1.319999980926513672e+01,6.000000000000000000e+00,-2.699292396693960816e-01,-7.298086850320709695e-01,1.363520312120551636e-01,-8.635628643430161011e-01,2.969099231306464542e-04,1.027280337766261348e-03,5.334409425749999717e-07,1.000000000000000000e+00
1.000000000000000000e+00,6.016621780395507812e+01,2.470491218566894531e+01,1.319999980926513672e+01,6.000000000000000000e+00,-1.895694922328071130e-01,-8.099787395401758516e-01,-2.699292396693960816e-01,-7.298086850320709695e-01,1.841357175620601024e-04,2.969099231306464542e-04,1.271802144162577355e-08,1.000000000000000000e+00
1.000000000000000000e+00,6.016625213623046875e+01,2.470402908325195312e+01,1.319999980926513672e+01,6.000000000000000000e+00,3.741795888007790061e-02,-9.624730534153370654e-01,-1.895694922328071130e-01,-8.099787395401758516e-01,8.837695310605254853e-04,1.841357175620601024e-04,4.894874729904054621e-07,1.000000000000000000e+00
1.000000000000000000e+00,6.016614913940429688e+01,2.470357513427734375e+01,1.319999980926513672e+01,6.000000000000000000e+00,-1.848983082314294424e-01,-8.149221733163002357e-01,3.741795888007790061e-02,-9.624730534153370654e-01,4.654868609857666043e-04,8.837695310605254853e-04,1.749603920848695966e-07,1.000000000000000000e+00
1.000000000000000000e+00,6.016614913940429688e+01,2.470357513427734375e+01,1.319999980926513672e+01,6.000000000000000000e+00,0.000000000000000000e+00,0.000000000000000000e+00,-1.848983082314294424e-01,-8.149221733163002357e-01,0.000000000000000000e+00,4.654868609857666043e-04,2.166780177503823969e-07,1.000000000000000000e+00
1.000000000000000000e+00,6.016599655151367188e+01,2.470091056823730469e+01,1.319999980926513672e+01,6.000000000000000000e+00,-5.416192305712148186e-02,-9.458025813849838537e-01,0.000000000000000000e+00,0.000000000000000000e+00,2.668931480217286763e-03,0.000000000000000000e+00,7.123195246094837785e-06,1.000000000000000000e+00
1.000000000000000000e+00,6.016487884521484375e+01,2.470170021057128906e+01,1.321666622161865234e+01,6.000000000000000000e+00,-5.859692783339001121e-01,4.139782956147348703e-01,-5.416192305712148186e-02,-9.458025813849838537e-01,1.368503703341849686e-03,2.668931480217286763e-03,1.691112402869191632e-06,1.000000000000000000e+00
1.000000000000000000e+00,6.016476058959960938e+01,2.470171928405761719e+01,1.321666622161865234e+01,6.000000000000000000e+00,-8.604845254015920375e-01,1.387878266776761405e-01,-5.859692783339001121e-01,4.139782956147348703e-01,1.197839238594633655e-04,1.368503703341849686e-03,1.559301087670539517e-06,1.000000000000000000e+00
1.000000000000000000e+00,6.016472244262695312e+01,2.470173263549804688e+01,1.321666622161865234e+01,6.000000000000000000e+00,-7.393051525192443352e-01,2.587568033817355118e-01,-8.604845254015920375e-01,1.387878266776761405e-01,4.041599292834680788e-05,1.197839238594633655e-04,6.299268460286489113e-09,1.000000000000000000e+00
1.000000000000000000e+00,6.016444778442382812e+01,2.470321273803710938e+01,1.321666622161865234e+01,6.000000000000000000e+00,-1.565128198050793340e-01,8.434301956162608693e-01,-7.393051525192443352e-01,2.587568033817355118e-01,1.505370603766100282e-03,4.041599292834680788e-05,2.146092011814794037e-06,1.000000000000000000e+00
1.000000000000000000e+00,6.016427230834960938e+01,2.470310211181640625e+01,1.321666622161865234e+01,6.000000000000000000e+00,-6.131190326990562101e-01,-3.865315640928832508e-01,-1.565128198050793340e-01,8.434301956162608693e-01,2.074367694751361668e-04,1.505370603766100282e-03,1.684632238197243675e-06,1.000000000000000000e+00
1.000000000000000000e+00,6.016354751586914062e+01,2.470343208312988281e+01,1.321666622161865234e+01,6.000000000000000000e+00,-6.870957981768833767e-01,3.128094028542127147e-01,-6.131190326990562101e-01,-3.865315640928832508e-01,7.963700191879973488e-04,2.074367694751361668e-04,3.468423726173513635e-07,1.000000000000000000e+00
1.000000000000000000e+00,6.016329193115234375e+01,2.470382308959960938e+01,1.323333358764648438e+01,6.000000000000000000e+00,-3.952191124961497715e-01,6.046262541918708822e-01,-6.870957981768833767e-01,3.128094028542127147e-01,4.671291115186122084e-04,7.963700191879973488e-04,1.083995752829605921e-07,1.000000000000000000e+00
1.000000000000000000e+00,6.016308212280273438e+01,2.470359420776367188e+01,1.323333358764648438e+01,6.000000000000000000e+00,-4.781518742218121565e-01,-5.216202264237951303e-01,-3.952191124961497715e-01,6.046262541918708822e-01,3.104938620777074072e-04,4.671291115186122084e-04,2.453460136741446682e-08,1.000000000000000000e+00
1.000000000000000000e+00,6.016263580322265625e+01,2.470324516296386719e+01,1.323333358764648438e+01,6.000000000000000000e+00,-5.610805353017525032e-01,-4.387937519667551300e-01,-4.781518742218121565e-01,-5.216202264237951303e-01,5.665981290401586297e-04,3.104938620777074072e-04,6.558939555637448747e-08,1.000000000000000000e+00
1.000000000000000000e+00,6.016237640380859375e+01,2.470444869995117188e+01,1.323333358764648438e+01,6.000000000000000000e+00,-1.773020916089953769e-01,8.226295573917358217e-01,-5.610805353017525032e-01,-4.387937519667551300e-01,1.231173966515866375e-03,5.665981290401586297e-04,4.416610437565383002e-07,1.000000000000000000e+00
1.000000000000000000e+00,6.016218948364257812e+01,2.470382499694824219e+01,1.323333358764648438e+01,6.000000000000000000e+00,-2.305597930040577670e-01,-7.693168603298662367e-01,-1.773020916089953769e-01,8.226295573917358217e-01,6.511102704817507041e-04,1.231173966515866375e-03,3.364738914567589443e-07,1.000000000000000000e+00
1.000000000000000000e+00,6.016202926635742188e+01,2.470294761657714844e+01,1.323333358764648438e+01,6.000000000000000000e+00,-1.543968844790864214e-01,-8.455067483378542192e-01,-2.305597930040577670e-01,-7.693168603298662367e-01,8.918889471472587040e-04,6.511102704817507041e-04,5.797437113679324944e-08,1.000000000000000000e+00
1.000000000000000000e+00,6.016197204589843750e+01,2.470251083374023438e+01,1.325000000000000000e+01,6.000000000000000000e+00,-1.158066733400957143e-01,-8.839909398293972487e-01,-1.543968844790864214e-01,-8.455067483378542192e-01,4.405149572365041235e-04,8.918889471472587040e-04,2.037384787679539856e-07,1.000000000000000000e+00
1.000000000000000000e+00,6.016194152832031250e+01,2.470214843750000000e+01,1.325000000000000000e+01,6.000000000000000000e+00,-7.765014027342539982e-02,-9.220954157469266610e-01,-1.158066733400957143e-01,-8.839909398293972487e-01,3.636789209050014901e-04,4.405149572365041235e-04,5.903776479135992988e-09,1.000000000000000000e+00
1.000000000000000000e+00,6.016193389892578125e+01,2.470206832885742188e+01,1.325000000000000000e+01,6.000000000000000000e+00,-8.685752530819829120e-02,-9.120040157360820299e-01,-7.765014027342539982e-02,-9.220954157469266610e-01,8.047112697497935477e-05,3.636789209050014901e-04,8.020665454270989154e-08,1.000000000000000000e+00
1.000000000000000000e+00,6.016195678710937500e+01,2.470197868347167969e+01,1.325000000000000000e+01,6.000000000000000000e+00,2.032092539435058631e-01,-7.959029112787313620e-01,-8.685752530819829120e-02,-9.120040157360820299e-01,9.252115505702898819e-05,8.047112697497935477e-05,1.452031767781847643e-10,1.000000000000000000e+00
1.000000000000000000e+00,6.016196060180664062e+01,2.470210075378417969e+01,1.325000000000000000e+01,6.000000000000000000e+00,3.027897741740573009e-02,9.689272773569833630e-01,2.032092539435058631e-01,-7.959029112787313620e-01,1.221299025999612528e-04,9.252115505702898819e-05,8.766779310610974649e-10,1.000000000000000000e+00
1.000000000000000000e+00,6.016209411621093750e+01,2.470188331604003906e+01,1.325000000000000000e+01,6.000000000000000000e+00,3.803264127313705778e-01,-6.193887293053749188e-01,3.027897741740573009e-02,9.689272773569833630e-01,2.551573411283972821e-04,1.221299025999612528e-04,1.769629940143682720e-08,1.000000000000000000e+00
1.000000000000000000e+00,6.016205596923828125e+01,2.470201492309570312e+01,1.326666641235351562e+01,6.000000000000000000e+00,-2.245867998156160228e-01,7.748244593638753397e-01,3.803264127313705778e-01,-6.193887293053749188e-01,1.370241169407791846e-04,2.551573411283972821e-04,1.395545865696203810e-08,1.000000000000000000e+00
1.000000000000000000e+00,6.016178131103515625e+01,2.470137977600097656e+01,1.326666641235351562e+01,6.000000000000000000e+00,-3.018536146272734477e-01,-6.980364838255698201e-01,-2.245867998156160228e-01,7.748244593638753397e-01,6.919891332119650637e-04,1.370241169407791846e-04,3.079861692848776877e-07,1.000000000000000000e+00
1.000000000000000000e+00,6.016196441650390625e+01,2.470080566406250000e+01,1.326666641235351562e+01,6.000000000000000000e+00,2.417816717307031960e-01,-7.580862832389756445e-01,-3.018536146272734477e-01,-6.980364838255698201e-01,6.026044561629738958e-04,6.919891332119650637e-04,7.989620491152448578e-09,1.000000000000000000e+00
1.000000000000000000e+00,6.016192626953125000e+01,2.469976997375488281e+01,1.326666641235351562e+01,6.000000000000000000e+00,-3.552067085941677804e-02,-9.643862138331654732e-01,2.417816717307031960e-01,-7.580862832389756445e-01,1.036392592030173278e-03,6.026044561629738958e-04,1.881721468191398340e-07,1.000000000000000000e+00
1.000000000000000000e+00,6.016186141967773438e+01,2.469929122924804688e+01,1.326666641235351562e+01,6.000000000000000000e+00,-1.192763034615476475e-01,-8.805397696720135281e-01,-3.552067085941677804e-02,-9.643862138331654732e-01,4.831167626222288361e-04,1.036392592030173278e-03,3.061141434070488560e-07,1.000000000000000000e+00
1.000000000000000000e+00,6.016174316406250000e+01,2.469826316833496094e+01,1.326666641235351562e+01,6.000000000000000000e+00,-1.031523990740423058e-01,-8.967603725953032789e-01,-1.192763034615476475e-01,-8.805397696720135281e-01,1.034839906241324025e-03,4.831167626222288361e-04,3.043984272049367207e-07,1.000000000000000000e+00
1.000000000000000000e+00,6.016156387329101562e+01,2.469748115539550781e+01,1.328333377838134766e+01,6.000000000000000000e+00,-1.864885369638754620e-01,-8.134074484594567833e-01,-1.031523990740423058e-01,-8.967603725953032789e-01,8.023025727314971739e-04,1.034839906241324025e-03,5.407361147586043971e-08,1.000000000000000000e+00
1.000000000000000000e+00,6.016143417358398438e+01,2.469688606262207031e+01,1.328333377838134766e+01,6.000000000000000000e+00,-1.789226823643969844e-01,-8.209393661425273825e-01,-1.864885369638754620e-01,-8.134074484594567833e-01,6.090627414327096653e-04,8.023025727314971739e-04,3.734163240038385787e-08,1.000000000000000000e+00
1.000000000000000000e+00,6.016131973266601562e+01,2.469651794433593750e+01,1.328333377838134766e+01,6.000000000000000000e+00,-2.371050152908076025e-01,-7.626877991854310590e-01,-1.789226823643969844e-01,-8.209393661425273825e-01,3.854968174847743013e-04,6.090627414327096653e-04,4.998172235069402157e-08,1.000000000000000000e+00
1.000000000000000000e+00,6.016115951538085938e+01,2.469616317749023438e+01,1.328333377838134766e+01,6.000000000000000000e+00,-3.110507110536308018e-01,-6.887551459044681801e-01,-2.371050152908076025e-01,-7.626877991854310590e-01,3.892673801810061954e-04,3.854968174847743013e-04,1.421714304621552984e-11,1.000000000000000000e+00
1.000000000000000000e+00,6.016079711914062500e+01,2.469544982910156250e+01,1.328333377838134766e+01,6.000000000000000000e+00,-3.368481196051539839e-01,-6.630589301701451665e-01,-3.110507110536308018e-01,-6.887551459044681801e-01,8.001230896285716236e-04,3.892673801810061954e-04,1.688024139856622978e-07,1.000000000000000000e+00
1.000000000000000000e+00,6.016031646728515625e+01,2.469483947753906250e+01,1.328333377838134766e+01,6.000000000000000000e+00,-4.405190631366129317e-01,-5.593892865226831601e-01,-3.368481196051539839e-01,-6.630589301701451665e-01,7.768881747148321127e-04,8.001230896285716236e-04,5.398612710487147868e-10,1.000000000000000000e+00
1.000000000000000000e+00,6.015995025634765625e+01,2.469475936889648438e+01,1.330000019073486328e+01,6.000000000000000000e+00,-8.203290219392075366e-01,-1.794469735492016382e-01,-4.405190631366129317e-01,-5.593892865226831601e-01,3.748704380987365626e-04,7.768881747148321127e-04,1.616182605539283680e-07,1.000000000000000000e+00
1.000000000000000000e+00,6.015982055664062500e+01,2.469474411010742188e+01,1.330000019073486328e+01,6.000000000000000000e+00,-8.941200310488965908e-01,-1.051905918881054780e-01,-8.203290219392075366e-01,-1.794469735492016382e-01,1.305941983690161903e-04,3.748704380987365626e-04,5.967088129649182344e-08,1.000000000000000000e+00
1.000000000000000000e+00,6.015961837768554688e+01,2.469441986083984375e+01,1.330000019073486328e+01,6.000000000000000000e+00,-3.839850294409002385e-01,-6.158250472165380796e-01,-8.941200310488965908e-01,-1.051905918881054780e-01,3.821176748089951552e-04,1.305941983690161903e-04,6.326405920045265532e-08,1.000000000000000000e+00
1.000000000000000000e+00,6.015946578979492188e+01,2.469396209716796875e+01,1.330000019073486328e+01,6.000000000000000000e+00,-2.499590467097870805e-01,-7.498771401293612415e-01,-3.839850294409002385e-01,-6.158250472165380796e-01,4.825252777356535730e-04,3.821176748089951552e-04,1.008168672547750360e-08,1.000000000000000000e+00
1.000000000000000000e+00,6.015948486328125000e+01,2.469366455078125000e+01,1.330000019073486328e+01,6.000000000000000000e+00,6.022194358893954297e-02,-9.394623199874568842e-01,-2.499590467097870805e-01,-7.498771401293612415e-01,2.981570896861134739e-04,4.825252777356535730e-04,3.399162876467057841e-08,1.000000000000000000e+00
1.000000000000000000e+00,6.015959167480468750e+01,2.469364929199218750e+01,1.330000019073486328e+01,6.000000000000000000e+00,8.742837867219174219e-01,-1.248976838174167686e-01,6.022194358893954297e-02,-9.394623199874568842e-01,1.078959321878887254e-04,2.981570896861134739e-04,3.619930805256428159e-08,1.000000000000000000e+00
1.000000000000000000e+00,6.015958023071289062e+01,2.469367218017578125e+01,1.331666660308837891e+01,6.000000000000000000e+00,-3.323652493785212991e-01,6.647304987570425983e-01,8.742837867219174219e-01,-1.248976838174167686e-01,2.558976719856021658e-05,1.078959321878887254e-04,6.774304795250565853e-09,1.000000000000000000e+00
1.000000000000000000e+00,6.015955352783203125e+01,2.469356536865234375e+01,1.331666660308837891e+01,6.000000000000000000e+00,-1.998503155396662012e-01,-7.994012621586648049e-01,-3.323652493785212991e-01,6.647304987570425983e-01,1.100987982914872101e-04,2.558976719856021658e-05,7.141776336265301407e-09,1.000000000000000000e+00
1.000000000000000000e+00,6.015955352783203125e+01,2.469371032714843750e+01,1.331666660308837891e+01,6.000000000000000000e+00,0.000000000000000000e+00,9.993106229370021243e-01,-1.998503155396662012e-01,-7.994012621586648049e-01,1.449584960937500000e-04,1.100987982914872101e-04,1.215198530865085097e-09,1.000000000000000000e+00
1.000000000000000000e+00,6.015957260131835938e+01,2.469374465942382812e+01,1.331666660308837891e+01,6.000000000000000000e+00,3.564753722857679774e-01,6.416556701143824037e-01,0.000000000000000000e+00,9.993106229370021243e-01,3.927471214670944519e-05,1.449584960937500000e-04,1.116906218936474755e-08,1.000000000000000000e+00
1.000000000000000000e+00,6.015949249267578125e+01,2.469360542297363281e+01,1.331666660308837891e+01,6.000000000000000000e+00,-3.650509636177276529e-01,-6.344933415260504139e-01,3.564753722857679774e-01,6.416556701143824037e-01,1.606368067371283248e-04,3.927471214670944519e-05,1.472875800337377990e-08,1.000000000000000000e+00
1.000000000000000000e+00,6.015944290161132812e+01,2.469355964660644531e+01,1.331666660308837891e+01,6.000000000000000000e+00,-5.194553116271551918e-01,-4.794972107327586941e-01,-3.650509636177276529e-01,-6.344933415260504139e-01,6.748888402158405948e-05,1.606368067371283248e-04,8.676535506221006719e-09,1.000000000000000000e+00
1.000000000000000000e+00,6.016028213500976562e+01,2.469663429260253906e+01,1.333333301544189453e+01,6.000000000000000000e+00,2.144194728286271667e-01,7.855549777266976896e-01,-5.194553116271551918e-01,-4.794972107327586941e-01,3.187124205039440234e-03,6.748888402158405948e-05,9.732124536142184248e-06,1.000000000000000000e+00
1.000000000000000000e+00,6.016028976440429688e+01,2.469663047790527344e+01,1.333333301544189453e+01,6.000000000000000000e+00,6.608917068136348494e-01,-3.304458534068174247e-01,2.144194728286271667e-01,7.855549777266976896e-01,8.529922399520072193e-06,3.187124205039440234e-03,1.010346161363118809e-05,1.000000000000000000e+00
1.000000000000000000e+00,6.016028976440429688e+01,2.469669151306152344e+01,1.333333301544189453e+01,6.000000000000000000e+00,0.000000000000000000e+00,9.983642799637074683e-01,6.608917068136348494e-01,-3.304458534068174247e-01,6.103515625000000000e-05,8.529922399520072193e-06,2.756799581693583259e-09,1.000000000000000000e+00
1.000000000000000000e+00,6.016028976440429688e+01,2.469669151306152344e+01,1.335000038146972656e+01,6.000000000000000000e+00,0.000000000000000000e+00,0.000000000000000000e+00,0.000000000000000000e+00,9.983642799637074683e-01,0.000000000000000000e+00,6.103515625000000000e-05,3.725290298461914062e-09,1.000000000000000000e+00
1.000000000000000000e+00,6.016017532348632812e+01,2.469689941406250000e+01,1.335000038146972656e+01,6.000000000000000000e+00,-3.549194792757688899e-01,6.447703873509802452e-01,0.000000000000000000e+00,0.000000000000000000e+00,2.373174033074414168e-04,0.000000000000000000e+00,5.631954991258680820e-08,1.000000000000000000e+00
1.000000000000000000e+00,6.016014480590820312e+01,2.469696617126464844e+01,1.335000038146972656e+01,6.000000000000000000e+00,-3.134033066806803935e-01,6.855697333639882984e-01,-3.549194792757688899e-01,6.447703873509802452e-01,7.340195238072912771e-05,2.373174033074414168e-04,2.686827505250742790e-08,1.000000000000000000e+00
1.000000000000000000e+00,6.016013336181640625e+01,2.469692039489746094e+01,1.335000038146972656e+01,6.000000000000000000e+00,-1.996510844408023178e-01,-7.986043377632092710e-01,-3.134033066806803935e-01,6.855697333639882984e-01,4.718519926778023098e-05,7.340195238072912771e-05,6.873181437853156369e-10,1.000000000000000000e+00
1.000000000000000000e+00,6.016010665893554688e+01,2.469701194763183594e+01,1.335000038146972656e+01,6.000000000000000000e+00,-2.256156651840838245e-01,7.735394234882874143e-01,-1.996510844408023178e-01,-7.986043377632092710e-01,9.536743164062500000e-05,4.718519926778023098e-05,2.321527516430810432e-09,1.000000000000000000e+00
1.000000000000000000e+00,6.016009521484375000e+01,2.469701766967773438e+01,1.335000038146972656e+01,6.000000000000000000e+00,-6.628055445186158412e-01,3.314027722593079206e-01,-2.256156651840838245e-01,7.735394234882874143e-01,1.279488359928010829e-05,9.536743164062500000e-05,6.818225690040208804e-09,1.000000000000000000e+00
1.000000000000000000e+00,6.015961074829101562e+01,2.469388389587402344e+01,1.383333301544189453e+01,6.000000000000000000e+00,0.000000000000000000e+00,0.000000000000000000e+00,-6.628055445186158412e-01,3.314027722593079206e-01,0.000000000000000000e+00,1.279488359928010829e-05,1.637090463191271087e-10,1.000000000000000000e+00
1.000000000000000000e+00,6.015961837768554688e+01,2.469382286071777344e+01,1.383333301544189453e+01,6.000000000000000000e+00,1.109495291479502127e-01,-8.875962331836017016e-01,0.000000000000000000e+00,0.000000000000000000e+00,6.151014517439688974e-05,0.000000000000000000e+00,3.783497959375380643e-09,1.000000000000000000e+00
1.000000000000000000e+00,6.015964889526367188e+01,2.469400215148925781e+01,1.383333301544189453e+01,6.000000000000000000e+00,1.453852511431351635e-01,8.541383504659190162e-01,1.109495291479502127e-01,-8.875962331836017016e-01,1.818694677896151254e-04,6.151014517439688974e-05,1.448636654039418318e-08,1.000000000000000000e+00
1.000000000000000000e+00,6.015963363647460938e+01,2.469396018981933594e+01,1.383333301544189453e+01,6.000000000000000000e+00,-2.662014459210697570e-01,-7.320539762829418873e-01,1.453852511431351635e-01,8.541383504659190162e-01,4.464988674438333770e-05,1.818694677896151254e-04,1.882921342222893504e-08,1.000000000000000000e+00
1.000000000000000000e+00,6.015955352783203125e+01,2.469379615783691406e+01,1.383333301544189453e+01,6.000000000000000000e+00,-3.279906550277006394e-01,-6.715999126757680182e-01,-2.662014459210697570e-01,-7.320539762829418873e-01,1.825483110657562030e-04,4.464988674438333770e-05,1.901597543031739875e-08,1.000000000000000000e+00
1.000000000000000000e+00,6.015945434570312500e+01,2.469361877441406250e+01,1.383333301544189453e+01,6.000000000000000000e+00,-3.584910671968010720e-01,-6.411474855635095338e-01,-3.279906550277006394e-01,-6.715999126757680182e-01,2.032288694967135205e-04,1.825483110657562030e-04,4.276854970162398078e-10,1.000000000000000000e+00
1.000000000000000000e+00,6.015945053100585938e+01,2.469366073608398438e+01,1.385000038146972656e+01,6.000000000000000000e+00,-8.315168570418966787e-02,9.146685427460863327e-01,-3.584910671968010720e-01,-6.411474855635095338e-01,4.213470847010521375e-05,2.032288694967135205e-04,2.595132871686680740e-08,1.000000000000000000e+00
1.000000000000000000e+00,6.015953826904296875e+01,2.469385528564453125e+01,1.385000038146972656e+01,6.000000000000000000e+00,3.107007454915862721e-01,6.889451313074305139e-01,-8.315168570418966787e-02,9.146685427460863327e-01,2.134185902511499811e-04,4.213470847010521375e-05,2.933816815798291915e-08,1.000000000000000000e+00
1.000000000000000000e+00,6.015968704223632812e+01,2.469436836242675781e+01,1.385000038146972656e+01,6.000000000000000000e+00,2.247499038393129533e-01,7.750990273432716293e-01,3.107007454915862721e-01,6.889451313074305139e-01,5.342108642870429993e-04,2.134185902511499811e-04,1.029076830811194840e-07,1.000000000000000000e+00
1.000000000000000000e+00,6.016001510620117188e+01,2.469478416442871094e+01,1.388333320617675781e+01,6.000000000000000000e+00,4.409663606740243935e-01,5.588992245752169019e-01,2.247499038393129533e-01,7.750990273432716293e-01,5.296388107542986850e-04,5.342108642870429993e-04,2.090367350627976571e-11,1.000000000000000000e+00
1.000000000000000000e+00,6.016029739379882812e+01,2.469477081298828125e+01,1.388333320617675781e+01,6.000000000000000000e+00,9.545158443851476937e-01,-4.514601966686509343e-02,4.409663606740243935e-01,5.588992245752169019e-01,2.826031647948840423e-04,5.296388107542986850e-04,6.102661037458525553e-08,1.000000000000000000e+00
1.000000000000000000e+00,6.016062164306640625e+01,2.469514083862304688e+01,1.388333320617675781e+01,6.000000000000000000e+00,4.669657075503076959e-01,5.328902780279981544e-01,9.545158443851476937e-01,-4.514601966686509343e-02,4.919924368409073212e-04,2.826031647948840423e-04,4.384386724796354776e-08,1.000000000000000000e+00
1.000000000000000000e+00,6.016087722778320312e+01,2.469587326049804688e+01,1.388333320617675781e+01,6.000000000000000000e+00,2.586610785908161625e-01,7.412377177527865735e-01,4.669657075503076959e-01,5.328902780279981544e-01,7.757353610856310665e-04,4.919924368409073212e-04,8.051004705894704381e-08,1.000000000000000000e+00
1.000000000000000000e+00,6.016121673583984375e+01,2.469637870788574219e+01,1.389999961853027344e+01,6.000000000000000000e+00,4.017583212039035345e-01,5.981233433653619924e-01,2.586610785908161625e-01,7.412377177527865735e-01,6.088865101576068032e-04,7.757353610856310665e-04,2.783853905600206369e-08,1.000000000000000000e+00
1.000000000000000000e+00,6.016141891479492188e+01,2.469671058654785156e+01,1.389999961853027344e+01,6.000000000000000000e+00,3.785005559644695206e-01,6.213122333756385673e-01,4.017583212039035345e-01,5.981233433653619924e-01,3.886126300572218754e-04,6.088865101576068032e-04,4.852058225447875439e-08,1.000000000000000000e+00
1.000000000000000000e+00,6.016158294677734375e+01,2.469788169860839844e+01,1.389999961853027344e+01,6.000000000000000000e+00,1.228479417569017379e-01,8.770771655667169986e-01,3.785005559644695206e-01,6.213122333756385673e-01,1.182543846804674651e-03,3.886126300572218754e-04,6.303267769260908318e-07,1.000000000000000000e+00
1.000000000000000000e+00,6.016171264648437500e+01,2.469846343994140625e+01,1.389999961853027344e+01,6.000000000000000000e+00,1.822800087878693465e-01,8.175794511808845977e-01,1.228479417569017379e-01,8.770771655667169986e-01,5.960243220991058620e-04,1.182543846804674651e-03,3.440051528608463186e-07,1.000000000000000000e+00
1.000000000000000000e+00,6.016174697875976562e+01,2.469906044006347656e+01,1.389999961853027344e+01,6.000000000000000000e+00,5.437205238229625426e-02,9.454695775365959953e-01,1.822800087878693465e-01,8.175794511808845977e-01,5.979864972434291610e-04,5.960243220991058620e-04,3.850131297000159046e-12,1.000000000000000000e+00
1.000000000000000000e+00,6.016190338134765625e+01,2.469952583312988281e+01,1.389999961853027344e+01,6.000000000000000000e+00,2.514932960376708992e-01,7.483459052828255187e-01,5.437205238229625426e-02,9.454695775365959953e-01,4.909709520510321641e-04,5.979864972434291610e-04,1.145232691282596369e-08,1.000000000000000000e+00
1.000000000000000000e+00,6.016188812255859375e+01,2.470033454895019531e+01,1.391666698455810547e+01,6.000000000000000000e+00,-1.851627132896701070e-02,9.813623804352514801e-01,2.514932960376708992e-01,7.483459052828255187e-01,8.088597583434186484e-04,4.909709520510321641e-04,1.010532931659984225e-07,1.000000000000000000e+00
1.000000000000000000e+00,6.016196060180664062e+01,2.470085525512695312e+01,1.391666698455810547e+01,6.000000000000000000e+00,1.221659002843960562e-01,8.776655467800031918e-01,-1.851627132896701070e-02,9.813623804352514801e-01,5.257263203523090392e-04,8.088597583434186484e-04,8.016454370866550966e-08,1.000000000000000000e+00
1.000000000000000000e+00,6.016205215454101562e+01,2.470140838623046875e+01,1.391666698455810547e+01,6.000000000000000000e+00,1.419898095996167675e-01,8.578550996643512505e-01,1.221659002843960562e-01,8.776655467800031918e-01,5.606566871517295941e-04,5.257263203523090392e-04,1.220130524742061682e-09,1.000000000000000000e+00
1.000000000000000000e+00,6.016194534301757812e+01,2.470184898376464844e+01,1.391666698455810547e+01,6.000000000000000000e+00,-1.950863130965433123e-01,8.047310415232411529e-01,1.419898095996167675e-01,8.578550996643512505e-01,4.533595578172588763e-04,5.606566871517295941e-04,1.151267396341813650e-08,1.000000000000000000e+00
1.000000000000000000e+00,6.016192245483398438e+01,2.470196914672851562e+01,1.391666698455810547e+01,6.000000000000000000e+00,-1.598882300262080280e-01,8.394132076375920848e-01,-1.950863130965433123e-01,8.047310415232411529e-01,1.223233699403683788e-04,4.533595578172588763e-04,1.095849576840639549e-07,1.000000000000000000e+00
1.000000000000000000e+00,6.016196060180664062e+01,2.470205497741699219e+01,1.391666698455810547e+01,6.000000000000000000e+00,3.074443240465142835e-01,6.917497291046571517e-01,-1.598882300262080280e-01,8.394132076375920848e-01,9.392602731510262145e-05,1.223233699403683788e-04,8.064090681767355280e-10,1.000000000000000000e+00
1.000000000000000000e+00,6.016190338134765625e+01,2.470295333862304688e+01,1.393333339691162109e+01,6.000000000000000000e+00,-5.987397381118133438e-02,9.400213888355469782e-01,3.074443240465142835e-01,6.917497291046571517e-01,9.001816691481865198e-04,9.392602731510262145e-05,6.500481599876781289e-07,1.000000000000000000e+00
1.000000000000000000e+00,6.016207504272460938e+01,2.470380210876464844e+01,1.393333339691162109e+01,6.000000000000000000e+00,1.682078150768315794e-01,8.316941967687783155e-01,-5.987397381118133438e-02,9.400213888355469782e-01,8.659551845284947647e-04,9.001816691481865198e-04,1.171452249421996190e-09,1.000000000000000000e+00
1.000000000000000000e+00,6.016208648681640625e+01,2.470392227172851562e+01,1.393333339691162109e+01,6.000000000000000000e+00,8.689049906380701127e-02,9.123502401699735698e-01,1.682078150768315794e-01,8.316941967687783155e-01,1.207066904624690254e-04,8.659551845284947647e-04,5.553953179076791991e-07,1.000000000000000000e+00
1.000000000000000000e+00,6.016266632080078125e+01,2.470386123657226562e+01,1.393333339691162109e+01,6.000000000000000000e+00,9.046207494632457768e-01,-9.522323678560482008e-02,8.689049906380701127e-02,9.123502401699735698e-01,5.830375114301391323e-04,1.207066904624690254e-04,2.137497880166398201e-07,1.000000000000000000e+00
1.000000000000000000e+00,6.016305541992187500e+01,2.470379829406738281e+01,1.393333339691162109e+01,6.000000000000000000e+00,8.605691198047745738e-01,-1.392097105566547088e-01,9.046207494632457768e-01,-9.522323678560482008e-02,3.941571830588040779e-04,5.830375114301391323e-04,3.567577844566335773e-08,1.000000000000000000e+00
1.000000000000000000e+00,6.016345977783203125e+01,2.470367431640625000e+01,1.394999980926513672e+01,6.000000000000000000e+00,7.651981284489646207e-01,-2.346126337225599157e-01,8.605691198047745738e-01,-1.392097105566547088e-01,4.229370874797957797e-04,3.941571830588040779e-04,8.282828984814177343e-10,1.000000000000000000e+00
1.000000000000000000e+00,6.016373062133789062e+01,2.470354461669921875e+01,1.394999980926513672e+01,6.000000000000000000e+00,6.760216999690317197e-01,-3.237287013936208102e-01,7.651981284489646207e-01,-2.346126337225599157e-01,3.002968842165855564e-04,4.229370874797957797e-04,1.504061945644152090e-08,1.000000000000000000e+00
1.000000000000000000e+00,6.016413116455078125e+01,2.470340156555175781e+01,1.394999980926513672e+01,6.000000000000000000e+00,7.367065802036766309e-01,-2.631094929298845031e-01,6.760216999690317197e-01,-3.237287013936208102e-01,4.253216385074188016e-04,3.002968842165855564e-04,1.563118918548322533e-08,1.000000000000000000e+00
1.000000000000000000e+00,6.016454315185546875e+01,2.470319366455078125e+01,1.394999980926513672e+01,6.000000000000000000e+00,6.645081865636562890e-01,-3.353305200714747358e-01,7.367065802036766309e-01,-2.631094929298845031e-01,4.614719551941673338e-04,4.253216385074188016e-04,1.306845396552209332e-09,1.000000000000000000e+00
1.000000000000000000e+00,6.016470336914062500e+01,2.470302963256835938e+01,1.394999980926513672e+01,6.000000000000000000e+00,4.939653058339616987e-01,-5.057263845442940831e-01,6.645081865636562890e-01,-3.353305200714747358e-01,2.292947223991198568e-04,4.614719551941673338e-04,5.390626742836566661e-08,1.000000000000000000e+00
1.000000000000000000e+00,6.016500473022460938e+01,2.470288085937500000e+01,1.394999980926513672e+01,6.000000000000000000e+00,6.693428269440454548e-01,-3.304350664660477555e-01,4.939653058339616987e-01,-5.057263845442940831e-01,3.360832724230462397e-04,2.292947223991198568e-04,1.140379441621262723e-08,1.000000000000000000e+00
1.000000000000000000e+00,6.016532135009765625e+01,2.470258331298828125e+01,1.396666622161865234e+01,6.000000000000000000e+00,5.154440244979143770e-01,-4.843931796486423691e-01,6.693428269440454548e-01,-3.304350664660477555e-01,4.344905019187452226e-04,3.360832724230462397e-04,9.683982817019168678e-09,1.000000000000000000e+00
1.000000000000000000e+00,6.016551589965820312e+01,2.470242309570312500e+01,1.396666622161865234e+01,6.000000000000000000e+00,5.482325635729620172e-01,-4.514856405894981939e-01,5.154440244979143770e-01,-4.843931796486423691e-01,2.520299783196858104e-04,4.344905019187452226e-04,3.329184267204291566e-08,1.000000000000000000e+00
1.000000000000000000e+00,6.016479873657226562e+01,2.470176696777343750e+01,1.396666622161865234e+01,6.000000000000000000e+00,-5.221841979293383451e-01,-4.777429895949265592e-01,5.482325635729620172e-01,-4.514856405894981939e-01,9.720219914937125406e-04,2.520299783196858104e-04,5.183884990343879294e-07,1.000000000000000000e+00
1.000000000000000000e+00,6.016594314575195312e+01,2.470329284667968750e+01,1.396666622161865234e+01,6.000000000000000000e+00,4.285553795397979981e-01,5.714071727197307382e-01,-5.221841979293383451e-01,-4.777429895949265592e-01,1.907348632812500000e-03,9.720219914937125406e-04,8.748359259606836512e-07,1.000000000000000000e+00
1.000000000000000000e+00,6.016643905639648438e+01,2.470443916320800781e+01,1.396666622161865234e+01,6.000000000000000000e+00,3.019560613310704467e-01,6.979830494614359671e-01,4.285553795397979981e-01,5.714071727197307382e-01,1.248987169853931498e-03,1.907348632812500000e-03,4.334398159089465684e-07,1.000000000000000000e+00
1.000000000000000000e+00,6.016663360595703125e+01,2.470482444763183594e+01,1.396666622161865234e+01,6.000000000000000000e+00,3.354684598395157313e-01,6.643591067410017370e-01,3.019560613310704467e-01,6.979830494614359671e-01,4.316174449133774863e-04,1.248987169853931498e-03,6.680932672493970339e-07,1.000000000000000000e+00
1.000000000000000000e+00,6.016676712036132812e+01,2.470530891418457031e+01,1.398333358764648438e+01,6.000000000000000000e+00,2.160144278480408964e-01,7.838237810486055057e-01,3.354684598395157313e-01,6.643591067410017370e-01,5.025275483723040627e-04,4.316174449133774863e-04,5.028242772555671006e-09,1.000000000000000000e+00
1.000000000000000000e+00,6.016695785522460938e+01,2.470629501342773438e+01,1.398333358764648438e+01,6.000000000000000000e+00,1.620607833834686318e-01,8.378542500925327818e-01,2.160144278480408964e-01,7.838237810486055057e-01,1.004376177256138336e-03,5.025275483723040627e-04,2.518520463125844123e-07,1.000000000000000000e+00
1.000000000000000000e+00,6.016712188720703125e+01,2.470659637451171875e+01,1.398333358764648438e+01,6.000000000000000000e+00,3.523832990429964784e-01,6.474018749859702382e-01,1.620607833834686318e-01,8.378542500925327818e-01,3.431107608302132704e-04,1.004376177256138336e-03,4.372719509609520794e-07,1.000000000000000000e+00
1.000000000000000000e+00,6.016742324829101562e+01,2.470686912536621094e+01,1.398333358764648438e+01,6.000000000000000000e+00,5.248255283300342633e-01,4.750003199442714985e-01,3.523832990429964784e-01,6.474018749859702382e-01,4.064622141927290498e-04,3.431107608302132704e-04,4.013406643143011728e-09,1.000000000000000000e+00
1.000000000000000000e+00,6.016776275634765625e+01,2.470674896240234375e+01,1.398333358764648438e+01,6.000000000000000000e+00,7.384285687811331655e-01,-2.613539316472550111e-01,5.248255283300342633e-01,4.750003199442714985e-01,3.601456072330201891e-04,4.064622141927290498e-04,2.145228080260151376e-09,1.000000000000000000e+00
1.000000000000000000e+00,6.016810226440429688e+01,2.470668220520019531e+01,1.398333358764648438e+01,6.000000000000000000e+00,8.354751034877664351e-01,-1.642788124835495855e-01,7.384285687811331655e-01,-2.613539316472550111e-01,3.460090238166935043e-04,3.601456072330201891e-04,1.998429906867626311e-10,1.000000000000000000e+00
1.000000000000000000e+00,6.016836547851562500e+01,2.470672607421875000e+01,1.400000000000000000e+01,6.000000000000000000e+00,8.568638239623990183e-01,1.428106373270665030e-01,8.354751034877664351e-01,-1.642788124835495855e-01,2.668448223054104723e-04,3.460090238166935043e-04,6.266970800919026371e-09,1.000000000000000000e+00
1.000000000000000000e+00,6.016866302490234375e+01,2.470656013488769531e+01,1.400000000000000000e+01,6.000000000000000000e+00,6.418368282522589618e-01,-3.579474619099136667e-01,8.568638239623990183e-01,1.428106373270665030e-01,3.406900553879744727e-04,2.668448223054104723e-04,5.453118449018205068e-09,1.000000000000000000e+00
1.000000000000000000e+00,6.016896438598632812e+01,2.470616531372070312e+01,1.400000000000000000e+01,6.000000000000000000e+00,4.328145426107078975e-01,-5.670418374709906839e-01,6.418368282522589618e-01,-3.579474619099136667e-01,4.966913094119025174e-04,3.406900553879744727e-04,2.433639125703812595e-08,1.000000000000000000e+00
1.000000000000000000e+00,6.016922378540039062e+01,2.470582771301269531e+01,1.400000000000000000e+01,6.000000000000000000e+00,4.344320231640381724e-01,-5.654005007355497048e-01,4.328145426107078975e-01,-5.670418374709906839e-01,4.257490975484793912e-04,4.966913094119025174e-04,5.032797424074813206e-09,1.000000000000000000e+00
1.000000000000000000e+00,6.016963195800781250e+01,2.470571136474609375e+01,1.400000000000000000e+01,6.000000000000000000e+00,7.780334859562600958e-01,-2.217759002024853321e-01,4.344320231640381724e-01,-5.654005007355497048e-01,4.244311446993026321e-04,4.257490975484793912e-04,1.736999712653137269e-12,1.000000000000000000e+00
1.000000000000000000e+00,6.016991424560546875e+01,2.470520973205566406e+01,1.400000000000000000e+01,6.000000000000000000e+00,3.600513940084520970e-01,-6.398210582717763772e-01,7.780334859562600958e-01,-2.217759002024853321e-01,5.756054585375850472e-04,4.244311446993026321e-04,2.285367316447550677e-08,1.000000000000000000e+00
1.000000000000000000e+00,6.017014312744140625e+01,2.470529747009277344e+01,1.401666641235351562e+01,6.000000000000000000e+00,7.226633230672745434e-01,2.770209405091219046e-01,3.600513940084520970e-01,-6.398210582717763772e-01,2.451221286989951073e-04,5.756054585375850472e-04,1.092192313012022270e-07,1.000000000000000000e+00
1.000000000000000000e+00,6.017029953002929688e+01,2.470552635192871094e+01,1.401666641235351562e+01,6.000000000000000000e+00,4.058352601203673582e-01,5.939052587127326976e-01,7.226633230672745434e-01,2.770209405091219046e-01,2.772159164279810084e-04,2.451221286989951073e-04,1.030011210793206088e-09,1.000000000000000000e+00
1.000000000000000000e+00,6.017042922973632812e+01,2.470545578002929688e+01,1.401666641235351562e+01,6.000000000000000000e+00,6.472958386279594745e-01,-3.522050886652132173e-01,4.058352601203673582e-01,5.939052587127326976e-01,1.476563814770653199e-04,2.772159164279810084e-04,1.678567309669754319e-08,1.000000000000000000e+00
1.000000000000000000e+00,6.017081069946289062e+01,2.470512962341308594e+01,1.401666641235351562e+01,6.000000000000000000e+00,5.390073867642071193e-01,-4.608513156833970448e-01,6.472958386279594745e-01,-3.522050886652132173e-01,5.018937044652356039e-04,1.476563814770653199e-04,1.254840809978252593e-07,1.000000000000000000e+00
1.000000000000000000e+00,6.017092514038085938e+01,2.470513725280761719e+01,1.401666641235351562e+01,6.000000000000000000e+00,9.367326286306257854e-01,6.244884190870838431e-02,5.390073867642071193e-01,-4.608513156833970448e-01,1.146949491758186959e-04,5.018937044652356039e-04,1.499228760976737369e-07,1.000000000000000000e+00
1.000000000000000000e+00,6.017088317871093750e+01,2.470518493652343750e+01,1.401666641235351562e+01,6.000000000000000000e+00,-4.675635362738171374e-01,5.313222003111558456e-01,9.367326286306257854e-01,6.244884190870838431e-02,6.351785967005429490e-05,1.146949491758186959e-04,2.619094490281020803e-09,1.000000000000000000e+00
1.000000000000000000e+00,6.017092132568359375e+01,2.470525932312011719e+01,1.403333377838134766e+01,6.000000000000000000e+00,3.386820899058431422e-01,6.604300753163940829e-01,-4.675635362738171374e-01,5.313222003111558456e-01,8.359759140324068960e-05,6.351785967005429490e-05,4.031956264767326823e-10,1.000000000000000000e+00
1.000000000000000000e+00,6.017095565795898438e+01,2.470521545410156250e+01,1.403333377838134766e+01,6.000000000000000000e+00,4.384637042473842339e-01,-5.602591776494354470e-01,3.386820899058431422e-01,6.604300753163940829e-01,5.570633646587461001e-05,8.359759140324068960e-05,7.779221019811476997e-10,1.000000000000000000e+00
1.000000000000000000e+00,6.017095565795898438e+01,2.470521545410156250e+01,1.403333377838134766e+01,6.000000000000000000e+00,0.000000000000000000e+00,0.000000000000000000e+00,4.384637042473842339e-01,-5.602591776494354470e-01,0.000000000000000000e+00,5.570633646587461001e-05,3.103195922449231148e-09,1.000000000000000000e+00
1.000000000000000000e+00,6.017097854614257812e+01,2.470530319213867188e+01,1.403333377838134766e+01,6.000000000000000000e+00,2.067096975622146615e-01,7.923871739884894572e-01,0.000000000000000000e+00,0.000000000000000000e+00,9.067431887820978664e-05,0.000000000000000000e+00,8.221832104027271271e-09,1.000000000000000000e+00
1.000000000000000000e+00,6.017097473144531250e+01,2.470531654357910156e+01,1.403333377838134766e+01,6.000000000000000000e+00,-2.209351815062052804e-01,7.732731352717184814e-01,2.067096975622146615e-01,7.923871739884894572e-01,1.388570764404395686e-05,9.067431887820978664e-05,5.896490815271858890e-09,1.000000000000000000e+00
1.000000000000000000e+00,6.017097473144531250e+01,2.470531845092773438e+01,1.403333377838134766e+01,6.000000000000000000e+00,0.000000000000000000e+00,9.501830432614539745e-01,-2.209351815062052804e-01,7.732731352717184814e-01,1.907348632812500000e-06,1.388570764404395686e-05,1.434810846019498370e-10,1.000000000000000000e+00
1.000000000000000000e+00,6.017095947265625000e+01,2.470533943176269531e+01,1.405000019073486328e+01,6.000000000000000000e+00,-4.198939717334096433e-01,5.773542111334382110e-01,0.000000000000000000e+00,9.501830432614539745e-01,2.594274617907608784e-05,1.907348632812500000e-06,5.777003352069337306e-10,1.000000000000000000e+00
1.000000000000000000e+00,6.017060470581054688e+01,2.470528411865234375e+01,1.446666622161865234e+01,6.000000000000000000e+00,0.000000000000000000e+00,0.000000000000000000e+00,-4.198939717334096433e-01,5.773542111334382110e-01,0.000000000000000000e+00,2.594274617907608784e-05,6.730260793119669995e-10,1.000000000000000000e+00
1.000000000000000000e+00,6.017051315307617188e+01,2.470535087585449219e+01,1.446666622161865234e+01,6.000000000000000000e+00,-5.779481791627025800e-01,4.214205473061373164e-01,0.000000000000000000e+00,0.000000000000000000e+00,1.133067836019832300e-04,0.000000000000000000e+00,1.283842721022665501e-08,1.000000000000000000e+00
1.000000000000000000e+00,6.017061996459960938e+01,2.470536041259765625e+01,1.446666622161865234e+01,6.000000000000000000e+00,9.172444258270032735e-01,8.189682373455386966e-02,-5.779481791627025800e-01,4.214205473061373164e-01,1.072364257573745475e-04,1.133067836019832300e-04,3.684924436160217007e-11,1.000000000000000000e+00
1.000000000000000000e+00,6.017047882080078125e+01,2.470548248291015625e+01,1.446666622161865234e+01,6.000000000000000000e+00,-5.360282368317159651e-01,4.635919886112137567e-01,9.172444258270032735e-01,8.189682373455386966e-02,1.866085023290254077e-04,1.072364257573745475e-04,6.299926539296007335e-09,1.000000000000000000e+00
1.000000000000000000e+00,6.017043304443359375e+01,2.470573806762695312e+01,1.446666622161865234e+01,6.000000000000000000e+00,-1.518483466671028959e-01,8.478199355579912888e-01,-5.360282368317159651e-01,4.635919886112137567e-01,2.596517345465337444e-04,1.866085023290254077e-04,5.335313772780847936e-09,1.000000000000000000e+00
1.000000000000000000e+00,6.017031478881835938e+01,2.470569801330566406e+01,1.446666622161865234e+01,6.000000000000000000e+00,-7.465163980851574621e-01,-2.528523283836823787e-01,-1.518483466671028959e-01,8.478199355579912888e-01,1.248548725055934169e-04,2.596517345465337444e-04,1.817019401608430091e-08,1.000000000000000000e+00
1.000000000000000000e+00,6.017000198364257812e+01,2.470520401000976562e+01,1.448333358764648438e+01,6.000000000000000000e+00,-3.876588073615144792e-01,-6.122172628453185217e-01,-7.465163980851574621e-01,-2.528523283836823787e-01,5.847104705356813859e-04,1.248548725055934169e-04,2.114671710396098366e-07,1.000000000000000000e+00
1.000000000000000000e+00,6.016981887817382812e+01,2.470527839660644531e+01,1.448333358764648438e+01,6.000000000000000000e+00,-7.108350501579427938e-01,2.887767391266642392e-01,-3.876588073615144792e-01,-6.122172628453185217e-01,1.976385044765916117e-04,5.847104705356813859e-04,1.498247069088491459e-07,1.000000000000000000e+00
1.000000000000000000e+00,6.016962814331054688e+01,2.470548820495605469e+01,1.448333358764648438e+01,6.000000000000000000e+00,-4.760716196965011915e-01,5.236787816661513384e-01,-7.108350501579427938e-01,2.887767391266642392e-01,2.835477590049458496e-04,1.976385044765916117e-04,7.380400013617553345e-09,1.000000000000000000e+00
1.000000000000000000e+00,6.016928100585937500e+01,2.470575141906738281e+01,1.448333358764648438e+01,6.000000000000000000e+00,-5.686568312647656276e-01,4.311793555743827500e-01,-4.760716196965011915e-01,5.236787816661513384e-01,4.356444403505690022e-04,2.835477590049458496e-04,2.313340047635203096e-08,1.000000000000000000e+00
1.000000000000000000e+00,6.016957092285156250e+01,2.470691490173339844e+01,1.448333358764648438e+01,6.000000000000000000e+00,1.994613418388464510e-01,8.004698586953705730e-01,-5.686568312647656276e-01,4.311793555743827500e-01,1.199059538337389355e-03,4.356444403505690022e-04,5.828026118342266555e-07,1.000000000000000000e+00
1.000000000000000000e+00,6.016953659057617188e+01,2.470704460144042969e+01,1.448333358764648438e+01,6.000000000000000000e+00,-2.091748048371180890e-01,7.902159293846683363e-01,1.994613418388464510e-01,8.004698586953705730e-01,1.341667586904066037e-04,1.199059538337389355e-03,1.133996632144277585e-06,1.000000000000000000e+00
1.000000000000000000e+00,6.016833496093750000e+01,2.470672607421875000e+01,1.450000000000000000e+01,6.000000000000000000e+00,-7.904122454635696959e-01,-2.095219761784383183e-01,-2.091748048371180890e-01,7.902159293846683363e-01,1.243130475648345423e-03,1.341667586904066037e-04,1.229800525529167700e-06,1.000000000000000000e+00
1.000000000000000000e+00,6.016805648803710938e+01,2.470701217651367188e+01,1.450000000000000000e+01,6.000000000000000000e+00,-4.931558933388490717e-01,5.066670137042970090e-01,-7.904122454635696959e-01,-2.095219761784383183e-01,3.992513987596417783e-04,1.243130475648345423e-03,7.121318964105305126e-07,1.000000000000000000e+00
1.000000000000000000e+00,6.016780853271484375e+01,2.470720100402832031e+01,1.450000000000000000e+01,6.000000000000000000e+00,-5.675556495125014811e-01,4.322154561672126860e-01,-4.931558933388490717e-01,5.066670137042970090e-01,3.116691709620247972e-04,3.992513987596417783e-04,7.670646625993672152e-09,1.000000000000000000e+00
1.000000000000000000e+00,6.016751480102539062e+01,2.470754623413085938e+01,1.450000000000000000e+01,6.000000000000000000e+00,-4.596295587277354766e-01,5.402139618812995536e-01,-5.675556495125014811e-01,4.322154561672126860e-01,4.532793058238139810e-04,3.116691709620247972e-04,2.005343029557412132e-08,1.000000000000000000e+00
1.000000000000000000e+00,6.016731262207031250e+01,2.470784950256347656e+01,1.450000000000000000e+01,6.000000000000000000e+00,-3.999208778425651922e-01,5.998813167638478161e-01,-4.596295587277354766e-01,5.402139618812995536e-01,3.644832946769551189e-04,4.532793058238139810e-04,7.884731595593084051e-09,1.000000000000000000e+00
1.000000000000000000e+00,6.016699218750000000e+01,2.470841026306152344e+01,1.450000000000000000e+01,6.000000000000000000e+00,-3.635951020457010574e-01,6.362914285799767811e-01,-3.999208778425651922e-01,5.998813167638478161e-01,6.458565243311673422e-04,3.644832946769551189e-04,7.917089436604205947e-08,1.000000000000000000e+00
1.000000000000000000e+00,6.016672134399414062e+01,2.470871162414550781e+01,1.451666641235351562e+01,6.000000000000000000e+00,-4.732506267917935827e-01,5.265746410781928510e-01,-3.635951020457010574e-01,6.362914285799767811e-01,4.051847820518865765e-04,6.458565243311673422e-04,5.792288753174454242e-08,1.000000000000000000e+00
1.000000000000000000e+00,6.016644668579101562e+01,2.470884895324707031e+01,1.451666641235351562e+01,6.000000000000000000e+00,-6.665048886504347792e-01,3.332524443252173896e-01,-4.732506267917935827e-01,5.265746410781928510e-01,3.070772063827225990e-04,4.051847820518865765e-04,9.625096403680736461e-09,1.000000000000000000e+00
1.000000000000000000e+00,6.016613388061523438e+01,2.470929145812988281e+01,1.451666641235351562e+01,6.000000000000000000e+00,-4.140865907498760268e-01,5.857810308168978075e-01,-6.665048886504347792e-01,3.332524443252173896e-01,5.419018816247485890e-04,3.070772063827225990e-04,5.514262810252297540e-08,1.000000000000000000e+00
1.000000000000000000e+00,6.016587448120117188e+01,2.470966339111328125e+01,1.451666641235351562e+01,6.000000000000000000e+00,-4.108110624440161618e-01,5.890305674748761433e-01,-4.140865907498760268e-01,5.857810308168978075e-01,4.534558414615812551e-04,5.419018816247485890e-04,7.822702020544609705e-09,1.000000000000000000e+00
1.000000000000000000e+00,6.016562652587890625e+01,2.471001434326171875e+01,1.451666641235351562e+01,6.000000000000000000e+00,-4.139436223968473993e-01,5.858894347770763344e-01,-4.108110624440161618e-01,5.890305674748761433e-01,4.297083340275668906e-04,4.534558414615812551e-04,5.639441093285674938e-10,1.000000000000000000e+00
1.000000000000000000e+00,6.016544342041015625e+01,2.471015739440917969e+01,1.451666641235351562e+01,6.000000000000000000e+00,-5.612314345576834285e-01,4.384620582481901785e-01,-4.139436223968473993e-01,5.858894347770763344e-01,2.323601589688906004e-04,4.297083340275668906e-04,3.894630219898994350e-08,1.000000000000000000e+00
1.000000000000000000e+00,6.016516494750976562e+01,2.471050071716308594e+01,1.453333377838134766e+01,6.000000000000000000e+00,-4.477807466036579087e-01,5.520584547168385647e-01,-5.612314345576834285e-01,4.384620582481901785e-01,4.420607080500804599e-04,2.323601589688906004e-04,4.397432028495251437e-08,1.000000000000000000e+00
1.000000000000000000e+00,6.016489028930664062e+01,2.471085548400878906e+01,1.453333377838134766e+01,6.000000000000000000e+00,-4.362943200374352348e-01,5.635468300483538195e-01,-4.477807466036579087e-01,5.520584547168385647e-01,4.486609447611845177e-04,4.420607080500804599e-04,4.356312464260571147e-11,1.000000000000000000e+00
1.000000000000000000e+00,6.016461181640625000e+01,2.471127891540527344e+01,1.453333377838134766e+01,6.000000000000000000e+00,-3.966826152350608203e-01,6.031749354944074826e-01,-4.362943200374352348e-01,5.635468300483538195e-01,5.067951299891060562e-04,4.486609447611845177e-04,3.379583492114290668e-09,1.000000000000000000e+00
1.000000000000000000e+00,6.016431808471679688e+01,2.471157836914062500e+01,1.453333377838134766e+01,6.000000000000000000e+00,-4.950933853630787307e-01,5.047380617013205173e-01,-3.966826152350608203e-01,6.031749354944074826e-01,4.194649508659700895e-04,5.067951299891060562e-04,7.626560185679013616e-09,1.000000000000000000e+00
1.000000000000000000e+00,6.016405487060546875e+01,2.471202087402343750e+01,1.453333377838134766e+01,6.000000000000000000e+00,-3.729201303920748889e-01,6.269381902243578164e-01,-4.950933853630787307e-01,5.047380617013205173e-01,5.148710903858935099e-04,4.194649508659700895e-04,9.102331458095093863e-09,1.000000000000000000e+00
1.000000000000000000e+00,6.016381072998046875e+01,2.471225929260253906e+01,1.453333377838134766e+01,6.000000000000000000e+00,-5.058240326203895521e-01,4.939687818558491372e-01,-3.729201303920748889e-01,6.269381902243578164e-01,3.412448734211235538e-04,5.148710903858935099e-04,3.014606321749736908e-08,1.000000000000000000e+00
1.000000000000000000e+00,6.016346740722656250e+01,2.471275711059570312e+01,1.455000019073486328e+01,6.000000000000000000e+00,-4.081147461079348560e-01,5.917663818565055411e-01,-5.058240326203895521e-01,4.939687818558491372e-01,6.047257789012025096e-04,3.412448734211235538e-04,6.942218755260229756e-08,1.000000000000000000e+00
1.000000000000000000e+00,6.016319656372070312e+01,2.471297073364257812e+01,1.455000019073486328e+01,6.000000000000000000e+00,-5.589397459049209038e-01,4.408538840940220971e-01,-4.081147461079348560e-01,5.917663818565055411e-01,3.449507368050628805e-04,6.047257789012025096e-04,6.748307249605111366e-08,1.000000000000000000e+00
1.000000000000000000e+00,6.016289520263671875e+01,2.471327781677246094e+01,1.455000019073486328e+01,6.000000000000000000e+00,-4.952164150395585995e-01,5.046192583630945139e-01,-5.589397459049209038e-01,4.408538840940220971e-01,4.302540547151901466e-04,3.449507368050628805e-04,7.276656046476239498e-09,1.000000000000000000e+00
1.000000000000000000e+00,6.016266250610351562e+01,2.471359062194824219e+01,1.455000019073486328e+01,6.000000000000000000e+00,-4.264952425392586344e-01,5.733214735773640713e-01,-4.952164150395585995e-01,5.046192583630945139e-01,3.898650465998353002e-04,4.302540547151901466e-04,1.631271976542199568e-09,1.000000000000000000e+00
1.000000000000000000e+00,6.016255187988281250e+01,2.471417999267578125e+01,1.455000019073486328e+01,6.000000000000000000e+00,-1.580155733872098123e-01,8.418415892525488164e-01,-4.264952425392586344e-01,5.733214735773640713e-01,5.996632514895175329e-04,3.898650465998353002e-04,4.401528677493308513e-08,1.000000000000000000e+00
1.000000000000000000e+00,6.016248703002929688e+01,2.471497344970703125e+01,1.455000019073486328e+01,6.000000000000000000e+00,-7.554675372079672213e-02,9.243367514073952407e-01,-1.580155733872098123e-01,8.418415892525488164e-01,7.961027345393692457e-04,5.996632514895175329e-04,3.858847050089297847e-08,1.000000000000000000e+00
1.000000000000000000e+00,6.016241836547851562e+01,2.471548843383789062e+01,1.456666660308837891e+01,6.000000000000000000e+00,-1.176269051062665549e-01,8.822017882969992453e-01,-7.554675372079672213e-02,9.243367514073952407e-01,5.195416013862381088e-04,7.961027345393692457e-04,7.648606037094392459e-08,1.000000000000000000e+00
1.000000000000000000e+00,6.016231536865234375e+01,2.471610450744628906e+01,1.456666660308837891e+01,6.000000000000000000e+00,-1.432161574236755219e-01,8.566447934786517449e-01,-1.176269051062665549e-01,8.822017882969992453e-01,6.246239165822508937e-04,5.195416013862381088e-04,1.104229296695417884e-08,1.000000000000000000e+00
1.000000000000000000e+00,6.016226959228515625e+01,2.471676063537597656e+01,1.456666660308837891e+01,6.000000000000000000e+00,-6.520810113453054391e-02,9.346494495949377868e-01,-1.432161574236755219e-01,8.566447934786517449e-01,6.577228412552583959e-04,6.246239165822508937e-04,1.095538814509424736e-09,1.000000000000000000e+00
1.000000000000000000e+00,6.016222000122070312e+01,2.471743965148925781e+01,1.456666660308837891e+01,6.000000000000000000e+00,-6.805348700874429280e-02,9.318092836581910454e-01,-6.520810113453054391e-02,9.346494495949377868e-01,6.808246145441345602e-04,6.577228412552583959e-04,5.336919290906322310e-10,1.000000000000000000e+00
1.000000000000000000e+00,6.016224288940429688e+01,2.471775627136230469e+01,1.456666660308837891e+01,6.000000000000000000e+00,6.739587929732301919e-02,9.323096636129684089e-01,-6.805348700874429280e-02,9.318092836581910454e-01,3.174460788172385798e-04,6.808246145441345602e-04,1.320439602270230161e-07,1.000000000000000000e+00
1.000000000000000000e+00,6.016228485107421875e+01,2.471843910217285156e+01,1.456666660308837891e+01,6.000000000000000000e+00,5.788675017671667672e-02,9.419752983302077665e-01,6.739587929732301919e-02,9.323096636129684089e-01,6.841189206378776172e-04,3.174460788172385798e-04,1.344489729288233679e-07,1.000000000000000000e+00
1.000000000000000000e+00,6.016230392456054688e+01,2.471866607666015625e+01,1.458333301544189453e+01,6.000000000000000000e+00,7.748788684556706663e-02,9.221058534622480485e-01,5.788675017671667672e-02,9.419752983302077665e-01,2.277744844532304390e-04,6.841189206378776172e-04,2.082502444366835085e-07,1.000000000000000000e+00
1.000000000000000000e+00,6.016241455078125000e+01,2.471915817260742188e+01,1.458333301544189453e+01,6.000000000000000000e+00,1.835138562934530704e-01,8.163202573053601752e-01,7.748788684556706663e-02,9.221058534622480485e-01,5.043774202145743721e-04,2.277744844532304390e-04,7.650918407179416137e-08,1.000000000000000000e+00
1.000000000000000000e+00,6.016250610351562500e+01,2.471996116638183594e+01,1.458333301544189453e+01,6.000000000000000000e+00,1.023339760179917957e-01,8.975542479911363669e-01,1.835138562934530704e-01,8.163202573053601752e-01,8.081960807373923155e-04,5.043774202145743721e-04,9.230577848187928853e-08,1.000000000000000000e+00
1.000000000000000000e+00,6.016249084472656250e+01,2.472067642211914062e+01,1.458333301544189453e+01,6.000000000000000000e+00,-2.088486953355665754e-02,9.789782593854683412e-01,1.023339760179917957e-01,8.975542479911363669e-01,7.154184792070483918e-04,8.081960807373923155e-04,8.607683345723275258e-09,1.000000000000000000e+00
1.000000000000000000e+00,6.016272735595703125e+01,2.472110939025878906e+01,1.458333301544189453e+01,6.000000000000000000e+00,3.532235923388091225e-01,6.466270601686263664e-01,-2.088486953355665754e-02,9.789782593854683412e-01,4.933548135859941409e-04,7.154184792070483918e-04,4.931227158905939059e-08,1.000000000000000000e+00
1.000000000000000000e+00,6.016286468505859375e+01,2.472148513793945312e+01,1.458333301544189453e+01,6.000000000000000000e+00,2.676058354913464776e-01,7.321992998860451518e-01,3.532235923388091225e-01,6.466270601686263664e-01,4.000569980145150849e-04,4.933548135859941409e-04,8.704482390409720559e-09,1.000000000000000000e+00
1.000000000000000000e+00,6.016285324096679688e+01,2.472163009643554688e+01,1.460000038146972656e+01,6.000000000000000000e+00,-7.312397801928320618e-02,9.262370549109205653e-01,2.676058354913464776e-01,7.321992998860451518e-01,1.454095348552392436e-04,4.000569980145150849e-04,6.484533049345474194e-08,1.000000000000000000e+00
1.000000000000000000e+00,6.016281509399414062e+01,2.472173118591308594e+01,1.460000038146972656e+01,6.000000000000000000e+00,-2.737759760836315781e-01,7.255063366216236709e-01,-7.312397801928320618e-02,9.262370549109205653e-01,1.080475543080791233e-04,1.454095348552392436e-04,1.395917590406371182e-09,1.000000000000000000e+00
1.000000000000000000e+00,6.016283798217773438e+01,2.472170829772949219e+01,1.460000038146972656e+01,6.000000000000000000e+00,4.989101142251380350e-01,-4.989101142251380350e-01,-2.737759760836315781e-01,7.255063366216236709e-01,3.236877965636661354e-05,1.080475543080791233e-04,5.727276932784685200e-09,1.000000000000000000e+00
1.000000000000000000e+00,6.016284561157226562e+01,2.472162818908691406e+01,1.460000038146972656e+01,6.000000000000000000e+00,8.685752530819829120e-02,-9.120040157360820299e-01,4.989101142251380350e-01,-4.989101142251380350e-01,8.047112697497935477e-05,3.236877965636661354e-05,2.313835817560450333e-09,1.000000000000000000e+00
1.000000000000000000e+00,6.016296005249023438e+01,2.472188758850097656e+01,1.460000038146972656e+01,6.000000000000000000e+00,3.060405849968230729e-01,6.936919926594655728e-01,8.685752530819829120e-02,-9.120040157360820299e-01,2.835220974130561104e-04,8.047112697497935477e-05,4.122969659584472619e-08,1.000000000000000000e+00
1.000000000000000000e+00,6.016312026977539062e+01,2.472239303588867188e+01,1.460000038146972656e+01,6.000000000000000000e+00,2.406515270178231913e-01,7.591982697586089346e-01,3.060405849968230729e-01,6.936919926594655728e-01,5.302326283725424232e-04,2.835220974130561104e-04,6.086608608631165627e-08,1.000000000000000000e+00
1.000000000000000000e+00,6.016324234008789062e+01,2.472288131713867188e+01,1.461666679382324219e+01,6.000000000000000000e+00,1.999672373678296755e-01,7.998689494713187020e-01,2.406515270178231913e-01,7.591982697586089346e-01,5.033087921896558332e-04,5.302326283725424232e-04,7.248929548029131525e-10,1.000000000000000000e+00
1.000000000000000000e+00,6.016339111328125000e+01,2.472364234924316406e+01,1.461666679382324219e+01,6.000000000000000000e+00,1.635040412564397749e-01,8.363860571964035762e-01,1.999672373678296755e-01,7.998689494713187020e-01,7.754375069147440361e-04,5.033087921896558332e-04,7.405403737792843030e-08,1.000000000000000000e+00
1.000000000000000000e+00,6.016365814208984375e+01,2.472386360168457031e+01,1.461666679382324219e+01,6.000000000000000000e+00,5.467630229329033531e-01,4.530322190015485528e-01,1.635040412564397749e-01,8.363860571964035762e-01,3.467809502369235812e-04,7.754375069147440361e-04,1.837464435828855129e-07,1.000000000000000000e+00
1.000000000000000000e+00,6.016386032104492188e+01,2.472404861450195312e+01,1.461666679382324219e+01,6.000000000000000000e+00,5.220326623347437689e-01,4.777091344006617613e-01,5.467630229329033531e-01,4.530322190015485528e-01,2.740548712802025832e-04,3.467809502369235812e-04,5.289082560419216715e-09,1.000000000000000000e+00
1.000000000000000000e+00,6.016415405273437500e+01,2.472437667846679688e+01,1.461666679382324219e+01,6.000000000000000000e+00,4.723166779244062918e-01,5.275225233960901816e-01,5.220326623347437689e-01,4.777091344006617613e-01,4.403456260915830645e-04,2.740548712802025832e-04,2.765261513573866022e-08,1.000000000000000000e+00
1.000000000000000000e+00,6.016431045532226562e+01,2.472535133361816406e+01,1.461666679382324219e+01,6.000000000000000000e+00,1.382677079089301431e-01,8.616438870910159142e-01,4.723166779244062918e-01,5.275225233960901816e-01,9.871243252931617956e-04,4.403456260915830645e-04,2.989669459005705302e-07,1.000000000000000000e+00
1.000000000000000000e+00,6.016463088989257812e+01,2.472594261169433594e+01,1.463333320617675781e+01,6.000000000000000000e+00,3.514258894609343931e-01,6.484644388862479403e-01,1.382677079089301431e-01,8.616438870910159142e-01,6.725236629389854575e-04,9.871243252931617956e-04,9.897357675368646933e-08,1.000000000000000000e+00
1.000000000000000000e+00,6.016497802734375000e+01,2.472614860534667969e+01,1.463333320617675781e+01,6.000000000000000000e+00,6.274727667441618584e-01,3.723464769690630893e-01,3.514258894609343931e-01,6.484644388862479403e-01,4.036555398009838026e-04,6.725236629389854575e-04,7.229006763975162267e-08,1.000000000000000000e+00
1.000000000000000000e+00,6.016526031494140625e+01,2.472639846801757812e+01,1.463333320617675781e+01,6.000000000000000000e+00,5.303662850613397595e-01,4.694458333988885679e-01,6.274727667441618584e-01,3.723464769690630893e-01,3.769849361699188425e-04,4.036555398009838026e-04,7.113210980453754380e-10,1.000000000000000000e+00
1.000000000000000000e+00,6.016549301147460938e+01,2.472681808471679688e+01,1.463333320617675781e+01,6.000000000000000000e+00,3.566704684074443743e-01,6.431762545052275293e-01,5.303662850613397595e-01,4.694458333988885679e-01,4.798185603204527618e-04,3.769849361699188425e-04,1.057475425593327287e-08,1.000000000000000000e+00
1.000000000000000000e+00,6.016567611694335938e+01,2.472763061523437500e+01,1.463333320617675781e+01,6.000000000000000000e+00,1.838895764179614700e-01,8.160099953547040874e-01,3.566704684074443743e-01,6.431762545052275293e-01,8.329066302305036459e-04,4.798185603204527618e-04,1.246711851128049904e-07,1.000000000000000000e+00
1.000000000000000000e+00,6.016567611694335938e+01,2.472784996032714844e+01,1.463333320617675781e+01,6.000000000000000000e+00,0.000000000000000000e+00,9.995443051437780113e-01,1.838895764179614700e-01,8.160099953547040874e-01,2.193450927734375000e-04,8.329066302305036459e-04,3.764577602466788093e-07,1.000000000000000000e+00
1.000000000000000000e+00,6.016561889648437500e+01,2.472809982299804688e+01,1.464999961853027344e+01,6.000000000000000000e+00,-1.862747443396519653e-01,8.133997169498135005e-01,0.000000000000000000e+00,9.995443051437780113e-01,2.563309096361253013e-04,2.193450927734375000e-04,1.367950649000281316e-09,1.000000000000000000e+00
1.000000000000000000e+00,6.016566467285156250e+01,2.472838592529296875e+01,1.464999961853027344e+01,6.000000000000000000e+00,1.378894863201127474e-01,8.618092895007047893e-01,-1.862747443396519653e-01,8.133997169498135005e-01,2.897412620812720384e-04,2.563309096361253013e-04,1.116251650508922516e-09,1.000000000000000000e+00
1.000000000000000000e+00,6.016578674316406250e+01,2.472861289978027344e+01,1.464999961853027344e+01,6.000000000000000000e+00,3.496266092700978101e-01,6.500869766115880966e-01,1.378894863201127474e-01,8.618092895007047893e-01,2.577180224219358237e-04,2.897412620812720384e-04,1.025487878279283803e-09,1.000000000000000000e+00
1.000000000000000000e+00,6.016592025756835938e+01,2.472920417785644531e+01,1.464999961853027344e+01,6.000000000000000000e+00,1.841851141986439733e-01,8.156769343082804768e-01,3.496266092700978101e-01,6.500869766115880966e-01,6.061648781612664341e-04,2.577180224219358237e-04,1.214152112746258726e-07,1.000000000000000000e+00
1.000000000000000000e+00,6.016588211059570312e+01,2.473003768920898438e+01,1.464999961853027344e+01,6.000000000000000000e+00,-4.375865598725815070e-02,9.561266333215906466e-01,1.841851141986439733e-01,8.156769343082804768e-01,8.343838243484434126e-04,6.061648781612664341e-04,5.208388739878557865e-08,1.000000000000000000e+00
1.000000000000000000e+00,6.016589355468750000e+01,2.473036003112792969e+01,1.464999961853027344e+01,6.000000000000000000e+00,3.427544559724497730e-02,9.654250509890668352e-01,-4.375865598725815070e-02,9.561266333215906466e-01,3.225450045286730461e-04,8.343838243484434126e-04,2.619789774744953787e-07,1.000000000000000000e+00
1.000000000000000000e+00,6.016594314575195312e+01,2.473102569580078125e+01,1.466666698455810547e+01,6.000000000000000000e+00,6.932364118581599288e-02,9.305365682249916448e-01,3.427544559724497730e-02,9.654250509890668352e-01,6.675093485159378382e-04,3.225450045286730461e-04,1.190003986225639567e-07,1.000000000000000000e+00
1.000000000000000000e+00,6.016593170166015625e+01,2.473144912719726562e+01,1.466666698455810547e+01,6.000000000000000000e+00,-2.630973952600148755e-02,9.734603624620550288e-01,6.932364118581599288e-02,9.305365682249916448e-01,4.235860181424350298e-04,6.675093485159378382e-04,5.949859110050099613e-08,1.000000000000000000e+00
1.000000000000000000e+00,6.016590118408203125e+01,2.473169517517089844e+01,1.466666698455810547e+01,6.000000000000000000e+00,-1.103049437528618587e-01,8.893336090074487332e-01,-2.630973952600148755e-02,9.734603624620550288e-01,2.479333134200175726e-04,4.235860181424350298e-04,3.085387267630077615e-08,1.000000000000000000e+00
1.000000000000000000e+00,6.016605758666992188e+01,2.473223114013671875e+01,1.466666698455810547e+01,6.000000000000000000e+00,2.258626950135969036e-01,7.739928938880576981e-01,-1.103049437528618587e-01,8.893336090074487332e-01,5.583190970096343127e-04,2.479333134200175726e-04,9.633933465454040257e-08,1.000000000000000000e+00
1.000000000000000000e+00,6.016607284545898438e+01,2.473231697082519531e+01,1.466666698455810547e+01,6.000000000000000000e+00,1.507942271626968311e-01,8.482175277901696786e-01,2.258626950135969036e-01,7.739928938880576981e-01,8.717647462483550723e-05,5.583190970096343127e-04,2.219753706276250959e-07,1.000000000000000000e+00
1.000000000000000000e+00,6.016557312011718750e+01,2.473177337646484375e+01,1.466666698455810547e+01,6.000000000000000000e+00,-4.789303295384619297e-01,-5.209738317498536775e-01,1.507942271626968311e-01,8.482175277901696786e-01,7.383903072495114333e-04,8.717647462483550723e-05,4.240794558017193891e-07,1.000000000000000000e+00
1.000000000000000000e+00,6.016557312011718750e+01,2.473177337646484375e+01,1.468333339691162109e+01,6.000000000000000000e+00,0.000000000000000000e+00,0.000000000000000000e+00,-4.789303295384619297e-01,-5.209738317498536775e-01,0.000000000000000000e+00,7.383903072495114333e-04,5.452202458400279284e-07,1.000000000000000000e+00
1.000000000000000000e+00,6.016557312011718750e+01,2.473177337646484375e+01,1.468333339691162109e+01,6.000000000000000000e+00,0.000000000000000000e+00,0.000000000000000000e+00,0.000000000000000000e+00,0.000000000000000000e+00,0.000000000000000000e+00,0.000000000000000000e+00,0.000000000000000000e+00,1.000000000000000000e+00
1.000000000000000000e+00,6.016557312011718750e+01,2.473177337646484375e+01,1.468333339691162109e+01,6.000000000000000000e+00,0.000000000000000000e+00,0.000000000000000000e+00,0.000000000000000000e+00,0.000000000000000000e+00,0.000000000000000000e+00,0.000000000000000000e+00,0.000000000000000000e+00,1.000000000000000000e+00
1.000000000000000000e+00,6.016557312011718750e+01,2.473177337646484375e+01,1.468333339691162109e+01,6.000000000000000000e+00,0.000000000000000000e+00,0.000000000000000000e+00,0.000000000000000000e+00,0.000000000000000000e+00,0.000000000000000000e+00,0.000000000000000000e+00,0.000000000000000000e+00,1.000000000000000000e+00
1.000000000000000000e+00,6.016557312011718750e+01,2.473177337646484375e+01,1.468333339691162109e+01,6.000000000000000000e+00,0.000000000000000000e+00,0.000000000000000000e+00,0.000000000000000000e+00,0.000000000000000000e+00,0.000000000000000000e+00,0.000000000000000000e+00,0.000000000000000000e+00,1.000000000000000000e+00
1.000000000000000000e+00,6.016557312011718750e+01,2.473177337646484375e+01,1.468333339691162109e+01,6.000000000000000000e+00,0.000000000000000000e+00,0.000000000000000000e+00,0.000000000000000000e+00,0.000000000000000000e+00,0.000000000000000000e+00,0.000000000000000000e+00,0.000000000000000000e+00,1.000000000000000000e+00
1.000000000000000000e+00,6.016557312011718750e+01,2.473177337646484375e+01,1.469999980926513672e+01,6.000000000000000000e+00,0.000000000000000000e+00,0.000000000000000000e+00,0.000000000000000000e+00,0.000000000000000000e+00,0.000000000000000000e+00,0.000000000000000000e+00,0.000000000000000000e+00,1.000000000000000000e+00
1.000000000000000000e+00,6.016557312011718750e+01,2.473177337646484375e+01,1.469999980926513672e+01,6.000000000000000000e+00,0.000000000000000000e+00,0.000000000000000000e+00,0.000000000000000000e+00,0.000000000000000000e+00,0.000000000000000000e+00,0.000000000000000000e+00,0.000000000000000000e+00,1.000000000000000000e+00
1.000000000000000000e+00,6.016557312011718750e+01,2.473177337646484375e+01,1.469999980926513672e+01,6.000000000000000000e+00,0.000000000000000000e+00,0.000000000000000000e+00,0.000000000000000000e+00,0.000000000000000000e+00,0.000000000000000000e+00,0.000000000000000000e+00,0.000000000000000000e+00,1.000000000000000000e+00
1.000000000000000000e+00,6.016584777832031250e+01,2.473281288146972656e+01,1.473333358764648438e+01,6.000000000000000000e+00,2.089826462853910383e-01,7.909412654551257749e-01,0.000000000000000000e+00,0.000000000000000000e+00,1.075178024198908920e-03,0.000000000000000000e+00,1.156007783720269587e-06,1.000000000000000000e+00
1.000000000000000000e+00,6.016581344604492188e+01,2.473279571533203125e+01,1.473333358764648438e+01,6.000000000000000000e+00,-6.653746372673199350e-01,-3.326873186336599675e-01,2.089826462853910383e-01,7.909412654551257749e-01,3.838465079784032487e-05,1.075178024198908920e-03,1.074940499128367551e-06,1.000000000000000000e+00
1.000000000000000000e+00,6.016581344604492188e+01,2.473279762268066406e+01,1.475000000000000000e+01,6.000000000000000000e+00,0.000000000000000000e+00,9.501830432614539745e-01,-6.653746372673199350e-01,-3.326873186336599675e-01,1.907348632812500000e-06,3.838465079784032487e-05,1.330593573238743626e-09,1.000000000000000000e+00
1.000000000000000000e+00,6.016661071777343750e+01,2.473388290405273438e+01,1.475000000000000000e+01,6.000000000000000000e+00,4.234830772952756783e-01,5.764638061746695241e-01,0.000000000000000000e+00,9.501830432614539745e-01,1.346654322999452135e-03,1.907348632812500000e-06,1.808344425068231696e-06,1.000000000000000000e+00
1.000000000000000000e+00,6.016687774658203125e+01,2.473424339294433594e+01,1.476666641235351562e+01,6.000000000000000000e+00,4.254641137600987943e-01,5.743765535761333751e-01,4.234830772952756783e-01,5.764638061746695241e-01,4.486163456530765708e-04,1.346654322999452135e-03,8.064722087563693037e-07,1.000000000000000000e+00
1.000000000000000000e+00,6.016693878173828125e+01,2.473432540893554688e+01,1.476666641235351562e+01,6.000000000000000000e+00,4.263686134032214081e-01,5.729328242605787880e-01,4.254641137600987943e-01,5.743765535761333751e-01,1.022345984135238360e-04,4.486163456530765708e-04,1.199803148207253948e-07,1.000000000000000000e+00
1.000000000000000000e+00,6.016690826416015625e+01,2.473428726196289062e+01,1.476666641235351562e+01,6.000000000000000000e+00,-4.437981165918008508e-01,-5.547476457397511052e-01,4.263686134032214081e-01,5.729328242605787880e-01,4.885196103998450112e-05,1.022345984135238360e-04,2.849705972954798453e-09,1.000000000000000000e+00
1.000000000000000000e+00,6.016694259643554688e+01,2.473432922363281250e+01,1.476666641235351562e+01,6.000000000000000000e+00,4.494109480821297797e-01,5.492800476559364098e-01,-4.437981165918008508e-01,-5.547476457397511052e-01,5.421703492565877971e-05,4.885196103998450112e-05,2.878401779874410306e-11,1.000000000000000000e+00
1.000000000000000000e+00,6.016693878173828125e+01,2.473432731628417969e+01,1.476666641235351562e+01,6.000000000000000000e+00,-6.552159382063228454e-01,-3.276079691031614227e-01,4.494109480821297797e-01,5.492800476559364098e-01,4.264961199760036097e-06,5.421703492565877971e-05,2.495209669517623513e-09,1.000000000000000000e+00
1.000000000000000000e+00,6.016692733764648438e+01,2.473431205749511719e+01,1.476666641235351562e+01,6.000000000000000000e+00,-4.269724533313415948e-01,-5.692966044417887561e-01,-6.552159382063228454e-01,-3.276079691031614227e-01,1.907348632812500000e-05,4.264961199760036097e-06,2.192924164774165689e-10,1.000000000000000000e+00
1.000000000000000000e+00,6.016690826416015625e+01,2.473428726196289062e+01,1.478333377838134766e+01,6.000000000000000000e+00,-4.337937701384419475e-01,-5.639319011799746040e-01,-4.269724533313415948e-01,-5.692966044417887561e-01,3.128284352656693807e-05,1.907348632812500000e-05,1.490684031991459791e-10,1.000000000000000000e+00
1.000000000000000000e+00,6.016691207885742188e+01,2.473428916931152344e+01,1.478333377838134766e+01,6.000000000000000000e+00,6.552159382063228454e-01,3.276079691031614227e-01,-4.337937701384419475e-01,-5.639319011799746040e-01,4.264961199760036097e-06,3.128284352656693807e-05,7.299659654251847202e-10,1.000000000000000000e+00
1.000000000000000000e+00,6.016688919067382812e+01,2.473426055908203125e+01,1.478333377838134766e+01,6.000000000000000000e+00,-4.435830915115466233e-01,-5.544788643894332791e-01,6.552159382063228454e-01,3.276079691031614227e-01,3.663897077998837584e-05,4.264961199760036097e-06,1.048076496300716246e-09,1.000000000000000000e+00
1.000000000000000000e+00,6.016687774658203125e+01,2.473424530029296875e+01,1.478333377838134766e+01,6.000000000000000000e+00,-4.269724533313415948e-01,-5.692966044417887561e-01,-4.435830915115466233e-01,-5.544788643894332791e-01,1.907348632812500000e-05,3.663897077998837584e-05,3.085462440286540147e-10,1.000000000000000000e+00
1.000000000000000000e+00,6.016645431518554688e+01,2.473366165161132812e+01,1.480000019073486328e+01,6.000000000000000000e+00,-4.204127997375096681e-01,-5.794879131517025606e-01,-4.269724533313415948e-01,-5.692966044417887561e-01,7.210686036082472085e-04,1.907348632812500000e-05,4.927971446851325339e-07,1.000000000000000000e+00
1.000000000000000000e+00,6.016690063476562500e+01,2.473427581787109375e+01,1.480000019073486328e+01,6.000000000000000000e+00,4.208236271982272458e-01,5.790820852898682647e-01,-4.204127997375096681e-01,-5.794879131517025606e-01,7.592110129572746634e-04,7.210686036082472085e-04,1.454843390948776905e-09,1.000000000000000000e+00
1.000000000000000000e+00,6.016686248779296875e+01,2.473422431945800781e+01,1.480000019073486328e+01,6.000000000000000000e+00,-4.250577602489247209e-01,-5.738279763360483177e-01,4.208236271982272458e-01,5.790820852898682647e-01,6.408804937901093094e-05,7.592110129572746634e-04,4.831959344938281027e-07,1.000000000000000000e+00
1.000000000000000000e+00,6.016685867309570312e+01,2.473421859741210938e+01,1.480000019073486328e+01,6.000000000000000000e+00,-3.958492200820326046e-01,-5.937738301230488513e-01,-4.250577602489247209e-01,-5.738279763360483177e-01,6.877043295791605234e-06,6.408804937901093094e-05,3.273099217054158829e-09,1.000000000000000000e+00
1.000000000000000000e+00,6.016693878173828125e+01,2.473432350158691406e+01,1.480000019073486328e+01,6.000000000000000000e+00,4.327557848815010710e-01,5.667040040114894595e-01,-3.958492200820326046e-01,-5.937738301230488513e-01,1.319934866088558656e-04,6.877043295791605234e-06,1.565412438731122050e-08,1.000000000000000000e+00
1.000000000000000000e+00,6.016696548461914062e+01,2.473436546325683594e+01,1.481666660308837891e+01,6.000000000000000000e+00,3.883233520178257514e-01,6.102224103137261491e-01,4.327557848815010710e-01,5.667040040114894595e-01,4.973756717836493800e-05,1.319934866088558656e-04,6.766036281355415989e-09,1.000000000000000000e+00
1.000000000000000000e+00,6.016698837280273438e+01,2.473439788818359375e+01,1.481666660308837891e+01,6.000000000000000000e+00,4.130463612047471922e-01,5.851490117067251751e-01,3.883233520178257514e-01,6.102224103137261491e-01,3.968935403191530768e-05,4.973756717836493800e-05,1.009665874364831781e-10,1.000000000000000000e+00
1.000000000000000000e+00,6.016699981689453125e+01,2.473440742492675781e+01,1.481666660308837891e+01,6.000000000000000000e+00,5.428671026589196869e-01,4.523892522157663687e-01,4.130463612047471922e-01,5.851490117067251751e-01,1.489686904126482768e-05,3.968935403191530768e-05,6.146673120116293399e-10,1.000000000000000000e+00
1.000000000000000000e+00,6.016700363159179688e+01,2.473441505432128906e+01,1.481666660308837891e+01,6.000000000000000000e+00,3.304458534068174247e-01,6.608917068136348494e-01,5.428671026589196869e-01,4.523892522157663687e-01,8.529922399520072193e-06,1.489686904126482768e-05,4.053800953882482162e-11,1.000000000000000000e+00
1.000000000000000000e+00,6.016700744628906250e+01,2.473442268371582031e+01,1.481666660308837891e+01,6.000000000000000000e+00,3.304458534068174247e-01,6.608917068136348494e-01,3.304458534068174247e-01,6.608917068136348494e-01,8.529922399520072193e-06,8.529922399520072193e-06,0.000000000000000000e+00,1.000000000000000000e+00
1.000000000000000000e+00,6.016701126098632812e+01,2.473444938659667969e+01,1.481666660308837891e+01,6.000000000000000000e+00,1.245917377935979314e-01,8.721421645551854507e-01,3.304458534068174247e-01,6.608917068136348494e-01,2.697398304697218134e-05,8.529922399520072193e-06,3.401833731668915052e-10,1.000000000000000000e+00
1.000000000000000000e+00,6.016583251953125000e+01,2.473284149169921875e+01,1.508333301544189453e+01,6.000000000000000000e+00,0.000000000000000000e+00,0.000000000000000000e+00,1.245917377935979314e-01,8.721421645551854507e-01,0.000000000000000000e+00,2.697398304697218134e-05,7.275957614183426937e-10,1.000000000000000000e+00
1.000000000000000000e+00,6.016687011718750000e+01,2.473431015014648438e+01,1.508333301544189453e+01,6.000000000000000000e+00,4.139865260146308179e-01,5.859735754251208517e-01,0.000000000000000000e+00,0.000000000000000000e+00,1.798212037269289855e-03,0.000000000000000000e+00,3.233566530980169773e-06,1.000000000000000000e+00
1.000000000000000000e+00,6.016687011718750000e+01,2.473431015014648438e+01,1.508333301544189453e+01,6.000000000000000000e+00,0.000000000000000000e+00,0.000000000000000000e+00,4.139865260146308179e-01,5.859735754251208517e-01,0.000000000000000000e+00,1.798212037269289855e-03,3.233566530980169773e-06,1.000000000000000000e+00
1.000000000000000000e+00,6.016686630249023438e+01,2.473426628112792969e+01,1.508333301544189453e+01,6.000000000000000000e+00,-7.983257894739530236e-02,-9.180746578950460535e-01,0.000000000000000000e+00,0.000000000000000000e+00,4.403456260915830916e-05,0.000000000000000000e+00,1.939042704179883003e-09,1.000000000000000000e+00
1.000000000000000000e+00,6.016675949096679688e+01,2.473411369323730469e+01,1.508333301544189453e+01,6.000000000000000000e+00,-4.116060293368316580e-01,-5.880086133383308766e-01,-7.983257894739530236e-02,-9.180746578950460535e-01,1.862572573201553660e-04,4.403456260915830916e-05,2.022729489085747323e-08,1.000000000000000000e+00
1.000000000000000000e+00,6.016676330566406250e+01,2.473412132263183594e+01,1.510000038146972656e+01,6.000000000000000000e+00,3.304458534068174247e-01,6.608917068136348494e-01,-4.116060293368316580e-01,-5.880086133383308766e-01,8.529922399520072193e-06,1.862572573201553660e-04,3.158700557799167397e-08,1.000000000000000000e+00
1.000000000000000000e+00,6.016687011718750000e+01,2.473431587219238281e+01,1.510000038146972656e+01,6.000000000000000000e+00,3.543128088899067940e-01,6.453554733351873907e-01,3.304458534068174247e-01,6.608917068136348494e-01,2.219419587370125718e-04,8.529922399520072193e-06,4.554469725371521436e-08,1.000000000000000000e+00
1.000000000000000000e+00,6.016693115234375000e+01,2.473440170288085938e+01,1.510000038146972656e+01,6.000000000000000000e+00,4.153016393949154894e-01,5.840179303990998827e-01,3.543128088899067940e-01,6.453554733351873907e-01,1.053195014364511305e-04,2.219419587370125718e-04,1.360079754682127690e-08,1.000000000000000000e+00
1.000000000000000000e+00,6.016710662841796875e+01,2.473465156555175781e+01,1.510000038146972656e+01,6.000000000000000000e+00,4.124590819071143888e-01,5.873058666286085083e-01,4.153016393949154894e-01,5.840179303990998827e-01,3.053247564999031320e-04,1.053195014364511305e-04,4.000210205299649161e-08,1.000000000000000000e+00
1.000000000000000000e+00,6.016710662841796875e+01,2.473465156555175781e+01,1.510000038146972656e+01,6.000000000000000000e+00,0.000000000000000000e+00,0.000000000000000000e+00,4.124590819071143888e-01,5.873058666286085083e-01,0.000000000000000000e+00,3.053247564999031320e-04,9.322320693172514439e-08,1.000000000000000000e+00
1.000000000000000000e+00,6.016710662841796875e+01,2.473465156555175781e+01,1.510000038146972656e+01,6.000000000000000000e+00,0.000000000000000000e+00,0.000000000000000000e+00,0.000000000000000000e+00,0.000000000000000000e+00,0.000000000000000000e+00,0.000000000000000000e+00,0.000000000000000000e+00,1.000000000000000000e+00
1.000000000000000000e+00,6.016710662841796875e+01,2.473465156555175781e+01,1.511666679382324219e+01,6.000000000000000000e+00,0.000000000000000000e+00,0.000000000000000000e+00,0.000000000000000000e+00,0.000000000000000000e+00,0.000000000000000000e+00,0.000000000000000000e+00,0.000000000000000000e+00,1.000000000000000000e+00
1.000000000000000000e+00,6.016710662841796875e+01,2.473465156555175781e+01,1.511666679382324219e+01,6.000000000000000000e+00,0.000000000000000000e+00,0.000000000000000000e+00,0.000000000000000000e+00,0.000000000000000000e+00,0.000000000000000000e+00,0.000000000000000000e+00,0.000000000000000000e+00,1.000000000000000000e+00
1.000000000000000000e+00,6.016710662841796875e+01,2.473465156555175781e+01,1.511666679382324219e+01,6.000000000000000000e+00,0.000000000000000000e+00,0.000000000000000000e+00,0.000000000000000000e+00,0.000000000000000000e+00,0.000000000000000000e+00,0.000000000000000000e+00,0.000000000000000000e+00,1.000000000000000000e+00
1.000000000000000000e+00,6.016710662841796875e+01,2.473465156555175781e+01,1.511666679382324219e+01,6.000000000000000000e+00,0.000000000000000000e+00,0.000000000000000000e+00,0.000000000000000000e+00,0.000000000000000000e+00,0.000000000000000000e+00,0.000000000000000000e+00,0.000000000000000000e+00,1.000000000000000000e+00
1.000000000000000000e+00,6.016557312011718750e+01,2.473177719116210938e+01,1.511666679382324219e+01,6.000000000000000000e+00,-3.478934488809810599e-01,-6.520838650045254203e-01,0.000000000000000000e+00,0.000000000000000000e+00,3.257863692733602417e-03,0.000000000000000000e+00,1.061367584043182433e-05,1.000000000000000000e+00
1.000000000000000000e+00,6.016557312011718750e+01,2.473177719116210938e+01,1.511666679382324219e+01,6.000000000000000000e+00,0.000000000000000000e+00,0.000000000000000000e+00,-3.478934488809810599e-01,-6.520838650045254203e-01,0.000000000000000000e+00,3.257863692733602417e-03,1.061367584043182433e-05,1.000000000000000000e+00
1.000000000000000000e+00,6.016557312011718750e+01,2.473177719116210938e+01,1.513333320617675781e+01,6.000000000000000000e+00,0.000000000000000000e+00,0.000000000000000000e+00,0.000000000000000000e+00,0.000000000000000000e+00,0.000000000000000000e+00,0.000000000000000000e+00,0.000000000000000000e+00,1.000000000000000000e+00
1.000000000000000000e+00,6.016557312011718750e+01,2.473177719116210938e+01,1.513333320617675781e+01,6.000000000000000000e+00,0.000000000000000000e+00,0.000000000000000000e+00,0.000000000000000000e+00,0.000000000000000000e+00,0.000000000000000000e+00,0.000000000000000000e+00,0.000000000000000000e+00,1.000000000000000000e+00
1.000000000000000000e+00,6.016557312011718750e+01,2.473177719116210938e+01,1.513333320617675781e+01,6.000000000000000000e+00,0.000000000000000000e+00,0.000000000000000000e+00,0.000000000000000000e+00,0.000000000000000000e+00,0.000000000000000000e+00,0.000000000000000000e+00,0.000000000000000000e+00,1.000000000000000000e+00
1.000000000000000000e+00,6.016557312011718750e+01,2.473177719116210938e+01,1.513333320617675781e+01,6.000000000000000000e+00,0.000000000000000000e+00,0.000000000000000000e+00,0.000000000000000000e+00,0.000000000000000000e+00,0.000000000000000000e+00,0.000000000000000000e+00,0.000000000000000000e+00,1.000000000000000000e+00
1.000000000000000000e+00,6.016557312011718750e+01,2.473177719116210938e+01,1.513333320617675781e+01,6.000000000000000000e+00,0.000000000000000000e+00,0.000000000000000000e+00,0.000000000000000000e+00,0.000000000000000000e+00,0.000000000000000000e+00,0.000000000000000000e+00,0.000000000000000000e+00,1.000000000000000000e+00
1.000000000000000000e+00,6.016557312011718750e+01,2.473177719116210938e+01,1.513333320617675781e+01,6.000000000000000000e+00,0.000000000000000000e+00,0.000000000000000000e+00,0.000000000000000000e+00,0.000000000000000000e+00,0.000000000000000000e+00,0.000000000000000000e+00,0.000000000000000000e+00,1.000000000000000000e+00
1.000000000000000000e+00,6.016557312011718750e+01,2.473177719116210938e+01,1.514999961853027344e+01,6.000000000000000000e+00,0.000000000000000000e+00,0.000000000000000000e+00,0.000000000000000000e+00,0.000000000000000000e+00,0.000000000000000000e+00,0.000000000000000000e+00,0.000000000000000000e+00,1.000000000000000000e+00
1.000000000000000000e+00,6.016557312011718750e+01,2.473177719116210938e+01,1.514999961853027344e+01,6.000000000000000000e+00,0.000000000000000000e+00,0.000000000000000000e+00,0.000000000000000000e+00,0.000000000000000000e+00,0.000000000000000000e+00,0.000000000000000000e+00,0.000000000000000000e+00,1.000000000000000000e+00
1.000000000000000000e+00,6.016595458984375000e+01,2.473122215270996094e+01,1.519999980926513672e+01,6.000000000000000000e+00,4.072884854449171366e-01,-5.926047463223544920e-01,0.000000000000000000e+00,0.000000000000000000e+00,6.734885564335906915e-04,0.000000000000000000e+00,4.535868356470018625e-07,1.000000000000000000e+00
1.000000000000000000e+00,6.016585922241210938e+01,2.473102569580078125e+01,1.519999980926513672e+01,6.000000000000000000e+00,-3.266854397020846346e-01,-6.729720057862943472e-01,4.072884854449171366e-01,-5.926047463223544920e-01,2.183810069171887949e-04,6.734885564335906915e-04,2.071228816268241933e-07,1.000000000000000000e+00
1.000000000000000000e+00,6.016590118408203125e+01,2.473104476928710938e+01,1.519999980926513672e+01,6.000000000000000000e+00,6.863754424750488914e-01,3.119888374886585769e-01,-3.266854397020846346e-01,-6.729720057862943472e-01,4.609316243589238102e-05,2.183810069171887949e-04,2.968310135601137981e-08,1.000000000000000000e+00
1.000000000000000000e+00,6.016598510742187500e+01,2.473105430603027344e+01,1.519999980926513672e+01,6.000000000000000000e+00,8.969994162653980307e-01,1.019317518483406904e-01,6.863754424750488914e-01,3.119888374886585769e-01,8.446346216386615849e-05,4.609316243589238102e-05,1.472279901214544512e-09,1.000000000000000000e+00
1.000000000000000000e+00,6.016588592529296875e+01,2.473113632202148438e+01,1.519999980926513672e+01,6.000000000000000000e+00,-5.470665048382225004e-01,4.523819174623762707e-01,8.969994162653980307e-01,1.019317518483406904e-01,1.287001068713175794e-04,8.446346216386615849e-05,1.956880734973289961e-09,1.000000000000000000e+00
1.000000000000000000e+00,6.016593551635742188e+01,2.473097038269042969e+01,1.521666622161865234e+01,6.000000000000000000e+00,2.299817905371706606e-01,-7.695544529513018706e-01,-5.470665048382225004e-01,4.523819174623762707e-01,1.731910369056989312e-04,1.287001068713175794e-04,1.979442855324216689e-09,1.000000000000000000e+00
1.000000000000000000e+00,6.016595840454101562e+01,2.473081207275390625e+01,1.521666622161865234e+01,6.000000000000000000e+00,1.262461165011282693e-01,-8.732023057994705573e-01,2.299817905371706606e-01,-7.695544529513018706e-01,1.599559469050026322e-04,1.731910369056989312e-04,1.751676073265311714e-10,1.000000000000000000e+00
1.000000000000000000e+00,6.016588973999023438e+01,2.473035430908203125e+01,1.521666622161865234e+01,6.000000000000000000e+00,-1.304100099987962891e-01,-8.694000666586420012e-01,1.262461165011282693e-01,-8.732023057994705573e-01,4.628848667028049517e-04,1.599559469050026322e-04,9.176593044986335419e-08,1.000000000000000000e+00
1.000000000000000000e+00,6.016579818725585938e+01,2.472996711730957031e+01,1.521666622161865234e+01,6.000000000000000000e+00,-1.911951229846058364e-01,-8.085960409557287898e-01,-1.304100099987962891e-01,-8.694000666586420012e-01,3.978685358670394959e-04,4.628848667028049517e-04,4.227123275345705649e-09,1.000000000000000000e+00
1.000000000000000000e+00,6.016543197631835938e+01,2.472661972045898438e+01,1.523333358764648438e+01,6.000000000000000000e+00,-9.861059577031150436e-02,-9.013624769630035338e-01,-1.911951229846058364e-01,-8.085960409557287898e-01,3.367369318334013928e-03,3.978685358670394959e-04,8.817934897071972976e-06,1.000000000000000000e+00
1.000000000000000000e+00,6.016535186767578125e+01,2.472612380981445312e+01,1.523333358764648438e+01,6.000000000000000000e+00,-1.390487080897129524e-01,-8.607777167458420253e-01,-9.861059577031150436e-02,-9.013624769630035338e-01,5.023392896988146091e-04,3.367369318334013928e-03,8.208397064981410899e-06,1.000000000000000000e+00
1.000000000000000000e+00,6.016529083251953125e+01,2.472561836242675781e+01,1.525000000000000000e+01,6.000000000000000000e+00,-1.077250912550020562e-01,-8.920984119554857816e-01,-1.390487080897129524e-01,-8.607777167458420253e-01,5.091191923572292548e-04,5.023392896988146091e-04,4.596708005757797939e-11,1.000000000000000000e+00
1.000000000000000000e+00,6.016508483886718750e+01,2.472486686706542969e+01,1.525000000000000000e+01,6.000000000000000000e+00,-2.151169754484414665e-01,-7.847785956174623268e-01,-1.077250912550020562e-01,-8.920984119554857816e-01,7.792166982961844408e-04,5.091191923572292548e-04,7.295266271444393820e-08,1.000000000000000000e+00
1.000000000000000000e+00,6.016496658325195312e+01,2.472440528869628906e+01,1.525000000000000000e+01,6.000000000000000000e+00,-2.039122010789213013e-01,-7.959153655015961393e-01,-2.151169754484414665e-01,-7.847785956174623268e-01,4.764860768091546631e-04,7.792166982961844408e-04,9.164582918592329580e-08,1.000000000000000000e+00
1.000000000000000000e+00,6.016473770141601562e+01,2.472401046752929688e+01,1.525000000000000000e+01,6.000000000000000000e+00,-3.669136488002746055e-01,-6.329260441804737125e-01,-2.039122010789213013e-01,-7.959153655015961393e-01,4.563667918760012823e-04,4.764860768091546631e-04,4.047856262214126243e-10,1.000000000000000000e+00
1.000000000000000000e+00,6.016445922851562500e+01,2.472387695312500000e+01,1.525000000000000000e+01,6.000000000000000000e+00,-6.757619009928019782e-01,-3.239954319828502460e-01,-3.669136488002746055e-01,-6.329260441804737125e-01,3.088256019288497392e-04,4.563667918760012823e-04,2.176840273102145120e-08,1.000000000000000000e+00
1.000000000000000000e+00,6.016416549682617188e+01,2.472325134277343750e+01,1.525000000000000000e+01,6.000000000000000000e+00,-3.194673251276023973e-01,-6.804239132587894812e-01,-6.757619009928019782e-01,-3.239954319828502460e-01,6.911342976376891670e-04,3.088256019288497392e-04,1.461599388145939875e-07,1.000000000000000000e+00
1.000000000000000000e+00,6.016386413574218750e+01,2.472287940979003906e+01,1.526666641235351562e+01,6.000000000000000000e+00,-4.475255999145246744e-01,-5.523258986286855299e-01,-3.194673251276023973e-01,-6.804239132587894812e-01,4.786989106734001369e-04,6.911342976376891670e-04,4.512879363466721924e-08,1.000000000000000000e+00
1.000000000000000000e+00,6.016373443603515625e+01,2.472250366210937500e+01,1.526666641235351562e+01,6.000000000000000000e+00,-2.565530159744757732e-01,-7.432491786319371796e-01,-4.475255999145246744e-01,-5.523258986286855299e-01,3.975026207818186806e-04,4.786989106734001369e-04,6.592837492157733239e-09,1.000000000000000000e+00
1.000000000000000000e+00,6.016348648071289062e+01,2.472164344787597656e+01,1.526666641235351562e+01,6.000000000000000000e+00,-2.237319621371832989e-01,-7.761778071066897100e-01,-2.565530159744757732e-01,-7.432491786319371796e-01,8.952376048743213195e-04,3.975026207818186806e-04,2.477401143895639092e-07,1.000000000000000000e+00
1.000000000000000000e+00,6.016349029541015625e+01,2.472136497497558594e+01,1.526666641235351562e+01,6.000000000000000000e+00,1.350872806485157833e-02,-9.861371487341651365e-01,-2.237319621371832989e-01,-7.761778071066897100e-01,2.784990272284542778e-04,8.952376048743213195e-04,3.803664731566471776e-07,1.000000000000000000e+00
1.000000000000000000e+00,6.016361236572265625e+01,2.472091674804687500e+01,1.526666641235351562e+01,6.000000000000000000e+00,2.140092968206650514e-01,-7.858153867633795864e-01,1.350872806485157833e-02,-9.861371487341651365e-01,4.645519785938786788e-04,2.784990272284542778e-04,3.461570071178498045e-08,1.000000000000000000e+00
1.000000000000000000e+00,6.016391372680664062e+01,2.472035980224609375e+01,1.526666641235351562e+01,6.000000000000000000e+00,3.510702084672318035e-01,-6.488132966609601038e-01,2.140092968206650514e-01,-7.858153867633795864e-01,6.332512360415140651e-04,4.645519785938786788e-04,2.845943946338356283e-08,1.000000000000000000e+00
1.000000000000000000e+00,6.016402816772460938e+01,2.471998214721679688e+01,1.528333377838134766e+01,6.000000000000000000e+00,2.325108904380907282e-01,-7.672859384456993670e-01,3.510702084672318035e-01,-6.488132966609601038e-01,3.946137920280456718e-04,6.332512360415140651e-04,5.694782968528126244e-08,1.000000000000000000e+00
1.000000000000000000e+00,6.016432571411132812e+01,2.471924209594726562e+01,1.528333377838134766e+01,6.000000000000000000e+00,2.867370711754462231e-01,-7.131665616414945008e-01,2.325108904380907282e-01,-7.672859384456993670e-01,7.976275658377151960e-04,3.946137920280456718e-04,1.624201018803114592e-07,1.000000000000000000e+00
1.000000000000000000e+00,6.016476440429687500e+01,2.471923828125000000e+01,1.528333377838134766e+01,6.000000000000000000e+00,9.911553229129571596e-01,-8.618741938373541273e-03,2.867370711754462231e-01,-7.131665616414945008e-01,4.387067708736440224e-04,7.976275658377151960e-04,1.288241370576408137e-07,1.000000000000000000e+00
1.000000000000000000e+00,6.016495132446289062e+01,2.471904945373535156e+01,1.528333377838134766e+01,6.000000000000000000e+00,4.973295716109437659e-01,-5.024043631579941938e-01,9.911553229129571596e-01,-8.618741938373541273e-03,2.656971560849206646e-04,4.387067708736440224e-04,2.993232680934244707e-08,1.000000000000000000e+00
1.000000000000000000e+00,6.016505813598632812e+01,2.471874046325683594e+01,1.528333377838134766e+01,6.000000000000000000e+00,2.568189692184708051e-01,-7.429405895248619718e-01,4.973295716109437659e-01,-5.024043631579941938e-01,3.269309060831577921e-04,2.656971560849206646e-04,3.749572138846605749e-09,1.000000000000000000e+00
1.000000000000000000e+00,6.016521835327148438e+01,2.471810531616210938e+01,1.528333377838134766e+01,6.000000000000000000e+00,2.014135254929367846e-01,-7.984607617755707931e-01,2.568189692184708051e-01,-7.429405895248619718e-01,6.550430599605129101e-04,3.269309060831577921e-04,1.076575855220371657e-07,1.000000000000000000e+00
1.000000000000000000e+00,6.016547393798828125e+01,2.471698188781738281e+01,1.530000019073486328e+01,6.000000000000000000e+00,1.853254268468339239e-01,-8.146020627819789972e-01,2.014135254929367846e-01,-7.984607617755707931e-01,1.152134884983178941e-03,6.550430599605129101e-04,2.471002825043648152e-07,1.000000000000000000e+00
1.000000000000000000e+00,6.016556167602539062e+01,2.471645927429199219e+01,1.530000019073486328e+01,6.000000000000000000e+00,1.437264518581275741e-01,-8.561097349810208312e-01,1.853254268468339239e-01,-8.146020627819789972e-01,5.299272214908605071e-04,1.152134884983178941e-03,3.871423765085701761e-07,1.000000000000000000e+00
1.000000000000000000e+00,6.016571426391601562e+01,2.471583175659179688e+01,1.530000019073486328e+01,6.000000000000000000e+00,1.955739518151468903e-01,-8.042978768397915923e-01,1.437264518581275741e-01,-8.561097349810208312e-01,6.458030105409861849e-04,5.299272214908605071e-04,1.342719848798922548e-08,1.000000000000000000e+00
1.000000000000000000e+00,6.016585922241210938e+01,2.471560478210449219e+01,1.530000019073486328e+01,6.000000000000000000e+00,3.896388292499949335e-01,-6.100923773782815918e-01,1.955739518151468903e-01,-8.042978768397915923e-01,2.693146551470741680e-04,6.458030105409861849e-04,1.417434817472126011e-07,1.000000000000000000e+00
1.000000000000000000e+00,6.016604995727539062e+01,2.471511840820312500e+01,1.530000019073486328e+01,6.000000000000000000e+00,2.816485450838296378e-01,-7.182037899637655487e-01,3.896388292499949335e-01,-6.100923773782815918e-01,5.224359865113195958e-04,2.693146551470741680e-04,6.407040839160813536e-08,1.000000000000000000e+00
1.000000000000000000e+00,6.016627502441406250e+01,2.471402931213378906e+01,1.530000019073486328e+01,6.000000000000000000e+00,1.712496684838621108e-01,-8.286742432566547301e-01,2.816485450838296378e-01,-7.182037899637655487e-01,1.112108567161018777e-03,5.224359865113195958e-04,3.477137523700759867e-07,1.000000000000000000e+00
1.000000000000000000e+00,6.016639709472656250e+01,2.471360397338867188e+01,1.531666660308837891e+01,6.000000000000000000e+00,2.229557863960494879e-01,-7.768615682237349773e-01,1.712496684838621108e-01,-8.286742432566547301e-01,4.425089934585639886e-04,1.112108567161018777e-03,4.483635891025091667e-07,1.000000000000000000e+00
1.000000000000000000e+00,6.016687774658203125e+01,2.471235275268554688e+01,1.531666660308837891e+01,6.000000000000000000e+00,2.775170155461402222e-01,-7.224252468185237142e-01,2.229557863960494879e-01,-7.768615682237349773e-01,1.340365418120809072e-03,4.425089934585639886e-04,8.061461593072698230e-07,1.000000000000000000e+00
1.000000000000000000e+00,6.016762542724609375e+01,2.471060943603515625e+01,1.531666660308837891e+01,6.000000000000000000e+00,3.001410903237394234e-01,-6.998187667242291576e-01,2.775170155461402222e-01,-7.224252468185237142e-01,1.896886743836365520e-03,1.340365418120809072e-03,3.097159859762004861e-07,1.000000000000000000e+00
1.000000000000000000e+00,6.016790771484375000e+01,2.470959281921386719e+01,1.531666660308837891e+01,6.000000000000000000e+00,2.173107293087154501e-01,-7.826122886590900496e-01,3.001410903237394234e-01,-6.998187667242291576e-01,1.055081062818594324e-03,1.896886743836365520e-03,7.086368045937935731e-07,1.000000000000000000e+00
1.000000000000000000e+00,6.016796112060546875e+01,2.470951271057128906e+01,1.531666660308837891e+01,6.000000000000000000e+00,3.997006310793324024e-01,-5.995509466189985481e-01,2.173107293087154501e-01,-7.826122886590900496e-01,9.627860614108247836e-05,1.055081062818594324e-03,9.193021509308319253e-07,1.000000000000000000e+00
1.000000000000000000e+00,6.016816329956054688e+01,2.470909118652343750e+01,1.531666660308837891e+01,6.000000000000000000e+00,3.241070564402425691e-01,-6.757326365405057489e-01,3.997006310793324024e-01,-5.995509466189985481e-01,4.675027837282349900e-04,9.627860614108247836e-05,1.378073900252577512e-07,1.000000000000000000e+00
1.000000000000000000e+00,6.016843414306640625e+01,2.470911788940429688e+01,1.533333301544189453e+01,6.000000000000000000e+00,9.099505921948201070e-01,8.971343866709494130e-02,3.241070564402425691e-01,-6.757326365405057489e-01,2.721566617086329434e-04,4.675027837282349900e-04,3.816010738809725156e-08,1.000000000000000000e+00
1.000000000000000000e+00,6.016851043701171875e+01,2.470903778076171875e+01,1.533333301544189453e+01,6.000000000000000000e+00,4.874931867952213560e-01,-5.118678461349823738e-01,9.099505921948201070e-01,8.971343866709494130e-02,1.106262207031250000e-04,2.721566617086329434e-04,2.609208337143388310e-08,1.000000000000000000e+00
1.000000000000000000e+00,6.016859054565429688e+01,2.470895385742187500e+01,1.533333301544189453e+01,6.000000000000000000e+00,4.880745446199422077e-01,-5.113161896018442176e-01,4.874931867952213560e-01,-5.118678461349823738e-01,1.160194879588741278e-04,1.106262207031250000e-04,2.908733169193572653e-11,1.000000000000000000e+00
1.000000000000000000e+00,6.016899490356445312e+01,2.470895957946777344e+01,1.533333301544189453e+01,6.000000000000000000e+00,9.858061179916327577e-01,1.395008657535329322e-02,4.880745446199422077e-01,-5.113161896018442176e-01,4.043983943034316344e-04,1.160194879588741278e-04,8.316239362448307065e-08,1.000000000000000000e+00
1.000000000000000000e+00,6.016937637329101562e+01,2.470873451232910156e+01,1.533333301544189453e+01,6.000000000000000000e+00,6.288271426022199462e-01,-3.710080141353098160e-01,9.858061179916327577e-01,1.395008657535329322e-02,4.429157585744872934e-04,4.043983943034316344e-04,1.483587350389195122e-09,1.000000000000000000e+00
1.000000000000000000e+00,6.016950607299804688e+01,2.470860671997070312e+01,1.533333301544189453e+01,6.000000000000000000e+00,5.035081605285428585e-01,-4.961036287560642299e-01,6.288271426022199462e-01,-3.710080141353098160e-01,1.820793806805888070e-04,4.429157585744872934e-04,6.803561603280861476e-08,1.000000000000000000e+00
1.000000000000000000e+00,6.016978454589843750e+01,2.470794296264648438e+01,1.535000038146972656e+01,6.000000000000000000e+00,2.955151953298119638e-01,-7.043786847587298894e-01,5.035081605285428585e-01,-4.961036287560642299e-01,7.198061834313468528e-04,1.820793806805888070e-04,2.891501143965527233e-07,1.000000000000000000e+00
1.000000000000000000e+00,6.016998672485351562e+01,2.470768737792968750e+01,1.535000038146972656e+01,6.000000000000000000e+00,4.415702041836620517e-01,-5.582113901944407708e-01,2.955151953298119638e-01,-7.043786847587298894e-01,3.258832265346304742e-04,7.198061834313468528e-04,1.551752959702522822e-07,1.000000000000000000e+00
1.000000000000000000e+00,6.017024612426757812e+01,2.470745468139648438e+01,1.535000038146972656e+01,6.000000000000000000e+00,5.270246849930055877e-01,-4.727721438907844798e-01,4.415702041836620517e-01,-5.582113901944407708e-01,3.484763013186425789e-04,3.258832265346304742e-04,5.104470281959635807e-10,1.000000000000000000e+00
1.000000000000000000e+00,6.017051315307617188e+01,2.470715713500976562e+01,1.535000038146972656e+01,6.000000000000000000e+00,4.728892127906771936e-01,-5.269336942524688316e-01,5.270246849930055877e-01,-4.727721438907844798e-01,3.997977449515961452e-04,3.484763013186425789e-04,2.633890576570430173e-09,1.000000000000000000e+00
1.000000000000000000e+00,6.017069244384765625e+01,2.470665359497070312e+01,1.535000038146972656e+01,6.000000000000000000e+00,2.625313849009142664e-01,-7.373221873812911831e-01,4.728892127906771936e-01,-5.269336942524688316e-01,5.345070174268308494e-04,3.997977449515961452e-04,1.814658809080702539e-08,1.000000000000000000e+00
1.000000000000000000e+00,6.017052841186523438e+01,2.470613288879394531e+01,1.535000038146972656e+01,6.000000000000000000e+00,-2.395193378510854509e-01,-7.603346422482131217e-01,2.625313849009142664e-01,-7.373221873812911831e-01,5.459316933197674165e-04,5.345070174268308494e-04,1.305232192586459447e-10,1.000000000000000000e+00
1.000000000000000000e+00,6.017060470581054688e+01,2.470551490783691406e+01,1.536666679382324219e+01,6.000000000000000000e+00,1.098742841294841621e-01,-8.899817014488217159e-01,-2.395193378510854509e-01,-7.603346422482131217e-01,6.226726502301240885e-04,5.459316933197674165e-04,5.889174467517219563e-09,1.000000000000000000e+00
1.000000000000000000e+00,6.017082977294921875e+01,2.470501708984375000e+01,1.536666679382324219e+01,6.000000000000000000e+00,3.113025825307678685e-01,-6.885591020383933225e-01,1.098742841294841621e-01,-8.899817014488217159e-01,5.463313749253648948e-04,6.226726502301240885e-04,5.827990315157036217e-09,1.000000000000000000e+00
1.000000000000000000e+00,6.017093658447265625e+01,2.470516777038574219e+01,1.536666679382324219e+01,6.000000000000000000e+00,4.146537792587999816e-01,5.849580100258070514e-01,3.113025825307678685e-01,-6.885591020383933225e-01,1.846979352188296488e-04,5.463313749253648948e-04,1.307787447139802778e-07,1.000000000000000000e+00
1.000000000000000000e+00,6.017093658447265625e+01,2.470516777038574219e+01,1.536666679382324219e+01,6.000000000000000000e+00,0.000000000000000000e+00,0.000000000000000000e+00,4.146537792587999816e-01,5.849580100258070514e-01,0.000000000000000000e+00,1.846979352188296488e-04,3.411332727409899235e-08,1.000000000000000000e+00
1.000000000000000000e+00,6.017094039916992188e+01,2.470516014099121094e+01,1.536666679382324219e+01,6.000000000000000000e+00,3.304458534068174247e-01,-6.608917068136348494e-01,0.000000000000000000e+00,0.000000000000000000e+00,8.529922399520072193e-06,0.000000000000000000e+00,7.275957614183427196e-11,1.000000000000000000e+00
1.000000000000000000e+00,6.017086410522460938e+01,2.470513725280761719e+01,1.536666679382324219e+01,6.000000000000000000e+00,-7.684559764481153632e-01,-2.305367929344346034e-01,3.304458534068174247e-01,-6.608917068136348494e-01,7.965321738365593472e-05,8.529922399520072193e-06,5.058523089400405244e-09,1.000000000000000000e+00
1.000000000000000000e+00,6.017081069946289062e+01,2.470501518249511719e+01,1.538333320617675781e+01,6.000000000000000000e+00,-3.041744836612067515e-01,-6.952559626541868765e-01,-7.684559764481153632e-01,-2.305367929344346034e-01,1.332416473127210916e-04,7.965321738365593472e-05,2.871719822262326267e-09,1.000000000000000000e+00
1.000000000000000000e+00,6.017090988159179688e+01,2.470505714416503906e+01,1.538333320617675781e+01,6.000000000000000000e+00,7.022051922218653930e-01,2.970868120938661150e-01,-3.041744836612067515e-01,-6.952559626541868765e-01,1.076934372977684314e-04,1.332416473127210916e-04,6.527110349681273581e-10,1.000000000000000000e+00
1.000000000000000000e+00,6.017091369628906250e+01,2.470510673522949219e+01,1.538333320617675781e+01,6.000000000000000000e+00,7.129507445715359271e-02,9.268359679429967191e-01,7.022051922218653930e-01,2.970868120938661150e-01,4.973756717836493800e-05,1.076934372977684314e-04,3.358882881297166743e-09,1.000000000000000000e+00
1.000000000000000000e+00,6.017097854614257812e+01,2.470531272888183594e+01,1.538333320617675781e+01,6.000000000000000000e+00,2.393482482997150995e-01,7.602826710696832802e-01,7.129507445715359271e-02,9.268359679429967191e-01,2.159603859667688121e-04,4.973756717836493800e-05,2.763002548596255288e-08,1.000000000000000000e+00
1.000000000000000000e+00,6.017095184326171875e+01,2.470520973205566406e+01,1.538333320617675781e+01,6.000000000000000000e+00,-2.057237375192698392e-01,-7.935058447171836615e-01,2.393482482997150995e-01,7.602826710696832802e-01,1.064020208815105663e-04,2.159603859667688121e-04,1.200303536015473277e-08,1.000000000000000000e+00
1.000000000000000000e+00,6.017124938964843750e+01,2.470606231689453125e+01,2.033333396911621094e+01,6.000000000000000000e+00,0.000000000000000000e+00,0.000000000000000000e+00,-2.057237375192698392e-01,-7.935058447171836615e-01,0.000000000000000000e+00,1.064020208815105663e-04,1.132139004766941071e-08,1.000000000000000000e+00
1.000000000000000000e+00,6.017128372192382812e+01,2.470591545104980469e+01,2.033333396911621094e+01,6.000000000000000000e+00,1.893691747516924040e-01,-8.100792475489063671e-01,0.000000000000000000e+00,0.000000000000000000e+00,1.508253343465363716e-04,0.000000000000000000e+00,2.274828148074448440e-08,1.000000000000000000e+00
1.000000000000000000e+00,6.017124938964843750e+01,2.470588111877441406e+01,2.033333396911621094e+01,6.000000000000000000e+00,-4.992728811657759502e-01,-4.992728811657759502e-01,1.893691747516924040e-01,-8.100792475489063671e-01,4.855316948454992370e-05,1.508253343465363716e-04,1.045959570555733604e-08,1.000000000000000000e+00
1.000000000000000000e+00,6.017128372192382812e+01,2.470592308044433594e+01,2.033333396911621094e+01,6.000000000000000000e+00,4.494109480821297797e-01,5.492800476559364098e-01,-4.992728811657759502e-01,-4.992728811657759502e-01,5.421703492565877971e-05,4.855316948454992370e-05,3.207937173498721619e-11,1.000000000000000000e+00
1.000000000000000000e+00,6.017128753662109375e+01,2.470592689514160156e+01,2.033333396911621094e+01,6.000000000000000000e+00,4.935311880124827466e-01,4.935311880124827466e-01,4.494109480821297797e-01,5.492800476559364098e-01,5.394796609394436438e-06,5.421703492565877971e-05,2.383610954210109948e-09,1.000000000000000000e+00
1.000000000000000000e+00,6.017131042480468750e+01,2.470589828491210938e+01,2.035000038146972656e+01,6.000000000000000000e+00,4.435830915115466233e-01,-5.544788643894332791e-01,4.935311880124827466e-01,4.935311880124827466e-01,3.663897077998837584e-05,5.394796609394436438e-06,9.761984196024092203e-10,1.000000000000000000e+00
1.000000000000000000e+00,6.017128372192382812e+01,2.470574951171875000e+01,2.035000038146972656e+01,6.000000000000000000e+00,-1.520872418306033758e-01,-8.473432044847902800e-01,4.435830915115466233e-01,-5.544788643894332791e-01,1.511506100170818389e-04,3.663897077998837584e-05,1.311291552076624278e-08,1.000000000000000000e+00
1.000000000000000000e+00,6.017133712768554688e+01,2.470598983764648438e+01,2.035000038146972656e+01,6.000000000000000000e+00,1.817563034747816941e-01,8.179033656365176652e-01,-1.520872418306033758e-01,-8.473432044847902800e-01,2.461883972208031199e-04,1.511506100170818389e-04,9.032180996579809210e-09,1.000000000000000000e+00
1.000000000000000000e+00,6.017131423950195312e+01,2.470599746704101562e+01,2.035000038146972656e+01,6.000000000000000000e+00,-7.475504267615875609e-01,2.491834755871958629e-01,1.817563034747816941e-01,8.179033656365176652e-01,2.412626388678268069e-05,2.461883972208031199e-04,4.931159106085627697e-08,1.000000000000000000e+00
1.000000000000000000e+00,6.017096710205078125e+01,2.470531272888183594e+01,2.036666679382324219e+01,6.000000000000000000e+00,-3.363814490282535652e-01,-6.635216494568297874e-01,-7.475504267615875609e-01,2.491834755871958629e-01,7.677048629798387605e-04,2.412626388678268069e-05,5.529091330291917439e-07,1.000000000000000000e+00
1.000000000000000000e+00,6.017096710205078125e+01,2.470531272888183594e+01,2.036666679382324219e+01,6.000000000000000000e+00,0.000000000000000000e+00,0.000000000000000000e+00,-3.363814490282535652e-01,-6.635216494568297874e-01,0.000000000000000000e+00,7.677048629798387605e-04,5.893707566428929567e-07,1.000000000000000000e+00
1.000000000000000000e+00,6.017096710205078125e+01,2.470531272888183594e+01,2.036666679382324219e+01,6.000000000000000000e+00,0.000000000000000000e+00,0.000000000000000000e+00,0.000000000000000000e+00,0.000000000000000000e+00,0.000000000000000000e+00,0.000000000000000000e+00,0.000000000000000000e+00,1.000000000000000000e+00
1.000000000000000000e+00,6.017096710205078125e+01,2.470531272888183594e+01,2.038333320617675781e+01,6.000000000000000000e+00,0.000000000000000000e+00,0.000000000000000000e+00,0.000000000000000000e+00,0.000000000000000000e+00,0.000000000000000000e+00,0.000000000000000000e+00,0.000000000000000000e+00,1.000000000000000000e+00
1.000000000000000000e+00,6.017131805419921875e+01,2.470601272583007812e+01,2.038333320617675781e+01,6.000000000000000000e+00,3.339065221084095425e-01,6.659983348575343465e-01,0.000000000000000000e+00,0.000000000000000000e+00,7.830473408685279966e-04,0.000000000000000000e+00,6.131631380412726536e-07,1.000000000000000000e+00
1.000000000000000000e+00,6.017127227783203125e+01,2.470591735839843750e+01,2.038333320617675781e+01,6.000000000000000000e+00,-3.240947041023993780e-01,-6.751973002133321300e-01,3.339065221084095425e-01,6.659983348575343465e-01,1.057847947987521921e-04,7.830473408685279966e-04,4.586845563089152832e-07,1.000000000000000000e+00
1.000000000000000000e+00,6.017124176025390625e+01,2.470576667785644531e+01,2.038333320617675781e+01,6.000000000000000000e+00,-1.683281553348376924e-01,-8.311202669657611342e-01,-3.240947041023993780e-01,-6.751973002133321300e-01,1.537398722182207848e-04,1.057847947987521921e-04,2.299689450307226643e-09,1.000000000000000000e+00
1.000000000000000000e+00,6.017125320434570312e+01,2.470566177368164062e+01,2.038333320617675781e+01,6.000000000000000000e+00,9.827618848146463248e-02,-9.008650610800924552e-01,-1.683281553348376924e-01,-8.311202669657611342e-01,1.055265517701954169e-04,1.537398722182207848e-04,2.324524268623980862e-09,1.000000000000000000e+00
1.000000000000000000e+00,6.017123031616210938e+01,2.470579719543457031e+01,2.038333320617675781e+01,6.000000000000000000e+00,-1.444870447906756450e-01,8.548816816781642514e-01,9.827618848146463248e-02,-9.008650610800924552e-01,1.373423464004111636e-04,1.055265517701954169e-04,1.012244787952065048e-09,1.000000000000000000e+00
1.000000000000000000e+00,6.017120742797851562e+01,2.470574188232421875e+01,2.039999961853027344e+01,6.000000000000000000e+00,-2.923091361649228226e-01,-7.064137457318968583e-01,-1.444870447906756450e-01,8.548816816781642514e-01,5.986158304777227512e-05,1.373423464004111636e-04,6.003268689707628719e-09,1.000000000000000000e+00
1.000000000000000000e+00,6.017096710205078125e+01,2.470531082153320312e+01,2.039999961853027344e+01,6.000000000000000000e+00,-3.579012376920150396e-01,-6.419498390348841177e-01,-2.923091361649228226e-01,-7.064137457318968583e-01,4.935280712304057106e-04,5.986158304777227512e-05,1.880666229726581683e-07,1.000000000000000000e+00
1.000000000000000000e+00,6.017096710205078125e+01,2.470530891418457031e+01,2.039999961853027344e+01,6.000000000000000000e+00,0.000000000000000000e+00,-9.501830432614539745e-01,-3.579012376920150396e-01,-6.419498390348841177e-01,1.907348632812500000e-06,4.935280712304057106e-04,2.416909348873797096e-07,1.000000000000000000e+00
1.000000000000000000e+00,6.017096710205078125e+01,2.470530891418457031e+01,2.039999961853027344e+01,6.000000000000000000e+00,0.000000000000000000e+00,0.000000000000000000e+00,0.000000000000000000e+00,-9.501830432614539745e-01,0.000000000000000000e+00,1.907348632812500000e-06,3.637978807091712952e-12,1.000000000000000000e+00
1.000000000000000000e+00,6.017096710205078125e+01,2.470530891418457031e+01,2.039999961853027344e+01,6.000000000000000000e+00,0.000000000000000000e+00,0.000000000000000000e+00,0.000000000000000000e+00,0.000000000000000000e+00,0.000000000000000000e+00,0.000000000000000000e+00,0.000000000000000000e+00,1.000000000000000000e+00
1.000000000000000000e+00,6.017113876342773438e+01,2.470542907714843750e+01,2.039999961853027344e+01,6.000000000000000000e+00,5.880337914637523422e-01,4.116236540246266395e-01,0.000000000000000000e+00,0.000000000000000000e+00,2.095394144851747936e-04,0.000000000000000000e+00,4.390676622278987700e-08,1.000000000000000000e+00
1.000000000000000000e+00,6.017119216918945312e+01,2.470559883117675781e+01,2.041666603088378906e+01,6.000000000000000000e+00,2.392090474930837207e-01,7.603430438173017780e-01,5.880337914637523422e-01,4.116236540246266395e-01,1.779567518127181478e-04,2.095394144851747936e-04,9.974645814821863917e-10,1.000000000000000000e+00
1.000000000000000000e+00,6.017114639282226562e+01,2.470558929443359375e+01,2.041666603088378906e+01,6.000000000000000000e+00,-8.260927224094943844e-01,-1.721026505019779829e-01,2.392090474930837207e-01,7.603430438173017780e-01,4.675922650196557076e-05,1.779567518127181478e-04,1.721279064766556424e-08,1.000000000000000000e+00
1.000000000000000000e+00,6.017111968994140625e+01,2.470535850524902344e+01,2.041666603088378906e+01,6.000000000000000000e+00,-1.036634448146999954e-01,-8.959483444699071208e-01,-8.260927224094943844e-01,-1.721026505019779829e-01,2.323288435834426179e-04,4.675922650196557076e-05,3.443608278376601605e-08,1.000000000000000000e+00
1.000000000000000000e+00,6.017139434814453125e+01,2.470601081848144531e+01,2.051666641235351562e+01,6.000000000000000000e+00,0.000000000000000000e+00,0.000000000000000000e+00,-1.036634448146999954e-01,-8.959483444699071208e-01,0.000000000000000000e+00,2.323288435834426179e-04,5.397669156081974506e-08,1.000000000000000000e+00
1.000000000000000000e+00,6.017129898071289062e+01,2.470573425292968750e+01,2.051666641235351562e+01,6.000000000000000000e+00,-2.563413350328914153e-01,-7.433898715953851655e-01,0.000000000000000000e+00,0.000000000000000000e+00,2.925464944873422141e-04,0.000000000000000000e+00,8.558345143683254719e-08,1.000000000000000000e+00
1.000000000000000000e+00,6.017107009887695312e+01,2.470547103881835938e+01,2.051666641235351562e+01,6.000000000000000000e+00,-4.650217808761814564e-01,-5.347750480076086665e-01,-2.563413350328914153e-01,-7.433898715953851655e-01,3.488102108946572228e-04,2.925464944873422141e-04,3.165605783962767967e-09,1.000000000000000000e+00
1.000000000000000000e+00,6.017108535766601562e+01,2.470538330078125000e+01,2.053333282470703125e+01,6.000000000000000000e+00,1.480044500794014117e-01,-8.510255879565581383e-01,-4.650217808761814564e-01,-5.347750480076086665e-01,8.905500434821130549e-05,3.488102108946572228e-04,6.747276732798678750e-08,1.000000000000000000e+00
1.000000000000000000e+00,6.017110824584960938e+01,2.470541381835937500e+01,2.053333282470703125e+01,6.000000000000000000e+00,4.277704467429215840e-01,5.703605956572287417e-01,1.480044500794014117e-01,-8.510255879565581383e-01,3.814697265625000000e-05,8.905500434821130549e-05,2.591627690749736574e-09,1.000000000000000000e+00
1.000000000000000000e+00,6.017108917236328125e+01,2.470554161071777344e+01,2.053333282470703125e+01,6.000000000000000000e+00,-1.297817623109110974e-01,8.695378074831042747e-01,4.277704467429215840e-01,5.703605956572287417e-01,1.292079128604122049e-04,3.814697265625000000e-05,8.292094830866004192e-09,1.000000000000000000e+00
1.000000000000000000e+00,6.017104339599609375e+01,2.470560073852539062e+01,2.053333282470703125e+01,6.000000000000000000e+00,-4.359480684710498877e-01,5.630995884417727693e-01,-1.297817623109110974e-01,8.695378074831042747e-01,7.477682412686408628e-05,1.292079128604122049e-04,2.962743420719389033e-09,1.000000000000000000e+00
1.000000000000000000e+00,6.017116546630859375e+01,2.470569038391113281e+01,2.053333282470703125e+01,6.000000000000000000e+00,5.763043698509365820e-01,4.232235216092815611e-01,-4.359480684710498877e-01,5.630995884417727693e-01,1.514511682976174708e-04,7.477682412686408628e-05,5.878955054015143593e-09,1.000000000000000000e+00
1.000000000000000000e+00,6.017097091674804688e+01,2.470529937744140625e+01,2.053333282470703125e+01,6.000000000000000000e+00,-3.321908261681205676e-01,-6.676384251418109317e-01,5.763043698509365820e-01,4.232235216092815611e-01,4.367328598548675975e-04,1.514511682976174708e-04,8.138564353776599843e-08,1.000000000000000000e+00
1.000000000000000000e+00,6.017097091674804688e+01,2.470529937744140625e+01,2.054999923706054688e+01,6.000000000000000000e+00,0.000000000000000000e+00,0.000000000000000000e+00,-3.321908261681205676e-01,-6.676384251418109317e-01,0.000000000000000000e+00,4.367328598548675975e-04,1.907355908770114183e-07,1.000000000000000000e+00
1.000000000000000000e+00,6.017097091674804688e+01,2.470529937744140625e+01,2.054999923706054688e+01,6.000000000000000000e+00,0.000000000000000000e+00,0.000000000000000000e+00,0.000000000000000000e+00,0.000000000000000000e+00,0.000000000000000000e+00,0.000000000000000000e+00,0.000000000000000000e+00,1.000000000000000000e+00
1.000000000000000000e+00,6.017097091674804688e+01,2.470529937744140625e+01,2.054999923706054688e+01,6.000000000000000000e+00,0.000000000000000000e+00,0.000000000000000000e+00,0.000000000000000000e+00,0.000000000000000000e+00,0.000000000000000000e+00,0.000000000000000000e+00,0.000000000000000000e+00,1.000000000000000000e+00
1.000000000000000000e+00,6.017127990722656250e+01,2.470568275451660156e+01,2.056666755676269531e+01,6.000000000000000000e+00,4.462165438073499857e-01,5.536390450943046160e-01,0.000000000000000000e+00,0.000000000000000000e+00,4.923952656135386144e-04,0.000000000000000000e+00,2.424530975986272626e-07,1.000000000000000000e+00
1.000000000000000000e+00,6.017116165161132812e+01,2.470546531677246094e+01,2.056666755676269531e+01,6.000000000000000000e+00,-3.521678196807699890e-01,-6.475343781227060891e-01,4.462165438073499857e-01,5.536390450943046160e-01,2.475147735215505254e-04,4.923952656135386144e-04,5.996645540721424447e-08,1.000000000000000000e+00
1.000000000000000000e+00,6.017114257812500000e+01,2.470545578002929688e+01,2.056666755676269531e+01,6.000000000000000000e+00,-6.643446139403097472e-01,-3.321723069701548736e-01,-3.521678196807699890e-01,-6.475343781227060891e-01,2.132480599880018048e-05,2.475147735215505254e-04,5.116190140794285639e-08,1.000000000000000000e+00
1.000000000000000000e+00,6.017118072509765625e+01,2.470550727844238281e+01,2.056666755676269531e+01,6.000000000000000000e+00,4.250577602489247209e-01,5.738279763360483177e-01,-6.643446139403097472e-01,-3.321723069701548736e-01,6.408804937901093094e-05,2.132480599880018048e-05,1.828694984395138649e-09,1.000000000000000000e+00
1.000000000000000000e+00,6.017114257812500000e+01,2.470561408996582031e+01,2.058333396911621094e+01,6.000000000000000000e+00,-2.629764797202637228e-01,7.363341432167384015e-01,4.250577602489247209e-01,5.738279763360483177e-01,1.134191036019783480e-04,6.408804937901093094e-05,2.433552910749351266e-09,1.000000000000000000e+00
1.000000000000000000e+00,6.017111587524414062e+01,2.470554924011230469e+01,2.058333396911621094e+01,6.000000000000000000e+00,-2.913484364811129157e-01,-7.075604885969883906e-01,-2.629764797202637228e-01,7.363341432167384015e-01,7.013235592212766606e-05,1.134191036019783480e-04,1.873742524699058213e-09,1.000000000000000000e+00
1.000000000000000000e+00,6.017126846313476562e+01,2.470551109313964844e+01,2.125000000000000000e+01,6.000000000000000000e+00,0.000000000000000000e+00,0.000000000000000000e+00,-2.913484364811129157e-01,-7.075604885969883906e-01,0.000000000000000000e+00,7.013235592212766606e-05,4.918547347187995911e-09,1.000000000000000000e+00
1.000000000000000000e+00,6.017124557495117188e+01,2.470559310913085938e+01,2.125000000000000000e+01,6.000000000000000000e+00,-2.179740342355249438e-01,7.810736226772977409e-01,0.000000000000000000e+00,0.000000000000000000e+00,8.514981950969587011e-05,0.000000000000000000e+00,7.250491762533783085e-09,1.000000000000000000e+00
1.000000000000000000e+00,6.017121887207031250e+01,2.470563316345214844e+01,2.125000000000000000e+01,6.000000000000000000e+00,-3.994017099322943465e-01,5.991025648984414920e-01,-2.179740342355249438e-01,7.810736226772977409e-01,4.813930307054123918e-05,8.514981950969587011e-05,1.369778327092935160e-09,1.000000000000000000e+00
1.000000000000000000e+00,6.017122650146484375e+01,2.470556831359863281e+01,2.125000000000000000e+01,6.000000000000000000e+00,1.051181258632300497e-01,-8.935040698374553392e-01,-3.994017099322943465e-01,5.991025648984414920e-01,6.529709918450809516e-05,4.813930307054123918e-05,2.943899674884561401e-10,1.000000000000000000e+00
1.000000000000000000e+00,6.017124557495117188e+01,2.470542716979980469e+01,2.125000000000000000e+01,6.000000000000000000e+00,1.189733615407434775e-01,-8.804028754015017499e-01,1.051181258632300497e-01,-8.935040698374553392e-01,1.424267173965032269e-04,6.529709918450809516e-05,5.948978005528131216e-09,1.000000000000000000e+00
1.000000000000000000e+00,6.017118072509765625e+01,2.470542716979980469e+01,2.125000000000000000e+01,6.000000000000000000e+00,-9.984603506461189326e-01,0.000000000000000000e+00,1.189733615407434775e-01,-8.804028754015017499e-01,6.484985351562500000e-05,1.424267173965032269e-04,6.018169809592309035e-09,1.000000000000000000e+00
1.000000000000000000e+00,6.017116165161132812e+01,2.470551490783691406e+01,2.126666641235351562e+01,6.000000000000000000e+00,-1.784044012736875351e-01,8.206602458589626892e-01,-9.984603506461189326e-01,0.000000000000000000e+00,8.978730999709945502e-05,6.484985351562500000e-05,6.218767357654322627e-10,1.000000000000000000e+00
1.000000000000000000e+00,6.017116165161132812e+01,2.470547485351562500e+01,2.126666641235351562e+01,6.000000000000000000e+00,0.000000000000000000e+00,-9.975096080125442910e-01,-1.784044012736875351e-01,8.206602458589626892e-01,4.005432128906250000e-05,8.978730999709945502e-05,2.473370165833731388e-09,1.000000000000000000e+00
1.000000000000000000e+00,6.017115402221679688e+01,2.470549964904785156e+01,2.126666641235351562e+01,6.000000000000000000e+00,-2.345706905986318924e-01,7.623547444455536226e-01,0.000000000000000000e+00,-9.975096080125442910e-01,2.594274617907608784e-05,4.005432128906250000e-05,1.991365520847880258e-10,1.000000000000000000e+00
1.000000000000000000e+00,6.017096328735351562e+01,2.470530319213867188e+01,2.128333282470703125e+01,6.000000000000000000e+00,-4.924836437120224120e-01,-5.072581530233830627e-01,-2.345706905986318924e-01,7.623547444455536226e-01,2.738158235664132066e-04,2.594274617907608784e-05,6.144106249346880933e-08,1.000000000000000000e+00
1.000000000000000000e+00,6.017130661010742188e+01,2.470556449890136719e+01,2.128333282470703125e+01,6.000000000000000000e+00,5.677294467709184111e-01,4.321051900423101833e-01,-4.924836437120224120e-01,-5.072581530233830627e-01,4.314530537382669194e-04,2.738158235664132066e-04,2.484949633625398696e-08,1.000000000000000000e+00
1.000000000000000000e+00,6.017128372192382812e+01,2.470559120178222656e+01,2.128333282470703125e+01,6.000000000000000000e+00,-4.606096457309961090e-01,5.373779200194954697e-01,5.677294467709184111e-01,4.321051900423101833e-01,3.516977103154330091e-05,4.314530537382669194e-04,1.570404401528170422e-07,1.000000000000000000e+00
1.000000000000000000e+00,6.017121505737304688e+01,2.470556831359863281e+01,2.129999923706054688e+01,6.000000000000000000e+00,-7.491816938085760214e-01,-2.497272312695253405e-01,-4.606096457309961090e-01,5.373779200194954697e-01,7.237879166034803867e-05,3.516977103154330091e-05,1.384511216154816455e-09,1.000000000000000000e+00
1.000000000000000000e+00,6.017120742797851562e+01,2.470545959472656250e+01,2.129999923706054688e+01,6.000000000000000000e+00,-6.551745898764309295e-02,-9.336237905739140919e-01,-7.491816938085760214e-01,-2.497272312695253405e-01,1.089862413571293133e-04,7.237879166034803867e-05,1.340105373302371450e-09,1.000000000000000000e+00
1.000000000000000000e+00,6.017121887207031250e+01,2.470546150207519531e+01,2.129999923706054688e+01,6.000000000000000000e+00,8.507707302199207788e-01,1.417951217033201206e-01,-6.551745898764309295e-02,-9.336237905739140919e-01,1.160194879588741176e-05,1.089862413571293133e-04,9.483700437653555505e-09,1.000000000000000000e+00
1.000000000000000000e+00,6.017118835449218750e+01,2.470543289184570312e+01,2.129999923706054688e+01,6.000000000000000000e+00,-5.152576020076085062e-01,-4.830540018821329329e-01,8.507707302199207788e-01,1.417951217033201206e-01,4.183142127887975483e-05,1.160194879588741176e-05,9.138210065999913506e-10,1.000000000000000000e+00
1.000000000000000000e+00,6.017116546630859375e+01,2.470543861389160156e+01,2.129999923706054688e+01,6.000000000000000000e+00,-7.972135367283716967e-01,1.993033841820929242e-01,-5.152576020076085062e-01,-4.830540018821329329e-01,2.359259963389011549e-05,4.183142127887975483e-05,3.326546149977425898e-10,1.000000000000000000e+00
1.000000000000000000e+00,6.017113876342773438e+01,2.470539093017578125e+01,2.129999923706054688e+01,6.000000000000000000e+00,-3.584924274927555610e-01,-6.401650490942063509e-01,-7.972135367283716967e-01,1.993033841820929242e-01,5.465144646413575133e-05,2.359259963389011549e-05,9.646519664246593099e-10,1.000000000000000000e+00
1.000000000000000000e+00,6.017115402221679688e+01,2.470533370971679688e+01,2.131666755676269531e+01,6.000000000000000000e+00,2.102362517264600994e-01,-7.883859439742253450e-01,-3.584924274927555610e-01,-6.401650490942063509e-01,5.922002676490792931e-05,5.465144646413575133e-05,2.087192596460360551e-11,1.000000000000000000e+00
1.000000000000000000e+00,6.017109680175781250e+01,2.470532417297363281e+01,2.131666755676269531e+01,6.000000000000000000e+00,-8.558608069977735600e-01,-1.426434678329622507e-01,2.102362517264600994e-01,-7.883859439742253450e-01,5.800974397943706390e-05,5.922002676490792931e-05,1.464784420807116870e-12,1.000000000000000000e+00
1.000000000000000000e+00,6.017119979858398438e+01,2.470534515380859375e+01,2.136666679382324219e+01,6.000000000000000000e+00,8.300996749255886709e-01,1.690943782255828753e-01,-8.558608069977735600e-01,-1.426434678329622507e-01,1.051120432545078645e-04,5.800974397943706390e-05,2.218626596998335235e-09,1.000000000000000000e+00
1.000000000000000000e+00,6.017112350463867188e+01,2.470536231994628906e+01,2.136666679382324219e+01,6.000000000000000000e+00,-8.154540147867255229e-01,1.834771533270132260e-01,8.300996749255886709e-01,1.690943782255828753e-01,7.820129394531250000e-05,1.051120432545078645e-04,7.241884283823587640e-10,1.000000000000000000e+00
1.000000000000000000e+00,6.017114257812500000e+01,2.470520019531250000e+01,2.136666679382324219e+01,6.000000000000000000e+00,1.052050970842735578e-01,-8.942433252163252133e-01,-8.154540147867255229e-01,1.834771533270132260e-01,1.632427479612702243e-04,7.820129394531250000e-05,7.232048901148252135e-09,1.000000000000000000e+00
1.000000000000000000e+00,6.017114639282226562e+01,2.470512199401855469e+01,2.138333320617675781e+01,6.000000000000000000e+00,4.645498653028374419e-02,-9.523272238708168080e-01,1.052050970842735578e-01,-8.942433252163252133e-01,7.829428005895154032e-05,1.632427479612702243e-04,7.216242198951267508e-09,1.000000000000000000e+00
1.000000000000000000e+00,6.017096328735351562e+01,2.470530509948730469e+01,2.138333320617675781e+01,6.000000000000000000e+00,-4.998635039391909896e-01,4.998635039391909896e-01,4.645498653028374419e-02,-9.523272238708168080e-01,2.589502372509329083e-04,7.829428005895154032e-05,3.263657486895100958e-08,1.000000000000000000e+00
1.000000000000000000e+00,6.017096328735351562e+01,2.470530509948730469e+01,2.138333320617675781e+01,6.000000000000000000e+00,0.000000000000000000e+00,0.000000000000000000e+00,-4.998635039391909896e-01,4.998635039391909896e-01,0.000000000000000000e+00,2.589502372509329083e-04,6.705522537231443989e-08,1.000000000000000000e+00
1.000000000000000000e+00,6.017096328735351562e+01,2.470530509948730469e+01,2.138333320617675781e+01,6.000000000000000000e+00,0.000000000000000000e+00,0.000000000000000000e+00,0.000000000000000000e+00,0.000000000000000000e+00,0.000000000000000000e+00,0.000000000000000000e+00,0.000000000000000000e+00,1.000000000000000000e+00
1.000000000000000000e+00,6.017096328735351562e+01,2.470530509948730469e+01,2.139999961853027344e+01,6.000000000000000000e+00,0.000000000000000000e+00,0.000000000000000000e+00,0.000000000000000000e+00,0.000000000000000000e+00,0.000000000000000000e+00,0.000000000000000000e+00,0.000000000000000000e+00,1.000000000000000000e+00
1.000000000000000000e+00,6.017096328735351562e+01,2.470530509948730469e+01,2.141666603088378906e+01,6.000000000000000000e+00,0.000000000000000000e+00,0.000000000000000000e+00,0.000000000000000000e+00,0.000000000000000000e+00,0.000000000000000000e+00,0.000000000000000000e+00,0.000000000000000000e+00,1.000000000000000000e+00
1.000000000000000000e+00,6.017096328735351562e+01,2.470530509948730469e+01,2.141666603088378906e+01,6.000000000000000000e+00,0.000000000000000000e+00,0.000000000000000000e+00,0.000000000000000000e+00,0.000000000000000000e+00,0.000000000000000000e+00,0.000000000000000000e+00,0.000000000000000000e+00,1.000000000000000000e+00
1.000000000000000000e+00,6.017096328735351562e+01,2.470530509948730469e+01,2.141666603088378906e+01,6.000000000000000000e+00,0.000000000000000000e+00,0.000000000000000000e+00,0.000000000000000000e+00,0.000000000000000000e+00,0.000000000000000000e+00,0.000000000000000000e+00,0.000000000000000000e+00,1.000000000000000000e+00
1.000000000000000000e+00,6.017096328735351562e+01,2.470530509948730469e+01,2.143333244323730469e+01,6.000000000000000000e+00,0.000000000000000000e+00,0.000000000000000000e+00,0.000000000000000000e+00,0.000000000000000000e+00,0.000000000000000000e+00,0.000000000000000000e+00,0.000000000000000000e+00,1.000000000000000000e+00
1.000000000000000000e+00,6.017096328735351562e+01,2.470530509948730469e+01,2.143333244323730469e+01,6.000000000000000000e+00,0.000000000000000000e+00,0.000000000000000000e+00,0.000000000000000000e+00,0.000000000000000000e+00,0.000000000000000000e+00,0.000000000000000000e+00,0.000000000000000000e+00,1.000000000000000000e+00
1.000000000000000000e+00,6.017096328735351562e+01,2.470530509948730469e+01,2.143333244323730469e+01,6.000000000000000000e+00,0.000000000000000000e+00,0.000000000000000000e+00,0.000000000000000000e+00,0.000000000000000000e+00,0.000000000000000000e+00,0.000000000000000000e+00,0.000000000000000000e+00,1.000000000000000000e+00
1.000000000000000000e+00,6.017096328735351562e+01,2.470530509948730469e+01,2.143333244323730469e+01,6.000000000000000000e+00,0.000000000000000000e+00,0.000000000000000000e+00,0.000000000000000000e+00,0.000000000000000000e+00,0.000000000000000000e+00,0.000000000000000000e+00,0.000000000000000000e+00,1.000000000000000000e+00
1.000000000000000000e+00,6.017096328735351562e+01,2.470530509948730469e+01,2.143333244323730469e+01,6.000000000000000000e+00,0.000000000000000000e+00,0.000000000000000000e+00,0.000000000000000000e+00,0.000000000000000000e+00,0.000000000000000000e+00,0.000000000000000000e+00,0.000000000000000000e+00,1.000000000000000000e+00
1.000000000000000000e+00,6.017096328735351562e+01,2.470530509948730469e+01,2.143333244323730469e+01,6.000000000000000000e+00,0.000000000000000000e+00,0.000000000000000000e+00,0.000000000000000000e+00,0.000000000000000000e+00,0.000000000000000000e+00,0.000000000000000000e+00,0.000000000000000000e+00,1.000000000000000000e+00
1.000000000000000000e+00,6.017096328735351562e+01,2.470530509948730469e+01,2.145000076293945312e+01,6.000000000000000000e+00,0.000000000000000000e+00,0.000000000000000000e+00,0.000000000000000000e+00,0.000000000000000000e+00,0.000000000000000000e+00,0.000000000000000000e+00,0.000000000000000000e+00,1.000000000000000000e+00
1.000000000000000000e+00,6.017131423950195312e+01,2.470556259155273438e+01,2.145000076293945312e+01,6.000000000000000000e+00,5.767077238435365238e-01,4.231279495591165341e-01,0.000000000000000000e+00,0.000000000000000000e+00,4.352810290515123168e-04,0.000000000000000000e+00,1.894695742521435022e-07,1.000000000000000000e+00
1.000000000000000000e+00,6.017136764526367188e+01,2.470550918579101562e+01,2.145000076293945312e+01,6.000000000000000000e+00,4.995323235663250983e-01,-4.995323235663250983e-01,5.767077238435365238e-01,4.231279495591165341e-01,7.552715253152210504e-05,4.352810290515123168e-04,1.294228516711603423e-07,1.000000000000000000e+00
1.000000000000000000e+00,6.017136001586914062e+01,2.470548629760742188e+01,2.145000076293945312e+01,6.000000000000000000e+00,-2.491834755871958629e-01,-7.475504267615875609e-01,4.995323235663250983e-01,-4.995323235663250983e-01,2.412626388678268069e-05,7.552715253152210504e-05,2.642051353468901848e-09,1.000000000000000000e+00
1.000000000000000000e+00,6.017096328735351562e+01,2.470530509948730469e+01,2.146666717529296875e+01,6.000000000000000000e+00,-6.863498861356098768e-01,-3.134771114561679672e-01,-2.491834755871958629e-01,-7.475504267615875609e-01,4.361493710232981183e-04,2.412626388678268069e-05,1.697630408144284743e-07,1.000000000000000000e+00
1.000000000000000000e+00,6.017096328735351562e+01,2.470530509948730469e+01,2.146666717529296875e+01,6.000000000000000000e+00,0.000000000000000000e+00,0.000000000000000000e+00,-6.863498861356098768e-01,-3.134771114561679672e-01,0.000000000000000000e+00,4.361493710232981183e-04,1.902262738440185521e-07,1.000000000000000000e+00
1.000000000000000000e+00,6.017096328735351562e+01,2.470530509948730469e+01,2.146666717529296875e+01,6.000000000000000000e+00,0.000000000000000000e+00,0.000000000000000000e+00,0.000000000000000000e+00,0.000000000000000000e+00,0.000000000000000000e+00,0.000000000000000000e+00,0.000000000000000000e+00,1.000000000000000000e+00
1.000000000000000000e+00,6.017096328735351562e+01,2.470530509948730469e+01,2.146666717529296875e+01,6.000000000000000000e+00,0.000000000000000000e+00,0.000000000000000000e+00,0.000000000000000000e+00,0.000000000000000000e+00,0.000000000000000000e+00,0.000000000000000000e+00,0.000000000000000000e+00,1.000000000000000000e+00
1.000000000000000000e+00,6.017096328735351562e+01,2.470530509948730469e+01,2.146666717529296875e+01,6.000000000000000000e+00,0.000000000000000000e+00,0.000000000000000000e+00,0.000000000000000000e+00,0.000000000000000000e+00,0.000000000000000000e+00,0.000000000000000000e+00,0.000000000000000000e+00,1.000000000000000000e+00
1.000000000000000000e+00,6.017096328735351562e+01,2.470530509948730469e+01,2.146666717529296875e+01,6.000000000000000000e+00,0.000000000000000000e+00,0.000000000000000000e+00,0.000000000000000000e+00,0.000000000000000000e+00,0.000000000000000000e+00,0.000000000000000000e+00,0.000000000000000000e+00,1.000000000000000000e+00
1.000000000000000000e+00,6.017096328735351562e+01,2.470530509948730469e+01,2.148333358764648438e+01,6.000000000000000000e+00,0.000000000000000000e+00,0.000000000000000000e+00,0.000000000000000000e+00,0.000000000000000000e+00,0.000000000000000000e+00,0.000000000000000000e+00,0.000000000000000000e+00,1.000000000000000000e+00
1.000000000000000000e+00,6.017096328735351562e+01,2.470530509948730469e+01,2.148333358764648438e+01,6.000000000000000000e+00,0.000000000000000000e+00,0.000000000000000000e+00,0.000000000000000000e+00,0.000000000000000000e+00,0.000000000000000000e+00,0.000000000000000000e+00,0.000000000000000000e+00,1.000000000000000000e+00
1.000000000000000000e+00,6.017096328735351562e+01,2.470530509948730469e+01,2.148333358764648438e+01,6.000000000000000000e+00,0.000000000000000000e+00,0.000000000000000000e+00,0.000000000000000000e+00,0.000000000000000000e+00,0.000000000000000000e+00,0.000000000000000000e+00,0.000000000000000000e+00,1.000000000000000000e+00
1.000000000000000000e+00,6.017096328735351562e+01,2.470530509948730469e+01,2.148333358764648438e+01,6.000000000000000000e+00,0.000000000000000000e+00,0.000000000000000000e+00,0.000000000000000000e+00,0.000000000000000000e+00,0.000000000000000000e+00,0.000000000000000000e+00,0.000000000000000000e+00,1.000000000000000000e+00
1.000000000000000000e+00,6.017131805419921875e+01,2.470543289184570312e+01,2.151666641235351562e+01,6.000000000000000000e+00,7.350255474015034984e-01,2.647672670747351353e-01,0.000000000000000000e+00,0.000000000000000000e+00,3.770814257891517973e-04,0.000000000000000000e+00,1.421904016751796007e-07,1.000000000000000000e+00
1.000000000000000000e+00,6.017120361328125000e+01,2.470531272888183594e+01,2.151666641235351562e+01,6.000000000000000000e+00,-4.875970396124355011e-01,-5.119768915930572595e-01,7.350255474015034984e-01,2.647672670747351353e-01,1.659393310546875000e-04,3.770814257891517973e-04,4.458098416885749587e-08,1.000000000000000000e+00
1.000000000000000000e+00,6.017120361328125000e+01,2.470531272888183594e+01,2.151666641235351562e+01,6.000000000000000000e+00,0.000000000000000000e+00,0.000000000000000000e+00,-4.875970396124355011e-01,-5.119768915930572595e-01,0.000000000000000000e+00,1.659393310546875000e-04,2.753586159087717533e-08,1.000000000000000000e+00
1.000000000000000000e+00,6.017115783691406250e+01,2.470535087585449219e+01,2.153333282470703125e+01,6.000000000000000000e+00,-5.448053751805848055e-01,4.540044793171539861e-01,0.000000000000000000e+00,0.000000000000000000e+00,5.958747616505931073e-05,0.000000000000000000e+00,3.550667315721511427e-09,1.000000000000000000e+00
1.000000000000000000e+00,6.017111968994140625e+01,2.470522880554199219e+01,2.153333282470703125e+01,6.000000000000000000e+00,-2.379467230814869549e-01,-7.614295138607583002e-01,-5.448053751805848055e-01,4.540044793171539861e-01,1.278919572009293445e-04,5.958747616505931073e-05,4.665502129579529045e-09,1.000000000000000000e+00
1.000000000000000000e+00,6.017118835449218750e+01,2.470520782470703125e+01,2.153333282470703125e+01,6.000000000000000000e+00,7.651039684480644976e-01,-2.337817681369085687e-01,-2.379467230814869549e-01,-7.614295138607583002e-01,7.179843988311275635e-05,1.278919572009293445e-04,3.146482685084189557e-09,1.000000000000000000e+00
1.000000000000000000e+00,6.017123794555664062e+01,2.470532226562500000e+01,2.153333282470703125e+01,6.000000000000000000e+00,3.021413847647261286e-01,6.972493494570602968e-01,7.651039684480644976e-01,-2.337817681369085687e-01,1.247236841146226222e-04,7.179843988311275635e-05,2.801081476964968438e-09,1.000000000000000000e+00
1.000000000000000000e+00,6.017123794555664062e+01,2.470532226562500000e+01,2.153333282470703125e+01,6.000000000000000000e+00,0.000000000000000000e+00,0.000000000000000000e+00,3.021413847647261286e-01,6.972493494570602968e-01,0.000000000000000000e+00,1.247236841146226222e-04,1.555599737912416789e-08,1.000000000000000000e+00
1.000000000000000000e+00,6.017096328735351562e+01,2.470530319213867188e+01,2.153333282470703125e+01,6.000000000000000000e+00,-9.347467035845915539e-01,-6.491296552670774989e-02,0.000000000000000000e+00,0.000000000000000000e+00,2.753196804163533036e-04,0.000000000000000000e+00,7.580092642456291783e-08,1.000000000000000000e+00
1.000000000000000000e+00,6.017096328735351562e+01,2.470530319213867188e+01,2.154999923706054688e+01,6.000000000000000000e+00,0.000000000000000000e+00,0.000000000000000000e+00,-9.347467035845915539e-01,-6.491296552670774989e-02,0.000000000000000000e+00,2.753196804163533036e-04,7.580092642456291783e-08,1.000000000000000000e+00
1.000000000000000000e+00,6.017096328735351562e+01,2.470530319213867188e+01,2.154999923706054688e+01,6.000000000000000000e+00,0.000000000000000000e+00,0.000000000000000000e+00,0.000000000000000000e+00,0.000000000000000000e+00,0.000000000000000000e+00,0.000000000000000000e+00,0.000000000000000000e+00,1.000000000000000000e+00
1.000000000000000000e+00,6.017096328735351562e+01,2.470530319213867188e+01,2.154999923706054688e+01,6.000000000000000000e+00,0.000000000000000000e+00,0.000000000000000000e+00,0.000000000000000000e+00,0.000000000000000000e+00,0.000000000000000000e+00,0.000000000000000000e+00,0.000000000000000000e+00,1.000000000000000000e+00
1.000000000000000000e+00,6.017096328735351562e+01,2.470530319213867188e+01,2.154999923706054688e+01,6.000000000000000000e+00,0.000000000000000000e+00,0.000000000000000000e+00,0.000000000000000000e+00,0.000000000000000000e+00,0.000000000000000000e+00,0.000000000000000000e+00,0.000000000000000000e+00,1.000000000000000000e+00
1.000000000000000000e+00,6.017096328735351562e+01,2.470530319213867188e+01,2.154999923706054688e+01,6.000000000000000000e+00,0.000000000000000000e+00,0.000000000000000000e+00,0.000000000000000000e+00,0.000000000000000000e+00,0.000000000000000000e+00,0.000000000000000000e+00,0.000000000000000000e+00,1.000000000000000000e+00
1.000000000000000000e+00,6.017096328735351562e+01,2.470530319213867188e+01,2.154999923706054688e+01,6.000000000000000000e+00,0.000000000000000000e+00,0.000000000000000000e+00,0.000000000000000000e+00,0.000000000000000000e+00,0.000000000000000000e+00,0.000000000000000000e+00,0.000000000000000000e+00,1.000000000000000000e+00
1.000000000000000000e+00,6.017096328735351562e+01,2.470530319213867188e+01,2.156666755676269531e+01,6.000000000000000000e+00,0.000000000000000000e+00,0.000000000000000000e+00,0.000000000000000000e+00,0.000000000000000000e+00,0.000000000000000000e+00,0.000000000000000000e+00,0.000000000000000000e+00,1.000000000000000000e+00
1.000000000000000000e+00,6.017096328735351562e+01,2.470530319213867188e+01,2.156666755676269531e+01,6.000000000000000000e+00,0.000000000000000000e+00,0.000000000000000000e+00,0.000000000000000000e+00,0.000000000000000000e+00,0.000000000000000000e+00,0.000000000000000000e+00,0.000000000000000000e+00,1.000000000000000000e+00
1.000000000000000000e+00,6.017096328735351562e+01,2.470530319213867188e+01,2.156666755676269531e+01,6.000000000000000000e+00,0.000000000000000000e+00,0.000000000000000000e+00,0.000000000000000000e+00,0.000000000000000000e+00,0.000000000000000000e+00,0.000000000000000000e+00,0.000000000000000000e+00,1.000000000000000000e+00
1.000000000000000000e+00,6.017094802856445312e+01,2.470531654357910156e+01,2.188333320617675781e+01,6.000000000000000000e+00,0.000000000000000000e+00,0.000000000000000000e+00,0.000000000000000000e+00,0.000000000000000000e+00,0.000000000000000000e+00,0.000000000000000000e+00,0.000000000000000000e+00,1.000000000000000000e+00
1.000000000000000000e+00,6.017094802856445312e+01,2.470531654357910156e+01,2.189999961853027344e+01,6.000000000000000000e+00,0.000000000000000000e+00,0.000000000000000000e+00,0.000000000000000000e+00,0.000000000000000000e+00,0.000000000000000000e+00,0.000000000000000000e+00,0.000000000000000000e+00,1.000000000000000000e+00
1.000000000000000000e+00,6.017094802856445312e+01,2.470531654357910156e+01,2.189999961853027344e+01,6.000000000000000000e+00,0.000000000000000000e+00,0.000000000000000000e+00,0.000000000000000000e+00,0.000000000000000000e+00,0.000000000000000000e+00,0.000000000000000000e+00,0.000000000000000000e+00,1.000000000000000000e+00
1.000000000000000000e+00,6.017094802856445312e+01,2.470531654357910156e+01,2.189999961853027344e+01,6.000000000000000000e+00,0.000000000000000000e+00,0.000000000000000000e+00,0.000000000000000000e+00,0.000000000000000000e+00,0.000000000000000000e+00,0.000000000000000000e+00,0.000000000000000000e+00,1.000000000000000000e+00
1.000000000000000000e+00,6.017094802856445312e+01,2.470531654357910156e+01,2.189999961853027344e+01,6.000000000000000000e+00,0.000000000000000000e+00,0.000000000000000000e+00,0.000000000000000000e+00,0.000000000000000000e+00,0.000000000000000000e+00,0.000000000000000000e+00,0.000000000000000000e+00,1.000000000000000000e+00
1.000000000000000000e+00,6.017133331298828125e+01,2.470503425598144531e+01,2.189999961853027344e+01,6.000000000000000000e+00,5.770564160702089662e-01,-4.227938097940145412e-01,0.000000000000000000e+00,0.000000000000000000e+00,4.776299561743454071e-04,0.000000000000000000e+00,2.281303750351071093e-07,1.000000000000000000e+00
1.000000000000000000e+00,6.017136383056640625e+01,2.470515823364257812e+01,2.189999961853027344e+01,6.000000000000000000e+00,1.974030912692402717e-01,8.019500582812886247e-01,5.770564160702089662e-01,-4.227938097940145412e-01,1.276784360594143729e-04,4.776299561743454071e-04,1.224660664307509894e-07,1.000000000000000000e+00
1.000000000000000000e+00,6.017142868041992188e+01,2.470518493652343750e+01,2.191666603088378906e+01,6.000000000000000000e+00,7.075604885969883906e-01,2.913484364811129157e-01,1.974030912692402717e-01,8.019500582812886247e-01,7.013235592212766606e-05,1.276784360594143729e-04,3.311551339167023724e-09,1.000000000000000000e+00
1.000000000000000000e+00,6.017142105102539062e+01,2.470523452758789062e+01,2.191666603088378906e+01,6.000000000000000000e+00,-1.331007229605348785e-01,8.651546992434767658e-01,7.075604885969883906e-01,2.913484364811129157e-01,5.017450881182062281e-05,7.013235592212766606e-05,3.983156612783911734e-10,1.000000000000000000e+00
1.000000000000000000e+00,6.017135620117187500e+01,2.470516204833984375e+01,2.191666603088378906e+01,6.000000000000000000e+00,-4.718786107040988109e-01,-5.273937413751692560e-01,-1.331007229605348785e-01,8.651546992434767658e-01,9.725607897935456938e-05,5.017450881182062281e-05,2.216674249440422312e-09,1.000000000000000000e+00
1.000000000000000000e+00,6.017119979858398438e+01,2.470508956909179688e+01,2.191666603088378906e+01,6.000000000000000000e+00,-6.830349108272268932e-01,-3.165283733101783015e-01,-4.718786107040988109e-01,-5.273937413751692560e-01,1.723804249221039318e-04,9.725607897935456938e-05,5.643667353325882928e-09,1.000000000000000000e+00
1.000000000000000000e+00,6.017119216918945312e+01,2.470511054992675781e+01,2.191666603088378906e+01,6.000000000000000000e+00,-2.657378455761238989e-01,7.307790753343407220e-01,-6.830349108272268932e-01,-3.165283733101783015e-01,2.232494337219166885e-05,1.723804249221039318e-04,2.251664754317605943e-08,1.000000000000000000e+00
1.000000000000000000e+00,6.017119216918945312e+01,2.470511054992675781e+01,2.191666603088378906e+01,6.000000000000000000e+00,0.000000000000000000e+00,0.000000000000000000e+00,-2.657378455761238989e-01,7.307790753343407220e-01,0.000000000000000000e+00,2.232494337219166885e-05,4.984030965715646744e-10,1.000000000000000000e+00
1.000000000000000000e+00,6.017113876342773438e+01,2.470511054992675781e+01,2.193333244323730469e+01,6.000000000000000000e+00,-9.981310424001503812e-01,0.000000000000000000e+00,0.000000000000000000e+00,0.000000000000000000e+00,5.340576171875000000e-05,0.000000000000000000e+00,2.852175384759902954e-09,1.000000000000000000e+00
1.000000000000000000e+00,6.017107772827148438e+01,2.470507812500000000e+01,2.193333244323730469e+01,6.000000000000000000e+00,-6.523632118293803961e-01,-3.465679562843583250e-01,-9.981310424001503812e-01,0.000000000000000000e+00,6.911342976376891128e-05,5.340576171875000000e-05,2.467308354125082324e-10,1.000000000000000000e+00
1.000000000000000000e+00,6.017100143432617188e+01,2.470515441894531250e+01,2.193333244323730469e+01,6.000000000000000000e+00,-4.996725346077194874e-01,4.996725346077194874e-01,-6.523632118293803961e-01,-3.465679562843583250e-01,1.078959321878887254e-04,6.911342976376891128e-05,1.504082494276859156e-09,1.000000000000000000e+00
1.000000000000000000e+00,6.017099761962890625e+01,2.470512771606445312e+01,2.193333244323730469e+01,6.000000000000000000e+00,-1.245917377935979314e-01,-8.721421645551854507e-01,-4.996725346077194874e-01,4.996725346077194874e-01,2.697398304697218134e-05,1.078959321878887254e-04,6.548361852765084140e-09,1.000000000000000000e+00
1.000000000000000000e+00,6.017100143432617188e+01,2.470521545410156250e+01,2.193333244323730469e+01,6.000000000000000000e+00,4.162120521158755443e-02,9.572877198665137310e-01,-1.245917377935979314e-01,-8.721421645551854507e-01,8.782092615677900449e-05,2.697398304697218134e-05,3.702350485808067911e-09,1.000000000000000000e+00
1.000000000000000000e+00,6.017098999023437500e+01,2.470507431030273438e+01,2.193333244323730469e+01,6.000000000000000000e+00,-7.495088019115792033e-02,-9.243941890242810544e-01,4.162120521158755443e-02,9.572877198665137310e-01,1.416069884740492617e-04,8.782092615677900449e-05,2.892940499597279565e-09,1.000000000000000000e+00
1.000000000000000000e+00,6.017098236083984375e+01,2.470503997802734375e+01,2.195000076293945312e+01,6.000000000000000000e+00,-1.813859160946480198e-01,-8.162366224259161029e-01,-7.495088019115792033e-02,-9.243941890242810544e-01,3.516977103154330091e-05,1.416069884740492617e-04,1.132888125690329479e-08,1.000000000000000000e+00
1.000000000000000000e+00,6.017060089111328125e+01,2.470476913452148438e+01,2.195000076293945312e+01,6.000000000000000000e+00,-5.847056859138431983e-01,-4.151410369988286497e-01,-1.813859160946480198e-01,-8.162366224259161029e-01,4.678411663693841796e-04,3.516977103154330091e-05,1.872045363435942022e-07,1.000000000000000000e+00
1.000000000000000000e+00,6.017094802856445312e+01,2.470491218566894531e+01,2.195000076293945312e+01,6.000000000000000000e+00,7.080267665613281247e-01,2.917692719346132169e-01,-5.847056859138431983e-01,-4.151410369988286497e-01,3.754571091296538205e-04,4.678411663693841796e-04,8.534814032073774657e-09,1.000000000000000000e+00
1.000000000000000000e+00,6.017083358764648438e+01,2.470488929748535156e+01,2.195000076293945312e+01,6.000000000000000000e+00,-8.327269600660567317e-01,-1.665453920132113630e-01,7.080267665613281247e-01,2.917692719346132169e-01,1.167072947752254887e-04,3.754571091296538205e-04,6.695146642845114010e-08,1.000000000000000000e+00
1.000000000000000000e+00,6.017087173461914062e+01,2.470485305786132812e+01,2.195000076293945312e+01,6.000000000000000000e+00,5.121320392753651030e-01,-4.865254373115968645e-01,-8.327269600660567317e-01,-1.665453920132113630e-01,5.261655511525620401e-05,1.167072947752254887e-04,4.107622910161958515e-09,1.000000000000000000e+00
1.000000000000000000e+00,6.017087173461914062e+01,2.470501518249511719e+01,2.196666717529296875e+01,6.000000000000000000e+00,0.000000000000000000e+00,9.993835708075629043e-01,5.121320392753651030e-01,-4.865254373115968645e-01,1.621246337890625000e-04,5.261655511525620401e-05,1.199201929482854818e-08,1.000000000000000000e+00
1.000000000000000000e+00,6.017084503173828125e+01,2.470488929748535156e+01,2.196666717529296875e+01,6.000000000000000000e+00,-1.748853871127018234e-01,-8.244596821027371236e-01,0.000000000000000000e+00,9.993835708075629043e-01,1.286859725451126044e-04,1.621246337890625000e-04,1.118144065787636872e-09,1.000000000000000000e+00
1.000000000000000000e+00,6.017080688476562500e+01,2.470473480224609375e+01,2.196666717529296875e+01,6.000000000000000000e+00,-1.979170638202414068e-01,-8.015641084719776766e-01,-1.748853871127018234e-01,-8.244596821027371236e-01,1.591350699128429576e-04,1.286859725451126044e-04,9.271475305095235157e-10,1.000000000000000000e+00
1.000000000000000000e+00,6.017071151733398438e+01,2.470467758178710938e+01,2.196666717529296875e+01,6.000000000000000000e+00,-6.245906682596493731e-01,-3.747544009557896016e-01,-1.979170638202414068e-01,-8.015641084719776766e-01,1.112165812462863996e-04,1.591350699128429576e-04,2.296181556086909353e-09,1.000000000000000000e+00
1.000000000000000000e+00,6.017094802856445312e+01,2.470532035827636719e+01,2.196666717529296875e+01,6.000000000000000000e+00,2.689498899783260288e-01,7.309363945378699601e-01,-6.245906682596493731e-01,-3.747544009557896016e-01,6.849081524412166822e-04,1.112165812462863996e-04,3.291220188601077873e-07,1.000000000000000000e+00
1.000000000000000000e+00,6.017094802856445312e+01,2.470532035827636719e+01,2.196666717529296875e+01,6.000000000000000000e+00,0.000000000000000000e+00,0.000000000000000000e+00,2.689498899783260288e-01,7.309363945378699601e-01,0.000000000000000000e+00,6.849081524412166822e-04,4.690991772804409266e-07,1.000000000000000000e+00
1.000000000000000000e+00,6.017094802856445312e+01,2.470532035827636719e+01,2.198333358764648438e+01,6.000000000000000000e+00,0.000000000000000000e+00,0.000000000000000000e+00,0.000000000000000000e+00,0.000000000000000000e+00,0.000000000000000000e+00,0.000000000000000000e+00,0.000000000000000000e+00,1.000000000000000000e+00
1.000000000000000000e+00,6.017123794555664062e+01,2.470510101318359375e+01,2.221666717529296875e+01,6.000000000000000000e+00,0.000000000000000000e+00,0.000000000000000000e+00,0.000000000000000000e+00,0.000000000000000000e+00,0.000000000000000000e+00,0.000000000000000000e+00,0.000000000000000000e+00,1.000000000000000000e+00
1.000000000000000000e+00,6.017119216918945312e+01,2.470521926879882812e+01,2.221666717529296875e+01,6.000000000000000000e+00,-2.788997397828241187e-01,7.204909944389622511e-01,0.000000000000000000e+00,0.000000000000000000e+00,1.268064128005574138e-04,0.000000000000000000e+00,1.607986632734537125e-08,1.000000000000000000e+00
1.000000000000000000e+00,6.017116928100585938e+01,2.470517921447753906e+01,2.223333358764648438e+01,6.000000000000000000e+00,-3.630595522226796046e-01,-6.353542163896893635e-01,-2.788997397828241187e-01,7.204909944389622511e-01,4.613260888079766730e-05,1.268064128005574138e-04,6.508262638883842802e-09,1.000000000000000000e+00
1.000000000000000000e+00,6.017119216918945312e+01,2.470520973205566406e+01,2.223333358764648438e+01,6.000000000000000000e+00,4.277704467429215840e-01,5.703605956572287417e-01,-3.630595522226796046e-01,-6.353542163896893635e-01,3.814697265625000000e-05,4.613260888079766730e-05,6.377038591080792544e-11,1.000000000000000000e+00
1.000000000000000000e+00,6.017112350463867188e+01,2.470507240295410156e+01,2.223333358764648438e+01,6.000000000000000000e+00,-3.331715945657669486e-01,-6.663431891315338973e-01,4.277704467429215840e-01,5.703605956572287417e-01,1.535386031913612995e-04,3.814697265625000000e-05,1.331522839755163022e-08,1.000000000000000000e+00
1.000000000000000000e+00,6.017109680175781250e+01,2.470496559143066406e+01,2.223333358764648438e+01,6.000000000000000000e+00,-1.998503155396662012e-01,-7.994012621586648049e-01,-3.331715945657669486e-01,-6.663431891315338973e-01,1.100987982914872101e-04,1.535386031913612995e-04,1.887016649739124741e-09,1.000000000000000000e+00
1.000000000000000000e+00,6.017116165161132812e+01,2.470499420166015625e+01,2.223333358764648438e+01,6.000000000000000000e+00,6.931359125687166500e-01,3.057952555450220711e-01,-1.998503155396662012e-01,-7.994012621586648049e-01,7.088052435326402760e-05,1.100987982914872101e-04,1.538073010693515683e-09,1.000000000000000000e+00
1.000000000000000000e+00,6.017116165161132812e+01,2.470499420166015625e+01,2.223333358764648438e+01,6.000000000000000000e+00,0.000000000000000000e+00,0.000000000000000000e+00,6.931359125687166500e-01,3.057952555450220711e-01,0.000000000000000000e+00,7.088052435326402760e-05,5.024048732593654759e-09,1.000000000000000000e+00
1.000000000000000000e+00,6.017094039916992188e+01,2.470532989501953125e+01,2.225000000000000000e+01,6.000000000000000000e+00,-3.971889584230706705e-01,6.026315231246589521e-01,0.000000000000000000e+00,0.000000000000000000e+00,4.020480995561339635e-04,0.000000000000000000e+00,1.616426743566990163e-07,1.000000000000000000e+00
1.000000000000000000e+00,6.017094421386718750e+01,2.470532798767089844e+01,2.225000000000000000e+01,6.000000000000000000e+00,6.552159382063228454e-01,-3.276079691031614227e-01,-3.971889584230706705e-01,6.026315231246589521e-01,4.264961199760036097e-06,4.020480995561339635e-04,1.582314251606461138e-07,1.000000000000000000e+00
1.000000000000000000e+00,6.017081069946289062e+01,2.470513916015625000e+01,2.238333320617675781e+01,6.000000000000000000e+00,0.000000000000000000e+00,0.000000000000000000e+00,6.552159382063228454e-01,-3.276079691031614227e-01,0.000000000000000000e+00,4.264961199760036097e-06,1.818989403545856799e-11,1.000000000000000000e+00
1.000000000000000000e+00,6.017094039916992188e+01,2.470532989501953125e+01,2.238333320617675781e+01,6.000000000000000000e+00,4.046356276167071830e-01,5.950523935539812070e-01,0.000000000000000000e+00,0.000000000000000000e+00,2.306551583531337671e-04,0.000000000000000000e+00,5.320180207490921682e-08,1.000000000000000000e+00
1.000000000000000000e+00,6.017063140869140625e+01,2.470482254028320312e+01,2.238333320617675781e+01,6.000000000000000000e+00,-3.784583128149745512e-01,-6.214192049924890382e-01,4.046356276167071830e-01,5.950523935539812070e-01,5.940403557738280389e-04,2.306551583531337671e-04,1.320488017044769709e-07,1.000000000000000000e+00
1.000000000000000000e+00,6.017063140869140625e+01,2.470482254028320312e+01,2.239999961853027344e+01,6.000000000000000000e+00,0.000000000000000000e+00,0.000000000000000000e+00,-3.784583128149745512e-01,-6.214192049924890382e-01,0.000000000000000000e+00,5.940403557738280389e-04,3.528839442878962093e-07,1.000000000000000000e+00
1.000000000000000000e+00,6.017094039916992188e+01,2.470532989501953125e+01,2.239999961853027344e+01,6.000000000000000000e+00,3.784583128149745512e-01,6.214192049924890382e-01,0.000000000000000000e+00,0.000000000000000000e+00,5.940403557738280389e-04,0.000000000000000000e+00,3.528839442878962093e-07,1.000000000000000000e+00
1.000000000000000000e+00,6.017094039916992188e+01,2.470532989501953125e+01,2.239999961853027344e+01,6.000000000000000000e+00,0.000000000000000000e+00,0.000000000000000000e+00,3.784583128149745512e-01,6.214192049924890382e-01,0.000000000000000000e+00,5.940403557738280389e-04,3.528839442878962093e-07,1.000000000000000000e+00
1.000000000000000000e+00,6.017094039916992188e+01,2.470532989501953125e+01,2.239999961853027344e+01,6.000000000000000000e+00,0.000000000000000000e+00,0.000000000000000000e+00,0.000000000000000000e+00,0.000000000000000000e+00,0.000000000000000000e+00,0.000000000000000000e+00,0.000000000000000000e+00,1.000000000000000000e+00
1.000000000000000000e+00,6.017094039916992188e+01,2.470532989501953125e+01,2.239999961853027344e+01,6.000000000000000000e+00,0.000000000000000000e+00,0.000000000000000000e+00,0.000000000000000000e+00,0.000000000000000000e+00,0.000000000000000000e+00,0.000000000000000000e+00,0.000000000000000000e+00,1.000000000000000000e+00
1.000000000000000000e+00,6.017094039916992188e+01,2.470532989501953125e+01,2.239999961853027344e+01,6.000000000000000000e+00,0.000000000000000000e+00,0.000000000000000000e+00,0.000000000000000000e+00,0.000000000000000000e+00,0.000000000000000000e+00,0.000000000000000000e+00,0.000000000000000000e+00,1.000000000000000000e+00
1.000000000000000000e+00,6.017094039916992188e+01,2.470532989501953125e+01,2.241666603088378906e+01,6.000000000000000000e+00,0.000000000000000000e+00,0.000000000000000000e+00,0.000000000000000000e+00,0.000000000000000000e+00,0.000000000000000000e+00,0.000000000000000000e+00,0.000000000000000000e+00,1.000000000000000000e+00
1.000000000000000000e+00,6.017094039916992188e+01,2.470532989501953125e+01,2.241666603088378906e+01,6.000000000000000000e+00,0.000000000000000000e+00,0.000000000000000000e+00,0.000000000000000000e+00,0.000000000000000000e+00,0.000000000000000000e+00,0.000000000000000000e+00,0.000000000000000000e+00,1.000000000000000000e+00
1.000000000000000000e+00,6.017094039916992188e+01,2.470532989501953125e+01,2.241666603088378906e+01,6.000000000000000000e+00,0.000000000000000000e+00,0.000000000000000000e+00,0.000000000000000000e+00,0.000000000000000000e+00,0.000000000000000000e+00,0.000000000000000000e+00,0.000000000000000000e+00,1.000000000000000000e+00
1.000000000000000000e+00,6.017094039916992188e+01,2.470532989501953125e+01,2.241666603088378906e+01,6.000000000000000000e+00,0.000000000000000000e+00,0.000000000000000000e+00,0.000000000000000000e+00,0.000000000000000000e+00,0.000000000000000000e+00,0.000000000000000000e+00,0.000000000000000000e+00,1.000000000000000000e+00
1.000000000000000000e+00,6.017094039916992188e+01,2.470532989501953125e+01,2.241666603088378906e+01,6.000000000000000000e+00,0.000000000000000000e+00,0.000000000000000000e+00,0.000000000000000000e+00,0.000000000000000000e+00,0.000000000000000000e+00,0.000000000000000000e+00,0.000000000000000000e+00,1.000000000000000000e+00
1.000000000000000000e+00,6.017094039916992188e+01,2.470533180236816406e+01,2.243333244323730469e+01,6.000000000000000000e+00,0.000000000000000000e+00,9.501830432614539745e-01,0.000000000000000000e+00,0.000000000000000000e+00,1.907348632812500000e-06,0.000000000000000000e+00,3.637978807091712952e-12,1.000000000000000000e+00
1.000000000000000000e+00,6.017094039916992188e+01,2.470532989501953125e+01,2.245000076293945312e+01,6.000000000000000000e+00,0.000000000000000000e+00,-9.501830432614539745e-01,0.000000000000000000e+00,9.501830432614539745e-01,1.907348632812500000e-06,1.907348632812500000e-06,0.000000000000000000e+00,1.000000000000000000e+00
1.000000000000000000e+00,6.017094039916992188e+01,2.470533180236816406e+01,2.245000076293945312e+01,6.000000000000000000e+00,0.000000000000000000e+00,9.501830432614539745e-01,0.000000000000000000e+00,-9.501830432614539745e-01,1.907348632812500000e-06,1.907348632812500000e-06,0.000000000000000000e+00,1.000000000000000000e+00
1.000000000000000000e+00,6.017094039916992188e+01,2.470532989501953125e+01,2.245000076293945312e+01,6.000000000000000000e+00,0.000000000000000000e+00,-9.501830432614539745e-01,0.000000000000000000e+00,9.501830432614539745e-01,1.907348632812500000e-06,1.907348632812500000e-06,0.000000000000000000e+00,1.000000000000000000e+00
1.000000000000000000e+00,6.017094039916992188e+01,2.470532989501953125e+01,2.245000076293945312e+01,6.000000000000000000e+00,0.000000000000000000e+00,0.000000000000000000e+00,0.000000000000000000e+00,-9.501830432614539745e-01,0.000000000000000000e+00,1.907348632812500000e-06,3.637978807091712952e-12,1.000000000000000000e+00
1.000000000000000000e+00,6.017094039916992188e+01,2.470532989501953125e+01,2.245000076293945312e+01,6.000000000000000000e+00,0.000000000000000000e+00,0.000000000000000000e+00,0.000000000000000000e+00,0.000000000000000000e+00,0.000000000000000000e+00,0.000000000000000000e+00,0.000000000000000000e+00,1.000000000000000000e+00
1.000000000000000000e+00,6.017094039916992188e+01,2.470532989501953125e+01,2.245000076293945312e+01,6.000000000000000000e+00,0.000000000000000000e+00,0.000000000000000000e+00,0.000000000000000000e+00,0.000000000000000000e+00,0.000000000000000000e+00,0.000000000000000000e+00,0.000000000000000000e+00,1.000000000000000000e+00
1.000000000000000000e+00,6.017156219482421875e+01,2.470540618896484375e+01,2.246666717529296875e+01,6.000000000000000000e+00,8.905828082296828319e-01,1.092739641999610767e-01,0.000000000000000000e+00,0.000000000000000000e+00,6.264587790061096036e-04,0.000000000000000000e+00,3.924506017938256793e-07,1.000000000000000000e+00
1.000000000000000000e+00,6.017156219482421875e+01,2.470540618896484375e+01,2.246666717529296875e+01,6.000000000000000000e+00,0.000000000000000000e+00,0.000000000000000000e+00,8.905828082296828319e-01,1.092739641999610767e-01,0.000000000000000000e+00,6.264587790061096036e-04,3.924506017938256793e-07,1.000000000000000000e+00
1.000000000000000000e+00,6.017094039916992188e+01,2.470533180236816406e+01,2.246666717529296875e+01,6.000000000000000000e+00,-8.930224107031061731e-01,-1.068339693785924499e-01,0.000000000000000000e+00,0.000000000000000000e+00,6.262293521291263784e-04,0.000000000000000000e+00,3.921632014680653811e-07,1.000000000000000000e+00
1.000000000000000000e+00,6.017145156860351562e+01,2.470541763305664062e+01,2.246666717529296875e+01,6.000000000000000000e+00,8.560866338820751764e-01,1.437458900175126453e-01,-8.930224107031061731e-01,-1.068339693785924499e-01,5.183252810011450230e-04,6.262293521291263784e-04,1.164328856599245909e-08,1.000000000000000000e+00
1.000000000000000000e+00,6.017094039916992188e+01,2.470533180236816406e+01,2.246666717529296875e+01,6.000000000000000000e+00,-8.560866338820751764e-01,-1.437458900175126453e-01,8.560866338820751764e-01,1.437458900175126453e-01,5.183252810011450230e-04,5.183252810011450230e-04,0.000000000000000000e+00,1.000000000000000000e+00
1.000000000000000000e+00,6.017094039916992188e+01,2.470533180236816406e+01,2.246666717529296875e+01,6.000000000000000000e+00,0.000000000000000000e+00,0.000000000000000000e+00,-8.560866338820751764e-01,-1.437458900175126453e-01,0.000000000000000000e+00,5.183252810011450230e-04,2.686610969249159627e-07,1.000000000000000000e+00
1.000000000000000000e+00,6.017094039916992188e+01,2.470533180236816406e+01,2.248333358764648438e+01,6.000000000000000000e+00,0.000000000000000000e+00,0.000000000000000000e+00,0.000000000000000000e+00,0.000000000000000000e+00,0.000000000000000000e+00,0.000000000000000000e+00,0.000000000000000000e+00,1.000000000000000000e+00
1.000000000000000000e+00,6.017138290405273438e+01,2.470550537109375000e+01,2.248333358764648438e+01,6.000000000000000000e+00,7.181496850581796654e-01,2.816880230185101475e-01,0.000000000000000000e+00,0.000000000000000000e+00,4.753279644776128984e-04,0.000000000000000000e+00,2.259366738144308329e-07,1.000000000000000000e+00
1.000000000000000000e+00,6.017138290405273438e+01,2.470550537109375000e+01,2.248333358764648438e+01,6.000000000000000000e+00,0.000000000000000000e+00,0.000000000000000000e+00,7.181496850581796654e-01,2.816880230185101475e-01,0.000000000000000000e+00,4.753279644776128984e-04,2.259366738144308329e-07,1.000000000000000000e+00
1.000000000000000000e+00,6.017094039916992188e+01,2.470533180236816406e+01,2.248333358764648438e+01,6.000000000000000000e+00,-7.181496850581796654e-01,-2.816880230185101475e-01,0.000000000000000000e+00,0.000000000000000000e+00,4.753279644776128984e-04,0.000000000000000000e+00,2.259366738144308329e-07,1.000000000000000000e+00
1.000000000000000000e+00,6.017094039916992188e+01,2.470533180236816406e+01,2.248333358764648438e+01,6.000000000000000000e+00,0.000000000000000000e+00,0.000000000000000000e+00,-7.181496850581796654e-01,-2.816880230185101475e-01,0.000000000000000000e+00,4.753279644776128984e-04,2.259366738144308329e-07,1.000000000000000000e+00
1.000000000000000000e+00,6.017094039916992188e+01,2.470533180236816406e+01,2.248333358764648438e+01,6.000000000000000000e+00,0.000000000000000000e+00,0.000000000000000000e+00,0.000000000000000000e+00,0.000000000000000000e+00,0.000000000000000000e+00,0.000000000000000000e+00,0.000000000000000000e+00,1.000000000000000000e+00
1.000000000000000000e+00,6.017126846313476562e+01,2.470558738708496094e+01,2.250000000000000000e+01,6.000000000000000000e+00,5.619952132854958426e-01,4.378334801177699576e-01,0.000000000000000000e+00,0.000000000000000000e+00,4.158719905080648948e-04,0.000000000000000000e+00,1.729495124891400073e-07,1.000000000000000000e+00
1.000000000000000000e+00,6.017094039916992188e+01,2.470533180236816406e+01,2.250000000000000000e+01,6.000000000000000000e+00,-5.619952132854958426e-01,-4.378334801177699576e-01,5.619952132854958426e-01,4.378334801177699576e-01,4.158719905080648948e-04,4.158719905080648948e-04,0.000000000000000000e+00,1.000000000000000000e+00
1.000000000000000000e+00,6.017094039916992188e+01,2.470533180236816406e+01,2.250000000000000000e+01,6.000000000000000000e+00,0.000000000000000000e+00,0.000000000000000000e+00,-5.619952132854958426e-01,-4.378334801177699576e-01,0.000000000000000000e+00,4.158719905080648948e-04,1.729495124891400073e-07,1.000000000000000000e+00
1.000000000000000000e+00,6.017094039916992188e+01,2.470533180236816406e+01,2.250000000000000000e+01,6.000000000000000000e+00,0.000000000000000000e+00,0.000000000000000000e+00,0.000000000000000000e+00,0.000000000000000000e+00,0.000000000000000000e+00,0.000000000000000000e+00,0.000000000000000000e+00,1.000000000000000000e+00
1.000000000000000000e+00,6.017094039916992188e+01,2.470533180236816406e+01,2.250000000000000000e+01,6.000000000000000000e+00,0.000000000000000000e+00,0.000000000000000000e+00,0.000000000000000000e+00,0.000000000000000000e+00,0.000000000000000000e+00,0.000000000000000000e+00,0.000000000000000000e+00,1.000000000000000000e+00
1.000000000000000000e+00,6.017094039916992188e+01,2.470533180236816406e+01,2.250000000000000000e+01,6.000000000000000000e+00,0.000000000000000000e+00,0.000000000000000000e+00,0.000000000000000000e+00,0.000000000000000000e+00,0.000000000000000000e+00,0.000000000000000000e+00,0.000000000000000000e+00,1.000000000000000000e+00
1.000000000000000000e+00,6.017094039916992188e+01,2.470533180236816406e+01,2.251666641235351562e+01,6.000000000000000000e+00,0.000000000000000000e+00,0.000000000000000000e+00,0.000000000000000000e+00,0.000000000000000000e+00,0.000000000000000000e+00,0.000000000000000000e+00,0.000000000000000000e+00,1.000000000000000000e+00
1.000000000000000000e+00,6.017094039916992188e+01,2.470533180236816406e+01,2.251666641235351562e+01,6.000000000000000000e+00,0.000000000000000000e+00,0.000000000000000000e+00,0.000000000000000000e+00,0.000000000000000000e+00,0.000000000000000000e+00,0.000000000000000000e+00,0.000000000000000000e+00,1.000000000000000000e+00
1.000000000000000000e+00,6.017094039916992188e+01,2.470533180236816406e+01,2.251666641235351562e+01,6.000000000000000000e+00,0.000000000000000000e+00,0.000000000000000000e+00,0.000000000000000000e+00,0.000000000000000000e+00,0.000000000000000000e+00,0.000000000000000000e+00,0.000000000000000000e+00,1.000000000000000000e+00
1.000000000000000000e+00,6.017094039916992188e+01,2.470533180236816406e+01,2.251666641235351562e+01,6.000000000000000000e+00,0.000000000000000000e+00,0.000000000000000000e+00,0.000000000000000000e+00,0.000000000000000000e+00,0.000000000000000000e+00,0.000000000000000000e+00,0.000000000000000000e+00,1.000000000000000000e+00
1.000000000000000000e+00,6.017094039916992188e+01,2.470533180236816406e+01,2.251666641235351562e+01,6.000000000000000000e+00,0.000000000000000000e+00,0.000000000000000000e+00,0.000000000000000000e+00,0.000000000000000000e+00,0.000000000000000000e+00,0.000000000000000000e+00,0.000000000000000000e+00,1.000000000000000000e+00
1.000000000000000000e+00,6.017113113403320312e+01,2.470547294616699219e+01,2.256666755676269531e+01,6.000000000000000000e+00,5.745395263338031189e-01,4.251592494870143346e-01,0.000000000000000000e+00,0.000000000000000000e+00,2.372790762341916917e-04,0.000000000000000000e+00,5.630136001855134964e-08,1.000000000000000000e+00
1.000000000000000000e+00,6.017103195190429688e+01,2.470525550842285156e+01,2.256666755676269531e+01,6.000000000000000000e+00,-3.131541066624856096e-01,-6.865301569139108384e-01,5.745395263338031189e-01,4.251592494870143346e-01,2.389900986889203582e-04,2.372790762341916917e-04,2.927597840585711780e-12,1.000000000000000000e+00
1.000000000000000000e+00,6.017103195190429688e+01,2.470525550842285156e+01,2.256666755676269531e+01,6.000000000000000000e+00,0.000000000000000000e+00,0.000000000000000000e+00,-3.131541066624856096e-01,-6.865301569139108384e-01,0.000000000000000000e+00,2.389900986889203582e-04,5.711626727133989334e-08,1.000000000000000000e+00
1.000000000000000000e+00,6.017094039916992188e+01,2.470533180236816406e+01,2.258333396911621094e+01,6.000000000000000000e+00,-5.451297670507868620e-01,4.542748058756557739e-01,0.000000000000000000e+00,0.000000000000000000e+00,1.191749523301186215e-04,0.000000000000000000e+00,1.420266926288604571e-08,1.000000000000000000e+00
1.000000000000000000e+00,6.017094039916992188e+01,2.470533180236816406e+01,2.258333396911621094e+01,6.000000000000000000e+00,0.000000000000000000e+00,0.000000000000000000e+00,-5.451297670507868620e-01,4.542748058756557739e-01,0.000000000000000000e+00,1.191749523301186215e-04,1.420266926288604571e-08,1.000000000000000000e+00
1.000000000000000000e+00,6.017094039916992188e+01,2.470533180236816406e+01,2.258333396911621094e+01,6.000000000000000000e+00,0.000000000000000000e+00,0.000000000000000000e+00,0.000000000000000000e+00,0.000000000000000000e+00,0.000000000000000000e+00,0.000000000000000000e+00,0.000000000000000000e+00,1.000000000000000000e+00
1.000000000000000000e+00,6.017094039916992188e+01,2.470533180236816406e+01,2.258333396911621094e+01,6.000000000000000000e+00,0.000000000000000000e+00,0.000000000000000000e+00,0.000000000000000000e+00,0.000000000000000000e+00,0.000000000000000000e+00,0.000000000000000000e+00,0.000000000000000000e+00,1.000000000000000000e+00
1.000000000000000000e+00,6.017094039916992188e+01,2.470533180236816406e+01,2.258333396911621094e+01,6.000000000000000000e+00,0.000000000000000000e+00,0.000000000000000000e+00,0.000000000000000000e+00,0.000000000000000000e+00,0.000000000000000000e+00,0.000000000000000000e+00,0.000000000000000000e+00,1.000000000000000000e+00
1.000000000000000000e+00,6.017094039916992188e+01,2.470533180236816406e+01,2.258333396911621094e+01,6.000000000000000000e+00,0.000000000000000000e+00,0.000000000000000000e+00,0.000000000000000000e+00,0.000000000000000000e+00,0.000000000000000000e+00,0.000000000000000000e+00,0.000000000000000000e+00,1.000000000000000000e+00
1.000000000000000000e+00,6.017094802856445312e+01,2.470519447326660156e+01,2.260000038146972656e+01,6.000000000000000000e+00,5.259529594405273900e-02,-9.467153269929493575e-01,0.000000000000000000e+00,0.000000000000000000e+00,1.375408659158321081e-04,0.000000000000000000e+00,1.891748979687690735e-08,1.000000000000000000e+00
1.000000000000000000e+00,6.017094039916992188e+01,2.470533370971679688e+01,2.266666603088378906e+01,6.000000000000000000e+00,-5.191270492436443618e-02,9.474068648696508665e-01,5.259529594405273900e-02,-9.467153269929493575e-01,1.394453180422534260e-04,1.375408659158321081e-04,3.626937901830679430e-12,1.000000000000000000e+00
1.000000000000000000e+00,6.017134475708007812e+01,2.470455551147460938e+01,2.266666603088378906e+01,6.000000000000000000e+00,3.419065713689532493e-01,-6.580088732006269536e-01,-5.191270492436443618e-02,9.474068648696508665e-01,8.769822253897993809e-04,1.394453180422534260e-04,5.439606896997825358e-07,1.000000000000000000e+00
1.000000000000000000e+00,6.017094039916992188e+01,2.470533370971679688e+01,2.266666603088378906e+01,6.000000000000000000e+00,-3.419065713689532493e-01,6.580088732006269536e-01,3.419065713689532493e-01,-6.580088732006269536e-01,8.769822253897993809e-04,8.769822253897993809e-04,0.000000000000000000e+00,1.000000000000000000e+00
1.000000000000000000e+00,6.017094039916992188e+01,2.470533370971679688e+01,2.266666603088378906e+01,6.000000000000000000e+00,0.000000000000000000e+00,0.000000000000000000e+00,-3.419065713689532493e-01,6.580088732006269536e-01,0.000000000000000000e+00,8.769822253897993809e-04,7.690978236496448517e-07,1.000000000000000000e+00
1.000000000000000000e+00,6.017097473144531250e+01,2.470473098754882812e+01,2.266666603088378906e+01,6.000000000000000000e+00,5.388375730318893664e-02,-9.459592948782057364e-01,0.000000000000000000e+00,0.000000000000000000e+00,6.036991940482013029e-04,0.000000000000000000e+00,3.644527168944478035e-07,1.000000000000000000e+00
1.000000000000000000e+00,6.017084121704101562e+01,2.470491218566894531e+01,2.268333244323730469e+01,6.000000000000000000e+00,-4.241076639037013596e-01,5.755746867264518452e-01,5.388375730318893664e-02,-9.459592948782057364e-01,2.250752205125035571e-04,6.036991940482013029e-04,1.433561133359607322e-07,1.000000000000000000e+00
1.000000000000000000e+00,6.017076492309570312e+01,2.470527267456054688e+01,2.268333244323730469e+01,6.000000000000000000e+00,-1.746325075423081352e-01,8.251385981374059764e-01,-4.241076639037013596e-01,5.755746867264518452e-01,3.684738892506086625e-04,2.250752205125035571e-04,2.056317819586080224e-08,1.000000000000000000e+00
1.000000000000000000e+00,6.017078781127929688e+01,2.470508384704589844e+01,2.268333244323730469e+01,6.000000000000000000e+00,1.080570693470506022e-01,-8.914708221131675270e-01,-1.746325075423081352e-01,8.251385981374059764e-01,1.902096192008361343e-04,3.684738892506086625e-04,3.177814997637822632e-08,1.000000000000000000e+00
1.000000000000000000e+00,6.017082214355468750e+01,2.470504951477050781e+01,2.268333244323730469e+01,6.000000000000000000e+00,4.992728811657759502e-01,-4.992728811657759502e-01,1.080570693470506022e-01,-8.914708221131675270e-01,4.855316948454992370e-05,1.902096192008361343e-04,2.006654974622272758e-08,1.000000000000000000e+00
1.000000000000000000e+00,6.017094039916992188e+01,2.470533370971679688e+01,2.268333244323730469e+01,6.000000000000000000e+00,2.937658682845729063e-01,7.059857157161509855e-01,4.992728811657759502e-01,-4.992728811657759502e-01,3.078167604772418160e-04,4.855316948454992370e-05,6.721760961442582614e-08,1.000000000000000000e+00
1.000000000000000000e+00,6.017094039916992188e+01,2.470533370971679688e+01,2.268333244323730469e+01,6.000000000000000000e+00,0.000000000000000000e+00,0.000000000000000000e+00,2.937658682845729063e-01,7.059857157161509855e-01,0.000000000000000000e+00,3.078167604772418160e-04,9.475115803070366383e-08,1.000000000000000000e+00
1.000000000000000000e+00,6.017091751098632812e+01,2.470518684387207031e+01,2.270000076293945312e+01,6.000000000000000000e+00,-1.347520798893696303e-01,-8.646591792901217044e-01,0.000000000000000000e+00,0.000000000000000000e+00,1.486386399812241659e-04,0.000000000000000000e+00,2.209344529546796945e-08,1.000000000000000000e+00
1.000000000000000000e+00,6.017144775390625000e+01,2.470562934875488281e+01,2.285000038146972656e+01,6.000000000000000000e+00,0.000000000000000000e+00,0.000000000000000000e+00,-1.347520798893696303e-01,-8.646591792901217044e-01,0.000000000000000000e+00,1.486386399812241659e-04,2.209344529546796945e-08,1.000000000000000000e+00
1.000000000000000000e+00,6.017150497436523438e+01,2.470550537109375000e+01,2.285000038146972656e+01,6.000000000000000000e+00,3.156152912528206733e-01,-6.838331310477780978e-01,0.000000000000000000e+00,0.000000000000000000e+00,1.365453821494708284e-04,0.000000000000000000e+00,1.864464138634502557e-08,1.000000000000000000e+00
1.000000000000000000e+00,6.017150497436523438e+01,2.470550537109375000e+01,2.285000038146972656e+01,6.000000000000000000e+00,0.000000000000000000e+00,0.000000000000000000e+00,3.156152912528206733e-01,-6.838331310477780978e-01,0.000000000000000000e+00,1.365453821494708284e-04,1.864464138634502557e-08,1.000000000000000000e+00
1.000000000000000000e+00,6.017157363891601562e+01,2.470553779602050781e+01,2.285000038146972656e+01,6.000000000000000000e+00,6.785740222321356985e-01,3.204377327207307835e-01,0.000000000000000000e+00,0.000000000000000000e+00,7.593547530133965180e-05,0.000000000000000000e+00,5.766196409240364201e-09,1.000000000000000000e+00
1.000000000000000000e+00,6.017132186889648438e+01,2.470565986633300781e+01,2.286666679382324219e+01,6.000000000000000000e+00,-6.732892869930107160e-01,3.264432906632779297e-01,6.785740222321356985e-01,3.204377327207307835e-01,2.798022586195716695e-04,7.593547530133965180e-05,4.156166534052296879e-08,1.000000000000000000e+00
1.000000000000000000e+00,6.017132186889648438e+01,2.470565986633300781e+01,2.286666679382324219e+01,6.000000000000000000e+00,0.000000000000000000e+00,0.000000000000000000e+00,-6.732892869930107160e-01,3.264432906632779297e-01,0.000000000000000000e+00,2.798022586195716695e-04,7.828930392861366272e-08,1.000000000000000000e+00
1.000000000000000000e+00,6.017094039916992188e+01,2.470533370971679688e+01,2.286666679382324219e+01,6.000000000000000000e+00,-5.390073867642071193e-01,-4.608513156833970448e-01,0.000000000000000000e+00,0.000000000000000000e+00,5.018937044652356039e-04,0.000000000000000000e+00,2.518972905818372435e-07,1.000000000000000000e+00
1.000000000000000000e+00,6.017129516601562500e+01,2.470561218261718750e+01,2.286666679382324219e+01,6.000000000000000000e+00,5.601525056515412881e-01,4.396896012103496121e-01,-5.390073867642071193e-01,-4.608513156833970448e-01,4.510062871647266204e-04,5.018937044652356039e-04,2.589529239516140883e-09,1.000000000000000000e+00
1.000000000000000000e+00,6.017115020751953125e+01,2.470560646057128906e+01,2.286666679382324219e+01,6.000000000000000000e+00,-9.613872863068819719e-01,-3.794949814369270868e-02,5.601525056515412881e-01,4.396896012103496121e-01,1.450713872513307006e-04,4.510062871647266204e-04,9.359616298501958257e-08,1.000000000000000000e+00
1.000000000000000000e+00,6.017121505737304688e+01,2.470558929443359375e+01,2.286666679382324219e+01,6.000000000000000000e+00,7.897347710148236999e-01,-2.090474393862768454e-01,-9.613872863068819719e-01,-3.794949814369270868e-02,6.708337934520330187e-05,1.450713872513307006e-04,6.082129377166189748e-09,1.000000000000000000e+00
1.000000000000000000e+00,6.017094039916992188e+01,2.470533370971679688e+01,2.288333320617675781e+01,6.000000000000000000e+00,-5.178879415708237399e-01,-4.819235011839609339e-01,7.897347710148236999e-01,-2.090474393862768454e-01,3.751808577259673687e-04,6.708337934520330187e-05,9.492405618458536842e-08,1.000000000000000000e+00
1.000000000000000000e+00,6.017122650146484375e+01,2.470553588867187500e+01,2.288333320617675781e+01,6.000000000000000000e+00,5.858175245709679180e-01,4.139777173634839880e-01,-5.178879415708237399e-01,-4.819235011839609339e-01,3.503296348241838614e-04,3.751808577259673687e-04,6.175832797141290507e-10,1.000000000000000000e+00
1.000000000000000000e+00,6.017131042480468750e+01,2.470555305480957031e+01,2.288333320617675781e+01,6.000000000000000000e+00,8.293682493948325574e-01,1.696435055580339246e-01,5.858175245709679180e-01,4.139777173634839880e-01,8.566097859529731517e-05,3.503296348241838614e-04,7.004949759000454196e-08,1.000000000000000000e+00
1.000000000000000000e+00,6.017094039916992188e+01,2.470533370971679688e+01,2.288333320617675781e+01,6.000000000000000000e+00,-6.277252075101634743e-01,-3.721051487817979009e-01,8.293682493948325574e-01,1.696435055580339246e-01,4.301525777064361803e-04,8.566097859529731517e-05,1.186744618581496318e-07,1.000000000000000000e+00
1.000000000000000000e+00,6.017133712768554688e+01,2.470549964904785156e+01,2.288333320617675781e+01,6.000000000000000000e+00,7.049594570224395618e-01,2.948628498122704000e-01,-6.277252075101634743e-01,-3.721051487817979009e-01,4.300341575978506594e-04,4.301525777064361803e-04,1.402332211740657054e-14,1.000000000000000000e+00
1.000000000000000000e+00,6.017131805419921875e+01,2.470552062988281250e+01,2.288333320617675781e+01,6.000000000000000000e+00,-4.750045752440687497e-01,5.225050327684755969e-01,7.049594570224395618e-01,2.948628498122704000e-01,2.835477590049458700e-05,4.300341575978506594e-04,1.613463256807702616e-07,1.000000000000000000e+00
1.000000000000000000e+00,6.017131805419921875e+01,2.470552062988281250e+01,2.289999961853027344e+01,6.000000000000000000e+00,0.000000000000000000e+00,0.000000000000000000e+00,-4.750045752440687497e-01,5.225050327684755969e-01,0.000000000000000000e+00,2.835477590049458700e-05,8.039933163672686657e-10,1.000000000000000000e+00
1.000000000000000000e+00,6.017094039916992188e+01,2.470533370971679688e+01,2.289999961853027344e+01,6.000000000000000000e+00,-6.688004580896720341e-01,-3.310224489534740466e-01,0.000000000000000000e+00,0.000000000000000000e+00,4.213816199320187745e-04,0.000000000000000000e+00,1.775624696165323257e-07,1.000000000000000000e+00
1.000000000000000000e+00,6.017094039916992188e+01,2.470533370971679688e+01,2.289999961853027344e+01,6.000000000000000000e+00,0.000000000000000000e+00,0.000000000000000000e+00,-6.688004580896720341e-01,-3.310224489534740466e-01,0.000000000000000000e+00,4.213816199320187745e-04,1.775624696165323257e-07,1.000000000000000000e+00
1.000000000000000000e+00,6.017094039916992188e+01,2.470533370971679688e+01,2.289999961853027344e+01,6.000000000000000000e+00,0.000000000000000000e+00,0.000000000000000000e+00,0.000000000000000000e+00,0.000000000000000000e+00,0.000000000000000000e+00,0.000000000000000000e+00,0.000000000000000000e+00,1.000000000000000000e+00
1.000000000000000000e+00,6.017094039916992188e+01,2.470533370971679688e+01,2.289999961853027344e+01,6.000000000000000000e+00,0.000000000000000000e+00,0.000000000000000000e+00,0.000000000000000000e+00,0.000000000000000000e+00,0.000000000000000000e+00,0.000000000000000000e+00,0.000000000000000000e+00,1.000000000000000000e+00
1.000000000000000000e+00,6.017094039916992188e+01,2.470533370971679688e+01,2.289999961853027344e+01,6.000000000000000000e+00,0.000000000000000000e+00,0.000000000000000000e+00,0.000000000000000000e+00,0.000000000000000000e+00,0.000000000000000000e+00,0.000000000000000000e+00,0.000000000000000000e+00,1.000000000000000000e+00
1.000000000000000000e+00,6.017094039916992188e+01,2.470533370971679688e+01,2.291666603088378906e+01,6.000000000000000000e+00,0.000000000000000000e+00,0.000000000000000000e+00,0.000000000000000000e+00,0.000000000000000000e+00,0.000000000000000000e+00,0.000000000000000000e+00,0.000000000000000000e+00,1.000000000000000000e+00
1.000000000000000000e+00,6.017094039916992188e+01,2.470533370971679688e+01,2.291666603088378906e+01,6.000000000000000000e+00,0.000000000000000000e+00,0.000000000000000000e+00,0.000000000000000000e+00,0.000000000000000000e+00,0.000000000000000000e+00,0.000000000000000000e+00,0.000000000000000000e+00,1.000000000000000000e+00
1.000000000000000000e+00,6.017094039916992188e+01,2.470533370971679688e+01,2.291666603088378906e+01,6.000000000000000000e+00,0.000000000000000000e+00,0.000000000000000000e+00,0.000000000000000000e+00,0.000000000000000000e+00,0.000000000000000000e+00,0.000000000000000000e+00,0.000000000000000000e+00,1.000000000000000000e+00
1.000000000000000000e+00,6.017094039916992188e+01,2.470533370971679688e+01,2.291666603088378906e+01,6.000000000000000000e+00,0.000000000000000000e+00,0.000000000000000000e+00,0.000000000000000000e+00,0.000000000000000000e+00,0.000000000000000000e+00,0.000000000000000000e+00,0.000000000000000000e+00,1.000000000000000000e+00
1.000000000000000000e+00,6.017094039916992188e+01,2.470533370971679688e+01,2.291666603088378906e+01,6.000000000000000000e+00,0.000000000000000000e+00,0.000000000000000000e+00,0.000000000000000000e+00,0.000000000000000000e+00,0.000000000000000000e+00,0.000000000000000000e+00,0.000000000000000000e+00,1.000000000000000000e+00
1.000000000000000000e+00,6.017102432250976562e+01,2.470523262023925781e+01,2.306666755676269531e+01,6.000000000000000000e+00,0.000000000000000000e+00,0.000000000000000000e+00,0.000000000000000000e+00,0.000000000000000000e+00,0.000000000000000000e+00,0.000000000000000000e+00,0.000000000000000000e+00,1.000000000000000000e+00
1.000000000000000000e+00,6.017092514038085938e+01,2.470524787902832031e+01,2.306666755676269531e+01,6.000000000000000000e+00,-8.659100229431520024e-01,1.332169266066387525e-01,0.000000000000000000e+00,0.000000000000000000e+00,1.003490176236412456e-04,0.000000000000000000e+00,1.006992533802986145e-08,1.000000000000000000e+00
1.000000000000000000e+00,6.017090988159179688e+01,2.470532989501953125e+01,2.306666755676269531e+01,6.000000000000000000e+00,-1.567016533403401968e-01,8.422713867043285507e-01,-8.659100229431520024e-01,1.332169266066387525e-01,8.342333880855193752e-05,1.003490176236412456e-04,2.864786033515630085e-10,1.000000000000000000e+00
1.000000000000000000e+00,6.017092132568359375e+01,2.470531654357910156e+01,2.306666755676269531e+01,6.000000000000000000e+00,4.596845607769183828e-01,-5.362986542397381040e-01,-1.567016533403401968e-01,8.422713867043285507e-01,1.758488551577165046e-05,8.342333880855193752e-05,4.334701931985612369e-09,1.000000000000000000e+00
1.000000000000000000e+00,6.017091751098632812e+01,2.470523643493652344e+01,2.306666755676269531e+01,6.000000000000000000e+00,-4.540044793171540277e-02,-9.534094065660234651e-01,4.596845607769183828e-01,-5.362986542397381040e-01,8.019941727305846836e-05,1.758488551577165046e-05,3.920579587184279008e-09,1.000000000000000000e+00
1.000000000000000000e+00,6.017085647583007812e+01,2.470527458190917969e+01,2.306666755676269531e+01,6.000000000000000000e+00,-6.147647811584922017e-01,3.842279882240576816e-01,-4.540044793171540277e-02,-9.534094065660234651e-01,7.197556405682833220e-05,8.019941727305846836e-05,6.763176172209875930e-11,1.000000000000000000e+00
1.000000000000000000e+00,6.017084121704101562e+01,2.470542526245117188e+01,2.308333396911621094e+01,6.000000000000000000e+00,-9.189864212036781554e-02,9.074990909386321247e-01,-6.147647811584922017e-01,3.842279882240576816e-01,1.514511682976174708e-04,7.197556405682833220e-05,6.316371669438540376e-09,1.000000000000000000e+00
1.000000000000000000e+00,6.017106246948242188e+01,2.470503997802734375e+01,2.320000076293945312e+01,6.000000000000000000e+00,0.000000000000000000e+00,0.000000000000000000e+00,-9.189864212036781554e-02,9.074990909386321247e-01,0.000000000000000000e+00,1.514511682976174708e-04,2.293745637871325016e-08,1.000000000000000000e+00
1.000000000000000000e+00,6.017094039916992188e+01,2.470533180236816406e+01,2.320000076293945312e+01,6.000000000000000000e+00,-2.948596353140647275e-01,7.048988156726859744e-01,0.000000000000000000e+00,0.000000000000000000e+00,3.163267410274660262e-04,0.000000000000000000e+00,1.000626070890575647e-07,1.000000000000000000e+00
1.000000000000000000e+00,6.017111206054687500e+01,2.470515823364257812e+01,2.321666717529296875e+01,6.000000000000000000e+00,4.970935800006235361e-01,-5.026168420006305038e-01,-2.948596353140647275e-01,7.048988156726859744e-01,2.441182722349340140e-04,3.163267410274660262e-04,5.214062965362069732e-09,1.000000000000000000e+00
1.000000000000000000e+00,6.017094039916992188e+01,2.470533180236816406e+01,2.329999923706054688e+01,6.000000000000000000e+00,-4.970935800006235361e-01,5.026168420006305038e-01,4.970935800006235361e-01,-5.026168420006305038e-01,2.441182722349340140e-04,2.441182722349340140e-04,0.000000000000000000e+00,1.000000000000000000e+00
1.000000000000000000e+00,6.017115020751953125e+01,2.470479202270507812e+01,2.329999923706054688e+01,6.000000000000000000e+00,2.798608835361559022e-01,-7.200057276430192887e-01,-4.970935800006235361e-01,5.026168420006305038e-01,5.791214278948568495e-04,2.441182722349340140e-04,1.122271143021064830e-07,1.000000000000000000e+00
1.000000000000000000e+00,6.017112350463867188e+01,2.470491981506347656e+01,2.329999923706054688e+01,6.000000000000000000e+00,-1.727277048605852516e-01,8.266254446899437003e-01,2.798608835361559022e-01,-7.200057276430192887e-01,1.305524059955413916e-04,5.791214278948568495e-04,2.012141674077085770e-07,1.000000000000000000e+00
1.000000000000000000e+00,6.017107391357421875e+01,2.470498466491699219e+01,2.329999923706054688e+01,6.000000000000000000e+00,-4.329550114715760012e-01,5.661719380782147537e-01,-1.727277048605852516e-01,8.266254446899437003e-01,8.163808654416158733e-05,1.305524059955413916e-04,2.392610647391632631e-09,1.000000000000000000e+00
1.000000000000000000e+00,6.017104721069335938e+01,2.470501518249511719e+01,2.329999923706054688e+01,6.000000000000000000e+00,-4.658525303618720748e-01,5.324028918421395140e-01,-4.329550114715760012e-01,5.661719380782147537e-01,4.055078816503391258e-05,8.163808654416158733e-05,1.688166088095467643e-09,1.000000000000000000e+00
1.000000000000000000e+00,6.017107391357421875e+01,2.470507431030273438e+01,2.329999923706054688e+01,6.000000000000000000e+00,3.107490622126015123e-01,6.880872091850461780e-01,-4.658525303618720748e-01,5.324028918421395140e-01,6.487789669683437493e-05,4.055078816503391258e-05,5.918082095179988944e-10,1.000000000000000000e+00
1.000000000000000000e+00,6.017107391357421875e+01,2.470507431030273438e+01,2.331666755676269531e+01,6.000000000000000000e+00,0.000000000000000000e+00,0.000000000000000000e+00,3.107490622126015123e-01,6.880872091850461780e-01,0.000000000000000000e+00,6.487789669683437493e-05,4.209141479805112712e-09,1.000000000000000000e+00
1.000000000000000000e+00,6.017094039916992188e+01,2.470533180236816406e+01,2.331666755676269531e+01,6.000000000000000000e+00,-3.413761076113622783e-01,6.583682075361986241e-01,0.000000000000000000e+00,0.000000000000000000e+00,2.900487198971853195e-04,0.000000000000000000e+00,8.412825991399586201e-08,1.000000000000000000e+00
1.000000000000000000e+00,6.017094039916992188e+01,2.470533180236816406e+01,2.331666755676269531e+01,6.000000000000000000e+00,0.000000000000000000e+00,0.000000000000000000e+00,-3.413761076113622783e-01,6.583682075361986241e-01,0.000000000000000000e+00,2.900487198971853195e-04,8.412825991399586201e-08,1.000000000000000000e+00
1.000000000000000000e+00,6.017106246948242188e+01,2.470491218566894531e+01,2.331666755676269531e+01,6.000000000000000000e+00,2.253105184503178815e-01,-7.745049071729677159e-01,0.000000000000000000e+00,0.000000000000000000e+00,4.370118253057765265e-04,0.000000000000000000e+00,1.909793354570865366e-07,1.000000000000000000e+00
1.000000000000000000e+00,6.017094039916992188e+01,2.470532989501953125e+01,2.343333244323730469e+01,6.000000000000000000e+00,0.000000000000000000e+00,0.000000000000000000e+00,2.253105184503178815e-01,-7.745049071729677159e-01,0.000000000000000000e+00,4.370118253057765265e-04,1.909793354570865366e-07,1.000000000000000000e+00
1.000000000000000000e+00,6.017088317871093750e+01,2.470461463928222656e+01,2.346666717529296875e+01,6.000000000000000000e+00,-7.406448614288620169e-02,-9.258060767860776252e-01,0.000000000000000000e+00,0.000000000000000000e+00,7.175409052267714893e-04,0.000000000000000000e+00,5.148649506736546755e-07,1.000000000000000000e+00
1.000000000000000000e+00,6.017094039916992188e+01,2.470532989501953125e+01,2.346666717529296875e+01,6.000000000000000000e+00,7.406448614288620169e-02,9.258060767860776252e-01,-7.406448614288620169e-02,-9.258060767860776252e-01,7.175409052267714893e-04,7.175409052267714893e-04,0.000000000000000000e+00,1.000000000000000000e+00
1.000000000000000000e+00,6.017094039916992188e+01,2.470532989501953125e+01,2.348333358764648438e+01,6.000000000000000000e+00,0.000000000000000000e+00,0.000000000000000000e+00,7.406448614288620169e-02,9.258060767860776252e-01,0.000000000000000000e+00,7.175409052267714893e-04,5.148649506736546755e-07,1.000000000000000000e+00
1.000000000000000000e+00,6.017094039916992188e+01,2.470532989501953125e+01,2.348333358764648438e+01,6.000000000000000000e+00,0.000000000000000000e+00,0.000000000000000000e+00,0.000000000000000000e+00,0.000000000000000000e+00,0.000000000000000000e+00,0.000000000000000000e+00,0.000000000000000000e+00,1.000000000000000000e+00
1.000000000000000000e+00,6.017085266113281250e+01,2.470449447631835938e+01,2.348333358764648438e+01,6.000000000000000000e+00,-9.503102817609496156e-02,-9.048606595897737970e-01,0.000000000000000000e+00,0.000000000000000000e+00,8.400133150275111531e-04,0.000000000000000000e+00,7.056223694235086441e-07,1.000000000000000000e+00
1.000000000000000000e+00,6.017119598388671875e+01,2.470472526550292969e+01,2.370000076293945312e+01,6.000000000000000000e+00,0.000000000000000000e+00,0.000000000000000000e+00,-9.503102817609496156e-02,-9.048606595897737970e-01,0.000000000000000000e+00,8.400133150275111531e-04,7.056223694235086441e-07,1.000000000000000000e+00
1.000000000000000000e+00,6.017123413085937500e+01,2.470458793640136719e+01,2.370000076293945312e+01,6.000000000000000000e+00,2.172674883294334058e-01,-7.821629579859602499e-01,0.000000000000000000e+00,0.000000000000000000e+00,1.425288520223190730e-04,0.000000000000000000e+00,2.031447365880012843e-08,1.000000000000000000e+00
1.000000000000000000e+00,6.017123031616210938e+01,2.470456504821777344e+01,2.370000076293945312e+01,6.000000000000000000e+00,-1.423241511104471890e-01,-8.539449066626831897e-01,2.172674883294334058e-01,-7.821629579859602499e-01,2.320389759177482353e-05,1.425288520223190730e-04,1.423844474985146169e-08,1.000000000000000000e+00
1.000000000000000000e+00,6.017126846313476562e+01,2.470433235168457031e+01,2.370000076293945312e+01,6.000000000000000000e+00,1.407930872351265406e-01,-8.588378321342717836e-01,-1.423241511104471890e-01,-8.539449066626831897e-01,2.358026040729612925e-04,2.320389759177482353e-05,4.519820999747367749e-08,1.000000000000000000e+00
1.000000000000000000e+00,6.017089080810546875e+01,2.470536994934082031e+01,6.333333253860473633e-01,0.000000000000000000e+00,0.000000000000000000e+00,0.000000000000000000e+00,1.407930872351265406e-01,-8.588378321342717836e-01,0.000000000000000000e+00,2.358026040729612925e-04,5.560286808758974075e-08,1.000000000000000000e+00
1.000000000000000000e+00,6.017082214355468750e+01,2.470547676086425781e+01,6.499999761581420898e-01,0.000000000000000000e+00,-3.910814789929801250e-01,6.083489673224135030e-01,0.000000000000000000e+00,0.000000000000000000e+00,1.269784315268954373e-04,0.000000000000000000e+00,1.612352207303047180e-08,1.000000000000000000e+00
1.000000000000000000e+00,6.017084121704101562e+01,2.470543289184570312e+01,6.499999761581420898e-01,0.000000000000000000e+00,3.025496268522330223e-01,-6.958641417601358903e-01,-3.910814789929801250e-01,6.083489673224135030e-01,4.783606034845143623e-05,1.269784315268954373e-04,6.263514915746603801e-09,1.000000000000000000e+00
1.000000000000000000e+00,6.017084121704101562e+01,2.470543289184570312e+01,6.499999761581420898e-01,0.000000000000000000e+00,0.000000000000000000e+00,0.000000000000000000e+00,3.025496268522330223e-01,-6.958641417601358903e-01,0.000000000000000000e+00,4.783606034845143623e-05,2.288288669660687860e-09,1.000000000000000000e+00
1.000000000000000000e+00,6.017087936401367188e+01,2.470536231994628906e+01,6.499999761581420898e-01,0.000000000000000000e+00,3.505547514920170915e-01,-6.485262902602316748e-01,0.000000000000000000e+00,0.000000000000000000e+00,8.022209489751087538e-05,0.000000000000000000e+00,6.435584509745240211e-09,1.000000000000000000e+00
1.000000000000000000e+00,6.017065811157226562e+01,2.470479011535644531e+01,8.833333253860473633e-01,0.000000000000000000e+00,0.000000000000000000e+00,0.000000000000000000e+00,3.505547514920170915e-01,-6.485262902602316748e-01,0.000000000000000000e+00,8.022209489751087538e-05,6.435584509745240211e-09,1.000000000000000000e+00
1.000000000000000000e+00,6.017065811157226562e+01,2.470479011535644531e+01,8.999999761581420898e-01,0.000000000000000000e+00,0.000000000000000000e+00,0.000000000000000000e+00,0.000000000000000000e+00,0.000000000000000000e+00,0.000000000000000000e+00,0.000000000000000000e+00,0.000000000000000000e+00,1.000000000000000000e+00
1.000000000000000000e+00,6.017071533203125000e+01,2.470498466491699219e+01,8.999999761581420898e-01,0.000000000000000000e+00,2.271824931401791869e-01,7.724204766766091801e-01,0.000000000000000000e+00,0.000000000000000000e+00,2.027898233032533575e-04,0.000000000000000000e+00,4.112371243536471659e-08,1.000000000000000000e+00
1.000000000000000000e+00,6.017074584960937500e+01,2.470504379272460938e+01,8.999999761581420898e-01,0.000000000000000000e+00,3.400462081991397767e-01,6.588395283858332618e-01,2.271824931401791869e-01,7.724204766766091801e-01,6.653886239056552680e-05,2.027898233032533575e-04,1.856432434963078628e-08,1.000000000000000000e+00
1.000000000000000000e+00,6.017076110839843750e+01,2.470508003234863281e+01,8.999999761581420898e-01,0.000000000000000000e+00,2.957220610076977674e-01,7.023398948932821906e-01,3.400462081991397767e-01,6.588395283858332618e-01,3.932099938981686366e-05,6.653886239056552680e-05,7.408120663275229802e-10,1.000000000000000000e+00
1.000000000000000000e+00,6.017079925537109375e+01,2.470512008666992188e+01,8.999999761581420898e-01,0.000000000000000000e+00,4.871818936082047413e-01,5.115409882886149395e-01,2.957220610076977674e-01,7.023398948932821906e-01,5.531311035156250000e-05,3.932099938981686366e-05,2.557476130127849624e-10,1.000000000000000000e+00
1.000000000000000000e+00,6.017079925537109375e+01,2.470512008666992188e+01,8.999999761581420898e-01,0.000000000000000000e+00,0.000000000000000000e+00,0.000000000000000000e+00,4.871818936082047413e-01,5.115409882886149395e-01,0.000000000000000000e+00,5.531311035156250000e-05,3.059540176764130592e-09,1.000000000000000000e+00
1.000000000000000000e+00,6.017074584960937500e+01,2.470504570007324219e+01,9.166666865348815918e-01,0.000000000000000000e+00,-4.175836804288884929e-01,-5.816344120259517858e-01,0.000000000000000000e+00,0.000000000000000000e+00,9.157260043455355491e-05,0.000000000000000000e+00,8.385541150346398354e-09,1.000000000000000000e+00
1.000000000000000000e+00,6.017074584960937500e+01,2.470517539978027344e+01,9.166666865348815918e-01,0.000000000000000000e+00,0.000000000000000000e+00,9.992295822364535285e-01,-4.175836804288884929e-01,-5.816344120259517858e-01,1.296997070312500000e-04,9.157260043455355491e-05,1.453676257435853607e-09,1.000000000000000000e+00
1.000000000000000000e+00,6.017095184326171875e+01,2.470531272888183594e+01,9.166666865348815918e-01,0.000000000000000000e+00,5.998252882218271242e-01,3.998835254812180273e-01,0.000000000000000000e+00,9.992295822364535285e-01,2.475735586484978054e-04,1.296997070312500000e-04,1.389424489508495287e-08,1.000000000000000000e+00
1.000000000000000000e+00,6.017095184326171875e+01,2.470531272888183594e+01,9.166666865348815918e-01,0.000000000000000000e+00,0.000000000000000000e+00,0.000000000000000000e+00,5.998252882218271242e-01,3.998835254812180273e-01,0.000000000000000000e+00,2.475735586484978054e-04,6.129266694188117981e-08,1.000000000000000000e+00
1.000000000000000000e+00,6.017095565795898438e+01,2.470530700683593750e+01,1.649999976158142090e+00,0.000000000000000000e+00,0.000000000000000000e+00,0.000000000000000000e+00,0.000000000000000000e+00,0.000000000000000000e+00,0.000000000000000000e+00,0.000000000000000000e+00,0.000000000000000000e+00,1.000000000000000000e+00
1.000000000000000000e+00,6.017095565795898438e+01,2.470530700683593750e+01,1.649999976158142090e+00,0.000000000000000000e+00,0.000000000000000000e+00,0.000000000000000000e+00,0.000000000000000000e+00,0.000000000000000000e+00,0.000000000000000000e+00,0.000000000000000000e+00,0.000000000000000000e+00,1.000000000000000000e+00
1.000000000000000000e+00,6.017095565795898438e+01,2.470530700683593750e+01,1.649999976158142090e+00,0.000000000000000000e+00,0.000000000000000000e+00,0.000000000000000000e+00,0.000000000000000000e+00,0.000000000000000000e+00,0.000000000000000000e+00,0.000000000000000000e+00,0.000000000000000000e+00,1.000000000000000000e+00
1.000000000000000000e+00,6.017095565795898438e+01,2.470530700683593750e+01,1.649999976158142090e+00,0.000000000000000000e+00,0.000000000000000000e+00,0.000000000000000000e+00,0.000000000000000000e+00,0.000000000000000000e+00,0.000000000000000000e+00,0.000000000000000000e+00,0.000000000000000000e+00,1.000000000000000000e+00
1.000000000000000000e+00,6.017114639282226562e+01,2.470583152770996094e+01,1.666666746139526367e+00,0.000000000000000000e+00,2.666293891762153700e-01,7.332308202345922954e-01,0.000000000000000000e+00,0.000000000000000000e+00,5.581235843047917212e-04,0.000000000000000000e+00,3.115019353572279744e-07,1.000000000000000000e+00
1.000000000000000000e+00,6.017109680175781250e+01,2.470576286315917969e+01,1.666666746139526367e+00,0.000000000000000000e+00,-4.190005210561556503e-01,-5.801545676162155329e-01,2.666293891762153700e-01,7.332308202345922954e-01,8.470002483815963117e-05,5.581235843047917212e-04,2.241298666580557405e-07,1.000000000000000000e+00
1.000000000000000000e+00,6.017109680175781250e+01,2.470576286315917969e+01,1.666666746139526367e+00,0.000000000000000000e+00,0.000000000000000000e+00,0.000000000000000000e+00,-4.190005210561556503e-01,-5.801545676162155329e-01,0.000000000000000000e+00,8.470002483815963117e-05,7.174094207584858768e-09,1.000000000000000000e+00
1.000000000000000000e+00,6.017116165161132812e+01,2.470596122741699219e+01,1.666666746139526367e+00,0.000000000000000000e+00,2.462832439497073256e-01,7.533369814932223685e-01,0.000000000000000000e+00,0.000000000000000000e+00,2.086956690458668647e-04,0.000000000000000000e+00,4.355388227850199407e-08,1.000000000000000000e+00
1.000000000000000000e+00,6.017115020751953125e+01,2.470595550537109375e+01,1.666666746139526367e+00,0.000000000000000000e+00,-6.628055445186158412e-01,-3.314027722593079206e-01,2.462832439497073256e-01,7.533369814932223685e-01,1.279488359928010829e-05,2.086956690458668647e-04,3.837711773858961631e-08,1.000000000000000000e+00
1.000000000000000000e+00,6.017117691040039062e+01,2.470593452453613281e+01,1.666666746139526367e+00,0.000000000000000000e+00,5.588280526317671582e-01,-4.390791842106742116e-01,-6.628055445186158412e-01,-3.314027722593079206e-01,3.395937693551036313e-05,1.279488359928010829e-05,4.479357781793348623e-10,1.000000000000000000e+00
1.000000000000000000e+00,6.017131805419921875e+01,2.470606422424316406e+01,1.750000000000000000e+00,0.000000000000000000e+00,5.209344227699681529e-01,4.786964965994301990e-01,5.588280526317671582e-01,-4.390791842106742116e-01,1.916861652588060369e-04,3.395937693551036313e-05,2.487773975478172110e-08,1.000000000000000000e+00
1.000000000000000000e+00,6.017124557495117188e+01,2.470603179931640625e+01,1.766666650772094727e+00,0.000000000000000000e+00,-6.902511084124957064e-01,-3.087965485003270061e-01,5.209344227699681529e-01,4.786964965994301990e-01,7.940162008857211797e-05,1.916861652588060369e-04,1.260781908408630204e-08,1.000000000000000000e+00
1.000000000000000000e+00,6.017119598388671875e+01,2.470596885681152344e+01,1.766666650772094727e+00,0.000000000000000000e+00,-4.402867168775960738e-01,-5.588254483446410958e-01,-6.902511084124957064e-01,-3.087965485003270061e-01,8.013134589233400344e-05,7.940162008857211797e-05,5.324997486759297720e-13,1.000000000000000000e+00
1.000000000000000000e+00,6.017096710205078125e+01,2.470548057556152344e+01,1.799999952316284180e+00,0.000000000000000000e+00,-3.191044407901454938e-01,-6.807561403523104682e-01,-4.402867168775960738e-01,-5.588254483446410958e-01,5.392638258994229654e-04,8.013134589233400344e-05,2.108026341974599576e-07,1.000000000000000000e+00
1.000000000000000000e+00,6.017098236083984375e+01,2.470543861389160156e+01,1.799999952316284180e+00,0.000000000000000000e+00,2.662014459210697570e-01,-7.320539762829418873e-01,-3.191044407901454938e-01,-6.807561403523104682e-01,4.464988674438333770e-05,5.392638258994229654e-04,2.446429488064652561e-07,1.000000000000000000e+00
1.000000000000000000e+00,6.017092895507812500e+01,2.470539665222167969e+01,1.799999952316284180e+00,0.000000000000000000e+00,-5.594134125215517450e-01,-4.395391098383621409e-01,2.662014459210697570e-01,-7.320539762829418873e-01,6.791875387102072625e-05,4.464988674438333770e-05,5.414401773571061606e-10,1.000000000000000000e+00
1.000000000000000000e+00,6.017098236083984375e+01,2.470548057556152344e+01,1.799999952316284180e+00,0.000000000000000000e+00,3.886059146974931711e-01,6.106664373817749514e-01,-5.594134125215517450e-01,-4.395391098383621409e-01,9.947513435672987599e-05,6.791875387102072625e-05,9.958051493588452782e-10,1.000000000000000000e+00
1.000000000000000000e+00,6.017107391357421875e+01,2.470541954040527344e+01,1.799999952316284180e+00,0.000000000000000000e+00,5.996070415292633626e-01,-3.997380276861755566e-01,3.886059146974931711e-01,6.106664373817749514e-01,1.100326927326656837e-04,9.947513435672987599e-05,1.114620388612923349e-10,1.000000000000000000e+00
1.000000000000000000e+00,6.017102432250976562e+01,2.470566368103027344e+01,1.816666603088378906e+00,0.000000000000000000e+00,-1.687737103694401386e-01,8.308859587418592207e-01,5.996070415292633626e-01,-3.997380276861755566e-01,2.491263102303420255e-04,1.100326927326656837e-04,1.934703442858989200e-08,1.000000000000000000e+00
1.000000000000000000e+00,6.017107772827148438e+01,2.470561599731445312e+01,1.816666603088378906e+00,0.000000000000000000e+00,5.277797950694389506e-01,-4.712319598834275869e-01,-1.687737103694401386e-01,8.308859587418592207e-01,7.159547568940528687e-05,2.491263102303420255e-04,3.151719721280146064e-08,1.000000000000000000e+00
1.000000000000000000e+00,6.017095565795898438e+01,2.470530509948730469e+01,1.850000023841857910e+00,0.000000000000000000e+00,-2.818732234587750241e-01,-7.178958659965675171e-01,5.277797950694389506e-01,-4.712319598834275869e-01,3.340039223115012952e-04,7.159547568940528687e-05,6.885819285862141865e-08,1.000000000000000000e+00
1.000000000000000000e+00,6.017095565795898438e+01,2.470530509948730469e+01,1.850000023841857910e+00,0.000000000000000000e+00,0.000000000000000000e+00,0.000000000000000000e+00,-2.818732234587750241e-01,-7.178958659965675171e-01,0.000000000000000000e+00,3.340039223115012952e-04,1.115586201194673909e-07,1.000000000000000000e+00
1.000000000000000000e+00,6.017095565795898438e+01,2.470530509948730469e+01,1.850000023841857910e+00,0.000000000000000000e+00,0.000000000000000000e+00,0.000000000000000000e+00,0.000000000000000000e+00,0.000000000000000000e+00,0.000000000000000000e+00,0.000000000000000000e+00,0.000000000000000000e+00,1.000000000000000000e+00
1.000000000000000000e+00,6.017119598388671875e+01,2.470614242553710938e+01,1.850000023841857910e+00,0.000000000000000000e+00,2.229881575194460896e-01,7.769190567542605397e-01,0.000000000000000000e+00,0.000000000000000000e+00,8.711322891633107484e-04,0.000000000000000000e+00,7.588714652229100466e-07,1.000000000000000000e+00
1.000000000000000000e+00,6.017095565795898438e+01,2.470530509948730469e+01,1.850000023841857910e+00,0.000000000000000000e+00,-2.229881575194460896e-01,-7.769190567542605397e-01,2.229881575194460896e-01,7.769190567542605397e-01,8.711322891633107484e-04,8.711322891633107484e-04,0.000000000000000000e+00,1.000000000000000000e+00
1.000000000000000000e+00,6.017095565795898438e+01,2.470530509948730469e+01,1.866666674613952637e+00,0.000000000000000000e+00,0.000000000000000000e+00,0.000000000000000000e+00,-2.229881575194460896e-01,-7.769190567542605397e-01,0.000000000000000000e+00,8.711322891633107484e-04,7.588714652229100466e-07,1.000000000000000000e+00
1.000000000000000000e+00,6.017108535766601562e+01,2.470624351501464844e+01,1.866666674613952637e+00,0.000000000000000000e+00,1.214172040030263577e-01,8.784891819042495165e-01,0.000000000000000000e+00,0.000000000000000000e+00,9.473361156230878299e-04,0.000000000000000000e+00,8.974457159638404846e-07,1.000000000000000000e+00
1.000000000000000000e+00,6.017101287841796875e+01,2.470608711242675781e+01,1.866666674613952637e+00,0.000000000000000000e+00,-3.165283733101783015e-01,-6.830349108272268932e-01,1.214172040030263577e-01,8.784891819042495165e-01,1.723804249221039318e-04,9.473361156230878299e-04,6.005563225498391271e-07,1.000000000000000000e+00
1.000000000000000000e+00,6.017101287841796875e+01,2.470608711242675781e+01,1.866666674613952637e+00,0.000000000000000000e+00,0.000000000000000000e+00,0.000000000000000000e+00,-3.165283733101783015e-01,-6.830349108272268932e-01,0.000000000000000000e+00,1.723804249221039318e-04,2.971501089632511139e-08,1.000000000000000000e+00
1.000000000000000000e+00,6.017049789428710938e+01,2.470548629760742188e+01,3.049999952316284180e+00,0.000000000000000000e+00,0.000000000000000000e+00,0.000000000000000000e+00,0.000000000000000000e+00,0.000000000000000000e+00,0.000000000000000000e+00,0.000000000000000000e+00,0.000000000000000000e+00,1.000000000000000000e+00
1.000000000000000000e+00,6.017061614990234375e+01,2.470532989501953125e+01,3.049999952316284180e+00,0.000000000000000000e+00,4.303988521157096625e-01,-5.692371915078741074e-01,0.000000000000000000e+00,0.000000000000000000e+00,1.960769237655089899e-04,0.000000000000000000e+00,3.844616003334522247e-08,1.000000000000000000e+00
1.000000000000000000e+00,6.017066955566406250e+01,2.470530700683593750e+01,3.049999952316284180e+00,0.000000000000000000e+00,6.990836970166462994e-01,-2.996072987214198347e-01,4.303988521157096625e-01,-5.692371915078741074e-01,5.810373768511893199e-05,1.960769237655089899e-04,1.903660007717394131e-08,1.000000000000000000e+00
1.000000000000000000e+00,6.017065048217773438e+01,2.470521736145019531e+01,3.066666603088378906e+00,0.000000000000000000e+00,-1.752773757460085458e-01,-8.238036660062402206e-01,6.990836970166462994e-01,-2.996072987214198347e-01,9.165202161204500817e-05,5.810373768511893199e-05,1.125487354441646586e-09,1.000000000000000000e+00
1.000000000000000000e+00,6.017081451416015625e+01,2.470495986938476562e+01,3.083333253860473633e+00,0.000000000000000000e+00,3.890479759342956312e-01,-6.107148459433711096e-01,-1.752773757460085458e-01,-8.238036660062402206e-01,3.053009253449730036e-04,9.165202161204500817e-05,4.564585406628193321e-08,1.000000000000000000e+00
1.000000000000000000e+00,6.017098999023437500e+01,2.470475959777832031e+01,3.416666746139526367e+00,0.000000000000000000e+00,0.000000000000000000e+00,0.000000000000000000e+00,3.890479759342956312e-01,-6.107148459433711096e-01,0.000000000000000000e+00,3.053009253449730036e-04,9.320865501649677753e-08,1.000000000000000000e+00
1.000000000000000000e+00,6.017099761962890625e+01,2.470486831665039062e+01,3.416666746139526367e+00,0.000000000000000000e+00,6.551745898764309295e-02,9.336237905739140919e-01,0.000000000000000000e+00,0.000000000000000000e+00,1.089862413571293133e-04,0.000000000000000000e+00,1.187800080515444444e-08,1.000000000000000000e+00
1.000000000000000000e+00,6.017095184326171875e+01,2.470480155944824219e+01,3.416666746139526367e+00,0.000000000000000000e+00,-4.064185078870117263e-01,-5.926936573352254989e-01,6.551745898764309295e-02,9.336237905739140919e-01,8.094442433900049115e-05,1.089862413571293133e-04,7.863435016782192593e-10,1.000000000000000000e+00
1.000000000000000000e+00,6.017105484008789062e+01,2.470475769042968750e+01,3.416666746139526367e+00,0.000000000000000000e+00,7.008215164789198814e-01,-2.984980533150954907e-01,-4.064185078870117263e-01,-5.926936573352254989e-01,1.119501540438018000e-04,8.094442433900049115e-05,9.613552745271982656e-10,1.000000000000000000e+00
1.000000000000000000e+00,6.017081069946289062e+01,2.470532035827636719e+01,3.549999952316284180e+00,0.000000000000000000e+00,0.000000000000000000e+00,0.000000000000000000e+00,7.008215164789198814e-01,-2.984980533150954907e-01,0.000000000000000000e+00,1.119501540438018000e-04,1.253283699043095277e-08,1.000000000000000000e+00
1.000000000000000000e+00,6.017112731933593750e+01,2.470498657226562500e+01,3.616666793823242188e+00,0.000000000000000000e+00,4.867286844549807978e-01,-5.131175890338652845e-01,0.000000000000000000e+00,0.000000000000000000e+00,4.600665658091260832e-04,0.000000000000000000e+00,2.116612449754029512e-07,1.000000000000000000e+00
1.000000000000000000e+00,6.017103958129882812e+01,2.470502853393554688e+01,3.616666793823242188e+00,0.000000000000000000e+00,-6.759494232776008804e-01,3.232801589588525926e-01,4.867286844549807978e-01,-5.131175890338652845e-01,9.725607897935456938e-05,4.600665658091260832e-04,1.316314493536558002e-07,1.000000000000000000e+00
1.000000000000000000e+00,6.017104721069335938e+01,2.470490837097167969e+01,3.616666793823242188e+00,0.000000000000000000e+00,5.965481148984121129e-02,-9.395632809649990813e-01,-6.759494232776008804e-01,3.232801589588525926e-01,1.204049232642107379e-04,9.725607897935456938e-05,5.358689917245181144e-10,1.000000000000000000e+00
1.000000000000000000e+00,6.017107772827148438e+01,2.470489501953125000e+01,3.716666698455810547e+00,0.000000000000000000e+00,0.000000000000000000e+00,0.000000000000000000e+00,5.965481148984121129e-02,-9.395632809649990813e-01,0.000000000000000000e+00,1.204049232642107379e-04,1.449734554626047611e-08,1.000000000000000000e+00
1.000000000000000000e+00,6.017108917236328125e+01,2.470487976074218750e+01,3.716666698455810547e+00,0.000000000000000000e+00,4.269724533313415948e-01,-5.692966044417887561e-01,0.000000000000000000e+00,0.000000000000000000e+00,1.907348632812500000e-05,0.000000000000000000e+00,3.637978807091712952e-10,1.000000000000000000e+00
1.000000000000000000e+00,6.017107772827148438e+01,2.470487976074218750e+01,3.716666698455810547e+00,0.000000000000000000e+00,-9.913375602204522741e-01,0.000000000000000000e+00,4.269724533313415948e-01,-5.692966044417887561e-01,1.144409179687500000e-05,1.907348632812500000e-05,5.820766091346740723e-11,1.000000000000000000e+00
1.000000000000000000e+00,6.017108917236328125e+01,2.470498466491699219e+01,3.716666698455810547e+00,0.000000000000000000e+00,9.827618848146463248e-02,9.008650610800924552e-01,-9.913375602204522741e-01,0.000000000000000000e+00,1.055265517701954169e-04,1.144409179687500000e-05,8.851509274631438870e-09,1.000000000000000000e+00
1.000000000000000000e+00,6.017103195190429688e+01,2.470490074157714844e+01,3.733333349227905273e+00,0.000000000000000000e+00,-4.051183801279992780e-01,-5.941736241877322300e-01,9.827618848146463248e-02,9.008650610800924552e-01,1.015741497474239203e-04,1.055265517701954169e-04,1.562148174960821769e-11,1.000000000000000000e+00
1.000000000000000000e+00,6.017098236083984375e+01,2.470491981506347656e+01,3.733333349227905273e+00,0.000000000000000000e+00,-7.211719394616764589e-01,2.773738228698755526e-01,-4.051183801279992780e-01,-5.941736241877322300e-01,5.313258467553756410e-05,1.015741497474239203e-04,2.346585226613799998e-09,1.000000000000000000e+00
1.000000000000000000e+00,6.017099761962890625e+01,2.470495414733886719e+01,3.733333349227905273e+00,0.000000000000000000e+00,3.070730971539973875e-01,6.909144685964940802e-01,-7.211719394616764589e-01,2.773738228698755526e-01,3.757041092604104587e-05,5.313258467553756410e-05,2.421812518095185124e-10,1.000000000000000000e+00
1.000000000000000000e+00,6.017104721069335938e+01,2.470499610900878906e+01,3.783333301544189453e+00,0.000000000000000000e+00,5.410756677506382006e-01,4.578332573274631057e-01,3.070730971539973875e-01,6.909144685964940802e-01,6.496195360537110385e-05,3.757041092604104587e-05,7.502966103535601332e-10,1.000000000000000000e+00
1.000000000000000000e+00,6.017106246948242188e+01,2.470498085021972656e+01,3.799999952316284180e+00,0.000000000000000000e+00,4.983669511743917258e-01,-4.983669511743917258e-01,5.410756677506382006e-01,4.578332573274631057e-01,2.157918643757774575e-05,6.496195360537110385e-05,1.882064487134969741e-09,1.000000000000000000e+00
1.000000000000000000e+00,6.017108154296875000e+01,2.470503616333007812e+01,3.799999952316284180e+00,0.000000000000000000e+00,2.560660196376825515e-01,7.425914569492794159e-01,4.983669511743917258e-01,-4.983669511743917258e-01,5.850929889746844012e-05,2.157918643757774575e-05,1.363833206300174214e-09,1.000000000000000000e+00
1.000000000000000000e+00,6.017097091674804688e+01,2.470500564575195312e+01,3.799999952316284180e+00,0.000000000000000000e+00,-7.832288682474651820e-01,-2.160631360682662705e-01,2.560660196376825515e-01,7.425914569492794159e-01,1.147583691138559232e-04,5.850929889746844012e-05,3.163957900208089333e-09,1.000000000000000000e+00
1.000000000000000000e+00,6.017118072509765625e+01,2.470496368408203125e+01,3.816666603088378906e+00,0.000000000000000000e+00,8.330024748473237040e-01,-1.666004949694647463e-01,-7.832288682474651820e-01,-2.160631360682662705e-01,2.139633737545800580e-04,1.147583691138559232e-04,9.841632945766096890e-09,1.000000000000000000e+00
1.000000000000000000e+00,6.017095947265625000e+01,2.470529747009277344e+01,3.816666603088378906e+00,0.000000000000000000e+00,-3.985536230646291589e-01,6.012662416923284514e-01,8.330024748473237040e-01,-1.666004949694647463e-01,4.004569187758026606e-04,2.139633737545800580e-04,3.477984233458277907e-08,1.000000000000000000e+00
1.000000000000000000e+00,6.017110061645507812e+01,2.470492935180664062e+01,3.816666603088378906e+00,0.000000000000000000e+00,2.770991461583741655e-01,-7.227045298454893851e-01,-3.985536230646291589e-01,6.012662416923284514e-01,3.942494699210049940e-04,4.004569187758026606e-04,3.853242128492885997e-11,1.000000000000000000e+00
1.000000000000000000e+00,6.017108917236328125e+01,2.470489120483398438e+01,3.816666603088378906e+00,0.000000000000000000e+00,-2.303048228654980545e-01,-7.676827428849934964e-01,2.770991461583741655e-01,-7.227045298454893851e-01,3.982660869182796736e-05,3.942494699210049940e-04,1.256155645618764580e-07,1.000000000000000000e+00
1.000000000000000000e+00,6.017108154296875000e+01,2.470482635498046875e+01,3.833333253860473633e+00,0.000000000000000000e+00,-1.051181258632300497e-01,-8.935040698374553392e-01,-2.303048228654980545e-01,-7.676827428849934964e-01,6.529709918450809516e-05,3.982660869182796736e-05,6.487458859377088269e-10,1.000000000000000000e+00
1.000000000000000000e+00,6.017097473144531250e+01,2.470503044128417969e+01,3.833333253860473633e+00,0.000000000000000000e+00,-3.434478125357430800e-01,6.562306418093662996e-01,-1.051181258632300497e-01,-8.935040698374553392e-01,2.303473917834379084e-04,6.529709918450809516e-05,2.724159908699234625e-08,1.000000000000000000e+00
1.000000000000000000e+00,6.017103576660156250e+01,2.470498085021972656e+01,3.833333253860473633e+00,0.000000000000000000e+00,5.512258601659056900e-01,-4.478710113847984009e-01,-3.434478125357430800e-01,6.562306418093662996e-01,7.864199877963372733e-05,2.303473917834379084e-04,2.301452626643867610e-08,1.000000000000000000e+00
1.000000000000000000e+00,6.017094802856445312e+01,2.470483207702636719e+01,3.833333253860473633e+00,0.000000000000000000e+00,-3.708109582776665247e-01,-6.287664075143041265e-01,5.512258601659056900e-01,-4.478710113847984009e-01,1.727177646281703434e-04,7.864199877963372733e-05,8.850249719988688833e-09,1.000000000000000000e+00
1.000000000000000000e+00,6.017095184326171875e+01,2.470475387573242188e+01,3.833333253860473633e+00,0.000000000000000000e+00,4.645498653028374419e-02,-9.523272238708168080e-01,-3.708109582776665247e-01,-6.287664075143041265e-01,7.829428005895154032e-05,1.727177646281703434e-04,8.915794438193500624e-09,1.000000000000000000e+00
1.000000000000000000e+00,6.017089080810546875e+01,2.470488166809082031e+01,3.833333253860473633e+00,0.000000000000000000e+00,-3.230612352233406259e-01,6.764094612488694702e-01,4.645498653028374419e-02,-9.523272238708168080e-01,1.416198332278943695e-04,7.829428005895154032e-05,4.010125684152605364e-09,1.000000000000000000e+00
1.000000000000000000e+00,6.017088317871093750e+01,2.470490074157714844e+01,3.849999904632568359e+00,0.000000000000000000e+00,-2.846483022208943781e-01,7.116207555522359174e-01,-3.230612352233406259e-01,6.764094612488694702e-01,2.054277346471597191e-05,1.416198332278943695e-04,1.465965440089627262e-08,1.000000000000000000e+00
1.000000000000000000e+00,6.017110061645507812e+01,2.470512199401855469e+01,3.883333206176757812e+00,0.000000000000000000e+00,4.955392151026053460e-01,5.042328855430019408e-01,-2.846483022208943781e-01,7.116207555522359174e-01,3.102125326372066156e-04,2.054277346471597191e-05,8.390856937904873819e-08,1.000000000000000000e+00
1.000000000000000000e+00,6.017103195190429688e+01,2.470510864257812500e+01,3.883333206176757812e+00,0.000000000000000000e+00,-8.361897575451073816e-01,-1.625924528559931082e-01,4.955392151026053460e-01,5.042328855430019408e-01,6.995056465489291736e-05,3.102125326372066156e-04,5.772581325873432689e-08,1.000000000000000000e+00
1.000000000000000000e+00,6.017093276977539062e+01,2.470516014099121094e+01,3.883333206176757812e+00,0.000000000000000000e+00,-6.577913011573403024e-01,3.415454832932343643e-01,-8.361897575451073816e-01,-1.625924528559931082e-01,1.117550054572315394e-04,6.995056465489291736e-05,1.747611270796234129e-09,1.000000000000000000e+00
1.000000000000000000e+00,6.017091369628906250e+01,2.470507049560546875e+01,3.900000095367431641e+00,0.000000000000000000e+00,-1.752773757460085458e-01,-8.238036660062402206e-01,-6.577913011573403024e-01,3.415454832932343643e-01,9.165202161204500817e-05,1.117550054572315394e-04,4.041299594798306326e-10,1.000000000000000000e+00
1.000000000000000000e+00,6.017122650146484375e+01,2.470498275756835938e+01,3.983333349227905273e+00,0.000000000000000000e+00,7.807574563022620096e-01,-2.189929450603905481e-01,-1.752773757460085458e-01,-8.238036660062402206e-01,3.248769630973313079e-04,9.165202161204500817e-05,5.439387333081521566e-08,1.000000000000000000e+00
1.000000000000000000e+00,6.017136764526367188e+01,2.470471954345703125e+01,3.983333349227905273e+00,0.000000000000000000e+00,3.489703014427344985e-01,-6.507824540418563064e-01,7.807574563022620096e-01,-2.189929450603905481e-01,2.986691151590482006e-04,3.248769630973313079e-04,6.868512935561701378e-10,1.000000000000000000e+00
1.000000000000000000e+00,6.017128372192382812e+01,2.470482444763183594e+01,3.983333349227905273e+00,0.000000000000000000e+00,-4.442091984320933884e-01,5.552614980401167077e-01,3.489703014427344985e-01,-6.507824540418563064e-01,1.343428928599573781e-04,2.986691151590482006e-04,2.700310733509021237e-08,1.000000000000000000e+00
1.000000000000000000e+00,6.017124557495117188e+01,2.470488166809082031e+01,4.000000000000000000e+00,0.000000000000000000e+00,-3.995810089439655877e-01,5.993715134159482982e-01,-4.442091984320933884e-01,5.552614980401167077e-01,6.877043295791605403e-05,1.343428928599573781e-04,4.299747497604817673e-09,1.000000000000000000e+00
1.000000000000000000e+00,6.017123031616210938e+01,2.470489692687988281e+01,4.000000000000000000e+00,0.000000000000000000e+00,-4.983669511743917258e-01,4.983669511743917258e-01,-3.995810089439655877e-01,5.993715134159482982e-01,2.157918643757774575e-05,6.877043295791605403e-05,2.227013748143342762e-09,1.000000000000000000e+00
1.000000000000000000e+00,6.017095947265625000e+01,2.470529747009277344e+01,4.000000000000000000e+00,0.000000000000000000e+00,-4.033490139068741098e-01,5.965020628200251585e-01,-4.983669511743917258e-01,4.983669511743917258e-01,4.835194619236560265e-04,2.157918643757774575e-05,2.133888181161538736e-07,1.000000000000000000e+00
1.000000000000000000e+00,6.017095947265625000e+01,2.470529747009277344e+01,4.000000000000000000e+00,0.000000000000000000e+00,0.000000000000000000e+00,0.000000000000000000e+00,-4.033490139068741098e-01,5.965020628200251585e-01,0.000000000000000000e+00,4.835194619236560265e-04,2.337910700589418411e-07,1.000000000000000000e+00
1.000000000000000000e+00,6.017118072509765625e+01,2.470493316650390625e+01,4.000000000000000000e+00,0.000000000000000000e+00,3.777856454460978841e-01,-6.220436058638335597e-01,0.000000000000000000e+00,0.000000000000000000e+00,4.262273427288996194e-04,0.000000000000000000e+00,1.816697476897388697e-07,1.000000000000000000e+00
1.000000000000000000e+00,6.017120361328125000e+01,2.470499038696289062e+01,4.000000000000000000e+00,0.000000000000000000e+00,2.853580718743170541e-01,7.133951796857925798e-01,3.777856454460978841e-01,-6.220436058638335597e-01,6.162832039414791233e-05,4.262273427288996194e-04,1.329324470874567828e-07,1.000000000000000000e+00
1.000000000000000000e+00,6.017131423950195312e+01,2.470492172241210938e+01,4.016666889190673828e+00,0.000000000000000000e+00,6.166773228508055649e-01,-3.827652348729137510e-01,2.853580718743170541e-01,7.133951796857925798e-01,1.302036145467835382e-04,6.162832039414791233e-05,4.702570968120501930e-09,1.000000000000000000e+00
1.000000000000000000e+00,6.017133331298828125e+01,2.470487976074218750e+01,4.016666889190673828e+00,0.000000000000000000e+00,3.119888374886585769e-01,-6.863754424750488914e-01,6.166773228508055649e-01,-3.827652348729137510e-01,4.609316243589238102e-05,1.302036145467835382e-04,7.074568154298514501e-09,1.000000000000000000e+00
1.000000000000000000e+00,6.017127990722656250e+01,2.470490264892578125e+01,4.016666889190673828e+00,0.000000000000000000e+00,-6.990836970166462994e-01,2.996072987214198347e-01,3.119888374886585769e-01,-6.863754424750488914e-01,5.810373768511893199e-05,4.609316243589238102e-05,1.442539178173334397e-10,1.000000000000000000e+00
1.000000000000000000e+00,6.017126846313476562e+01,2.470489883422851562e+01,4.016666889190673828e+00,0.000000000000000000e+00,-7.451168025229853997e-01,-2.483722675076618092e-01,-6.990836970166462994e-01,2.996072987214198347e-01,1.206313194339134034e-05,5.810373768511893199e-05,2.119737377065199453e-09,1.000000000000000000e+00
1.000000000000000000e+00,6.017122268676757812e+01,2.470482826232910156e+01,4.016666889190673828e+00,0.000000000000000000e+00,-3.931047539258585299e-01,-6.060364956356986132e-01,-7.451168025229853997e-01,-2.483722675076618092e-01,8.411818340759256313e-05,1.206313194339134034e-05,5.191930441508687869e-09,1.000000000000000000e+00
1.000000000000000000e+00,6.017124938964843750e+01,2.470479583740234375e+01,4.016666889190673828e+00,0.000000000000000000e+00,4.508504017566574151e-01,-5.474612021330840239e-01,-3.931047539258585299e-01,-6.060364956356986132e-01,4.200499638661430173e-05,8.411818340759256313e-05,1.773520521063891924e-09,1.000000000000000000e+00
1.000000000000000000e+00,6.017125701904296875e+01,2.470478248596191406e+01,4.033333301544189453e+00,0.000000000000000000e+00,3.619114017726131061e-01,-6.333449531020729495e-01,4.508504017566574151e-01,-5.474612021330840239e-01,1.537753629359922243e-05,4.200499638661430173e-05,7.090216310051105957e-10,1.000000000000000000e+00
1.000000000000000000e+00,6.017127609252929688e+01,2.470479774475097656e+01,4.033333301544189453e+00,0.000000000000000000e+00,5.539420822975354985e-01,4.431536658380283433e-01,3.619114017726131061e-01,-6.333449531020729495e-01,2.442598051999225056e-05,1.537753629359922243e-05,8.187434291814532506e-11,1.000000000000000000e+00
1.000000000000000000e+00,6.017095947265625000e+01,2.470529747009277344e+01,4.066666603088378906e+00,0.000000000000000000e+00,-3.878029625141096726e-01,6.120745552933538614e-01,5.539420822975354985e-01,4.431536658380283433e-01,5.915856330593423015e-04,2.442598051999225056e-05,3.216700714685562733e-07,1.000000000000000000e+00
1.000000000000000000e+00,6.017095947265625000e+01,2.470529747009277344e+01,4.066666603088378906e+00,0.000000000000000000e+00,0.000000000000000000e+00,0.000000000000000000e+00,-3.878029625141096726e-01,6.120745552933538614e-01,0.000000000000000000e+00,5.915856330593423015e-04,3.499735612422227859e-07,1.000000000000000000e+00
1.000000000000000000e+00,6.017095947265625000e+01,2.470529747009277344e+01,4.066666603088378906e+00,0.000000000000000000e+00,0.000000000000000000e+00,0.000000000000000000e+00,0.000000000000000000e+00,0.000000000000000000e+00,0.000000000000000000e+00,0.000000000000000000e+00,0.000000000000000000e+00,1.000000000000000000e+00
1.000000000000000000e+00,6.017095947265625000e+01,2.470529747009277344e+01,4.066666603088378906e+00,0.000000000000000000e+00,0.000000000000000000e+00,0.000000000000000000e+00,0.000000000000000000e+00,0.000000000000000000e+00,0.000000000000000000e+00,0.000000000000000000e+00,0.000000000000000000e+00,1.000000000000000000e+00
1.000000000000000000e+00,6.017095947265625000e+01,2.470529747009277344e+01,4.083333492279052734e+00,0.000000000000000000e+00,0.000000000000000000e+00,0.000000000000000000e+00,0.000000000000000000e+00,0.000000000000000000e+00,0.000000000000000000e+00,0.000000000000000000e+00,0.000000000000000000e+00,1.000000000000000000e+00
1.000000000000000000e+00,6.017103195190429688e+01,2.470480346679687500e+01,4.083333492279052734e+00,0.000000000000000000e+00,1.279235458653149582e-01,-8.718999573451728935e-01,0.000000000000000000e+00,0.000000000000000000e+00,4.992919964869851727e-04,0.000000000000000000e+00,2.492924977559596300e-07,1.000000000000000000e+00
1.000000000000000000e+00,6.017101669311523438e+01,2.470493507385253906e+01,4.083333492279052734e+00,0.000000000000000000e+00,-1.038254098487288724e-01,8.954941599452864720e-01,1.279235458653149582e-01,-8.718999573451728935e-01,1.324886702485065940e-04,4.992919964869851727e-04,1.345446801396117509e-07,1.000000000000000000e+00
1.000000000000000000e+00,6.017084503173828125e+01,2.470510864257812500e+01,9.433333396911621094e+00,0.000000000000000000e+00,0.000000000000000000e+00,0.000000000000000000e+00,-1.038254098487288724e-01,8.954941599452864720e-01,0.000000000000000000e+00,1.324886702485065940e-04,1.755324774421751499e-08,1.000000000000000000e+00
1.000000000000000000e+00,6.017085266113281250e+01,2.470518875122070312e+01,9.449999809265136719e+00,0.000000000000000000e+00,8.685752530819829120e-02,9.120040157360820299e-01,0.000000000000000000e+00,0.000000000000000000e+00,8.047112697497935477e-05,0.000000000000000000e+00,6.475602276623249881e-09,1.000000000000000000e+00
1.000000000000000000e+00,6.017085647583007812e+01,2.470525741577148438e+01,9.449999809265136719e+00,0.000000000000000000e+00,5.255906293161502485e-02,9.460631327690703918e-01,8.685752530819829120e-02,9.120040157360820299e-01,6.877043295791605403e-05,8.047112697497935477e-05,1.369062404809409250e-10,1.000000000000000000e+00
1.000000000000000000e+00,6.017373657226562500e+01,2.470643424987792969e+01,1.123333358764648438e+01,0.000000000000000000e+00,0.000000000000000000e+00,0.000000000000000000e+00,5.255906293161502485e-02,9.460631327690703918e-01,0.000000000000000000e+00,6.877043295791605403e-05,4.729372449219226837e-09,1.000000000000000000e+00
1.000000000000000000e+00,6.017366027832031250e+01,2.470635414123535156e+01,1.123333358764648438e+01,0.000000000000000000e+00,-4.874931867952213560e-01,-5.118678461349823738e-01,0.000000000000000000e+00,0.000000000000000000e+00,1.106262207031250000e-04,0.000000000000000000e+00,1.223816070705652237e-08,1.000000000000000000e+00
1.000000000000000000e+00,6.017356491088867188e+01,2.470624732971191406e+01,1.123333358764648438e+01,0.000000000000000000e+00,-4.714649213201235201e-01,-5.280407118785382936e-01,-4.874931867952213560e-01,-5.118678461349823738e-01,1.431909513788105737e-04,1.106262207031250000e-04,1.060461683979937036e-09,1.000000000000000000e+00
1.000000000000000000e+00,6.017351150512695312e+01,2.470623970031738281e+01,1.123333358764648438e+01,0.000000000000000000e+00,-8.735687449682439931e-01,-1.247955349954634335e-01,-4.714649213201235201e-01,-5.280407118785382936e-01,5.394796609394436268e-05,1.431909513788105737e-04,7.964310422554846980e-09,1.000000000000000000e+00
1.000000000000000000e+00,6.017338943481445312e+01,2.470627212524414062e+01,1.125000000000000000e+01,0.000000000000000000e+00,-7.896123650769610869e-01,2.097407844735678095e-01,-8.735687449682439931e-01,-1.247955349954634335e-01,1.263033533565010419e-04,5.394796609394436268e-05,5.235302065914549395e-09,1.000000000000000000e+00
1.000000000000000000e+00,6.017330932617187500e+01,2.470617294311523438e+01,1.125000000000000000e+01,0.000000000000000000e+00,-4.465594406850660891e-01,-5.528831170386532268e-01,-7.896123650769610869e-01,2.097407844735678095e-01,1.274930951467010722e-04,1.263033533565010419e-04,1.415485527348372728e-12,1.000000000000000000e+00
1.000000000000000000e+00,6.017316436767578125e+01,2.470611763000488281e+01,1.125000000000000000e+01,0.000000000000000000e+00,-7.234482902312487917e-01,-2.760526370619239001e-01,-4.465594406850660891e-01,-5.528831170386532268e-01,1.551531687286014270e-04,1.274930951467010722e-04,7.650796705561419468e-10,1.000000000000000000e+00
1.000000000000000000e+00,6.017286682128906250e+01,2.470586967468261719e+01,1.125000000000000000e+01,0.000000000000000000e+00,-5.453545724272487183e-01,-4.544621436893739319e-01,-7.234482902312487917e-01,-2.760526370619239001e-01,3.873185950728855469e-04,1.551531687286014270e-04,5.390078518962321615e-08,1.000000000000000000e+00
1.000000000000000000e+00,6.017223358154296875e+01,2.470565032958984375e+01,1.125000000000000000e+01,0.000000000000000000e+00,-7.426422017014215893e-01,-2.572405216736852185e-01,-5.453545724272487183e-01,-4.544621436893739319e-01,6.701528525319167288e-04,3.873185950728855469e-04,7.999521719240153781e-08,1.000000000000000000e+00
1.000000000000000000e+00,6.017189407348632812e+01,2.470567131042480469e+01,1.125000000000000000e+01,0.000000000000000000e+00,-9.415377582284729652e-01,5.818491764333259819e-02,-7.426422017014215893e-01,-2.572405216736852185e-01,3.401557231027458922e-04,6.701528525319167288e-04,1.088981054314929271e-07,1.000000000000000000e+00
1.000000000000000000e+00,6.017156982421875000e+01,2.470552253723144531e+01,1.126666641235351562e+01,0.000000000000000000e+00,-6.853389858845840843e-01,-3.144496523470444727e-01,-9.415377582284729652e-01,5.818491764333259819e-02,3.567506840740413613e-04,3.401557231027458922e-04,2.753927296388198355e-10,1.000000000000000000e+00
1.000000000000000000e+00,6.017156982421875000e+01,2.470552253723144531e+01,1.126666641235351562e+01,0.000000000000000000e+00,0.000000000000000000e+00,0.000000000000000000e+00,-6.853389858845840843e-01,-3.144496523470444727e-01,0.000000000000000000e+00,3.567506840740413613e-04,1.272710505872964594e-07,1.000000000000000000e+00
1.000000000000000000e+00,6.017098236083984375e+01,2.470530700683593750e+01,1.126666641235351562e+01,0.000000000000000000e+00,-7.315003522905697553e-01,-2.683751292494622742e-01,0.000000000000000000e+00,0.000000000000000000e+00,6.257528049826882903e-04,0.000000000000000000e+00,3.915665729437023401e-07,1.000000000000000000e+00
1.000000000000000000e+00,6.017085647583007812e+01,2.470538711547851562e+01,1.126666641235351562e+01,0.000000000000000000e+00,-6.108145900372393688e-01,3.887001936600614216e-01,-7.315003522905697553e-01,-2.683751292494622742e-01,1.492127015350947937e-04,6.257528049826882903e-04,2.270904701938431077e-07,1.000000000000000000e+00
1.000000000000000000e+00,6.017082214355468750e+01,2.470526504516601562e+01,1.126666641235351562e+01,0.000000000000000000e+00,-2.193719340578496046e-01,-7.799890988723541252e-01,-6.108145900372393688e-01,3.887001936600614216e-01,1.268064128005574138e-04,1.492127015350947937e-04,5.020417748554567046e-10,1.000000000000000000e+00
1.000000000000000000e+00,6.017085647583007812e+01,2.470527076721191406e+01,1.126666641235351562e+01,0.000000000000000000e+00,8.550082354393236939e-01,1.425013725732206249e-01,-2.193719340578496046e-01,-7.799890988723541252e-01,3.480584638766223699e-05,1.268064128005574138e-04,8.464104220293535321e-09,1.000000000000000000e+00
1.000000000000000000e+00,6.017087173461914062e+01,2.470529747009277344e+01,1.128333377838134766e+01,0.000000000000000000e+00,3.627718321892960396e-01,6.348507063312680554e-01,8.550082354393236939e-01,1.425013725732206249e-01,3.075507258719844487e-05,3.480584638766223699e-05,1.640876838252387535e-11,1.000000000000000000e+00
1.000000000000000000e+00,6.017086029052734375e+01,2.470528030395507812e+01,1.128333377838134766e+01,0.000000000000000000e+00,-3.986067683641858483e-01,-5.979101525462787725e-01,3.627718321892960396e-01,6.348507063312680554e-01,2.063112988737481824e-05,3.075507258719844487e-05,1.024942157893120997e-10,1.000000000000000000e+00
1.000000000000000000e+00,6.017084503173828125e+01,2.470527458190917969e+01,1.128333377838134766e+01,0.000000000000000000e+00,-7.238228035452262121e-01,-2.714335513294598434e-01,-3.986067683641858483e-01,-5.979101525462787725e-01,1.629639386237627101e-05,2.063112988737481824e-05,1.878993640642020690e-11,1.000000000000000000e+00
1.000000000000000000e+00,6.017087554931640625e+01,2.470527648925781250e+01,1.128333377838134766e+01,0.000000000000000000e+00,9.382827623945275697e-01,5.864267264965797311e-02,-7.238228035452262121e-01,-2.714335513294598434e-01,3.057712467552451806e-05,1.629639386237627101e-05,2.039392725576017938e-10,1.000000000000000000e+00
1.000000000000000000e+00,6.017090606689453125e+01,2.470529937744140625e+01,1.128333377838134766e+01,0.000000000000000000e+00,5.703605956572287417e-01,4.277704467429215840e-01,9.382827623945275697e-01,5.864267264965797311e-02,3.814697265625000000e-05,3.057712467552451806e-05,5.730259845129365648e-11,1.000000000000000000e+00
1.000000000000000000e+00,6.017094039916992188e+01,2.470526504516601562e+01,1.128333377838134766e+01,0.000000000000000000e+00,4.992728811657759502e-01,-4.992728811657759502e-01,5.703605956572287417e-01,4.277704467429215840e-01,4.855316948454992370e-05,3.814697265625000000e-05,1.082889324293193902e-10,1.000000000000000000e+00
1.000000000000000000e+00,6.017119979858398438e+01,2.470548629760742188e+01,1.178333377838134766e+01,0.000000000000000000e+00,0.000000000000000000e+00,0.000000000000000000e+00,4.992728811657759502e-01,-4.992728811657759502e-01,0.000000000000000000e+00,4.855316948454992370e-05,2.357410266995429993e-09,1.000000000000000000e+00
1.000000000000000000e+00,6.017120742797851562e+01,2.470549964904785156e+01,1.180000019073486328e+01,0.000000000000000000e+00,3.619114017726131061e-01,6.333449531020729495e-01,0.000000000000000000e+00,0.000000000000000000e+00,1.537753629359922243e-05,0.000000000000000000e+00,2.364686224609612902e-10,1.000000000000000000e+00
1.000000000000000000e+00,6.017118453979492188e+01,2.470553588867187500e+01,1.180000019073486328e+01,0.000000000000000000e+00,-3.864432015057063796e-01,6.118684023840350594e-01,3.619114017726131061e-01,6.333449531020729495e-01,4.286232958649488658e-05,1.537753629359922243e-05,7.554138623532025014e-10,1.000000000000000000e+00
1.000000000000000000e+00,6.017116928100585938e+01,2.470550155639648438e+01,1.180000019073486328e+01,0.000000000000000000e+00,-3.070730971539973875e-01,-6.909144685964940802e-01,-3.864432015057063796e-01,6.118684023840350594e-01,3.757041092604104587e-05,4.286232958649488658e-05,2.800440310885957195e-11,1.000000000000000000e+00
1.000000000000000000e+00,6.017107009887695312e+01,2.470548248291015625e+01,1.180000019073486328e+01,0.000000000000000000e+00,-8.380010421123113007e-01,-1.611540465600598548e-01,-3.070730971539973875e-01,-6.909144685964940802e-01,1.009994681920908094e-04,3.757041092604104587e-05,4.023245305659820686e-09,1.000000000000000000e+00
1.000000000000000000e+00,6.017124176025390625e+01,2.470558166503906250e+01,1.305000019073486328e+01,0.000000000000000000e+00,0.000000000000000000e+00,0.000000000000000000e+00,-8.380010421123113007e-01,-1.611540465600598548e-01,0.000000000000000000e+00,1.009994681920908094e-04,1.020089257508516312e-08,1.000000000000000000e+00
1.000000000000000000e+00,6.017122268676757812e+01,2.470554351806640625e+01,1.305000019073486328e+01,0.000000000000000000e+00,-3.327518074013371963e-01,-6.655036148026743925e-01,0.000000000000000000e+00,0.000000000000000000e+00,4.264961199760036097e-05,0.000000000000000000e+00,1.818989403545856683e-09,1.000000000000000000e+00
1.000000000000000000e+00,6.017095565795898438e+01,2.470535850524902344e+01,1.305000019073486328e+01,0.000000000000000000e+00,-5.905866508464139297e-01,-4.091921795150153529e-01,-3.327518074013371963e-01,-6.655036148026743925e-01,3.248601656327280225e-04,4.264961199760036097e-05,7.964279658304527754e-08,1.000000000000000000e+00
1.000000000000000000e+00,6.017095947265625000e+01,2.470535469055175781e+01,1.306666660308837891e+01,0.000000000000000000e+00,4.935311880124827466e-01,-4.935311880124827466e-01,-5.905866508464139297e-01,-4.091921795150153529e-01,5.394796609394436438e-06,3.248601656327280225e-04,1.020581220052147109e-07,1.000000000000000000e+00
1.000000000000000000e+00,6.017095947265625000e+01,2.470534706115722656e+01,1.306666660308837891e+01,0.000000000000000000e+00,0.000000000000000000e+00,-9.870623760249654932e-01,4.935311880124827466e-01,-4.935311880124827466e-01,7.629394531250000000e-06,5.394796609394436438e-06,4.993427872361203418e-12,1.000000000000000000e+00
1.000000000000000000e+00,6.017095947265625000e+01,2.470535087585449219e+01,1.306666660308837891e+01,0.000000000000000000e+00,0.000000000000000000e+00,9.744552405423272390e-01,0.000000000000000000e+00,-9.870623760249654932e-01,3.814697265625000000e-06,7.629394531250000000e-06,1.455191522836685181e-11,1.000000000000000000e+00
1.000000000000000000e+00,6.017096328735351562e+01,2.470532608032226562e+01,1.306666660308837891e+01,0.000000000000000000e+00,1.328689227880619494e-01,-8.636479981224026714e-01,0.000000000000000000e+00,9.744552405423272390e-01,2.508725440591031141e-05,3.814697265625000000e-06,4.525216872867035949e-10,1.000000000000000000e+00
1.000000000000000000e+00,6.017096328735351562e+01,2.470533180236816406e+01,1.306666660308837891e+01,0.000000000000000000e+00,0.000000000000000000e+00,9.828239073094842126e-01,1.328689227880619494e-01,-8.636479981224026714e-01,5.722045898437500000e-06,2.508725440591031141e-05,3.750113005378973351e-10,1.000000000000000000e+00
1.000000000000000000e+00,6.017094802856445312e+01,2.470537948608398438e+01,1.306666660308837891e+01,0.000000000000000000e+00,-2.420397014817864123e-01,7.563740671305825281e-01,0.000000000000000000e+00,9.828239073094842126e-01,5.006563090670275846e-05,5.722045898437500000e-06,1.966353531385247263e-09,1.000000000000000000e+00
1.000000000000000000e+00,6.017093658447265625e+01,2.470543289184570312e+01,1.308333301544189453e+01,0.000000000000000000e+00,-1.761988854081386335e-01,8.222614652379802713e-01,-2.420397014817864123e-01,7.563740671305825281e-01,5.461815285978833542e-05,5.006563090670275846e-05,2.072545613332611470e-11,1.000000000000000000e+00
1.000000000000000000e+00,6.017093276977539062e+01,2.470541954040527344e+01,1.308333301544189453e+01,0.000000000000000000e+00,-2.209351815062052804e-01,-7.732731352717184814e-01,-1.761988854081386335e-01,8.222614652379802713e-01,1.388570764404395686e-05,5.461815285978833542e-05,1.659132093253617169e-09,1.000000000000000000e+00
1.000000000000000000e+00,6.017092514038085938e+01,2.470540237426757812e+01,1.308333301544189453e+01,0.000000000000000000e+00,-3.064563738512789404e-01,-6.895268411653776575e-01,-2.209351815062052804e-01,-7.732731352717184814e-01,1.878520546302052293e-05,1.388570764404395686e-05,2.400507887815612691e-11,1.000000000000000000e+00
1.000000000000000000e+00,6.017130661010742188e+01,2.470530509948730469e+01,1.330000019073486328e+01,0.000000000000000000e+00,0.000000000000000000e+00,0.000000000000000000e+00,-3.064563738512789404e-01,-6.895268411653776575e-01,0.000000000000000000e+00,1.878520546302052293e-05,3.528839442878961046e-10,1.000000000000000000e+00
1.000000000000000000e+00,6.017097473144531250e+01,2.470536804199218750e+01,1.331666660308837891e+01,0.000000000000000000e+00,-8.403668626755079751e-01,1.593799222315618602e-01,0.000000000000000000e+00,0.000000000000000000e+00,3.377946199755579100e-04,0.000000000000000000e+00,1.141052052844315900e-07,1.000000000000000000e+00
1.000000000000000000e+00,6.017093276977539062e+01,2.470538330078125000e+01,1.331666660308837891e+01,0.000000000000000000e+00,-7.320539762829418873e-01,2.662014459210697570e-01,-8.403668626755079751e-01,1.593799222315618602e-01,4.464988674438333770e-05,3.377946199755579100e-04,8.593383462117650922e-08,1.000000000000000000e+00
1.000000000000000000e+00,6.017090225219726562e+01,2.470546913146972656e+01,1.331666660308837891e+01,0.000000000000000000e+00,-2.620698359505723718e-01,7.370714136109848269e-01,-7.320539762829418873e-01,2.662014459210697570e-01,9.109461926467554162e-05,4.464988674438333770e-05,2.157113178881488350e-09,1.000000000000000000e+00
1.000000000000000000e+00,6.017045211791992188e+01,2.469684028625488281e+01,1.331666660308837891e+01,0.000000000000000000e+00,-4.957928584402066657e-02,-9.504096998235147531e-01,-2.620698359505723718e-01,7.370714136109848269e-01,8.640578140921570741e-03,9.109461926467554162e-05,7.309366848708278653e-05,1.000000000000000000e+00
1.000000000000000000e+00,6.017045211791992188e+01,2.469684028625488281e+01,1.331666660308837891e+01,0.000000000000000000e+00,0.000000000000000000e+00,0.000000000000000000e+00,-4.957928584402066657e-02,-9.504096998235147531e-01,0.000000000000000000e+00,8.640578140921570741e-03,7.465959060937166214e-05,1.000000000000000000e+00
1.000000000000000000e+00,6.017078018188476562e+01,2.470610046386718750e+01,1.331666660308837891e+01,0.000000000000000000e+00,3.421488087424977981e-02,9.657746897935038932e-01,0.000000000000000000e+00,0.000000000000000000e+00,9.265987015772143842e-03,0.000000000000000000e+00,8.585851537645795806e-05,1.000000000000000000e+00
1.000000000000000000e+00,6.017092132568359375e+01,2.470549774169921875e+01,1.333333301544189453e+01,0.000000000000000000e+00,1.897180854062663069e-01,-8.101474998429749608e-01,3.421488087424977981e-02,9.657746897935038932e-01,6.190279345139314835e-04,9.265987015772143842e-03,7.476990135295387885e-05,1.000000000000000000e+00
1.000000000000000000e+00,6.017098999023437500e+01,2.470559120178222656e+01,1.333333301544189453e+01,0.000000000000000000e+00,4.232683358714383615e-01,5.761152349361244873e-01,1.897180854062663069e-01,-8.101474998429749608e-01,1.159724434933491618e-04,6.190279345139314835e-04,2.530648270459592180e-07,1.000000000000000000e+00
1.000000000000000000e+00,6.017087936401367188e+01,2.470556259155273438e+01,1.333333301544189453e+01,0.000000000000000000e+00,-7.939503306425316209e-01,-2.053319820627236836e-01,4.232683358714383615e-01,5.761152349361244873e-01,1.142659439144146663e-04,1.159724434933491618e-04,2.912140812903610232e-12,1.000000000000000000e+00
1.000000000000000000e+00,6.017087936401367188e+01,2.470556259155273438e+01,1.333333301544189453e+01,0.000000000000000000e+00,0.000000000000000000e+00,0.000000000000000000e+00,-7.939503306425316209e-01,-2.053319820627236836e-01,0.000000000000000000e+00,1.142659439144146663e-04,1.305670593865215778e-08,1.000000000000000000e+00
1.000000000000000000e+00,6.017092514038085938e+01,2.470556640625000000e+01,1.333333301544189453e+01,0.000000000000000000e+00,9.212192914619922179e-01,7.676827428849934687e-02,0.000000000000000000e+00,0.000000000000000000e+00,4.593503791348379432e-05,0.000000000000000000e+00,2.110027708113193512e-09,1.000000000000000000e+00
1.000000000000000000e+00,6.017092132568359375e+01,2.470554351806640625e+01,1.333333301544189453e+01,0.000000000000000000e+00,-1.423241511104471890e-01,-8.539449066626831897e-01,9.212192914619922179e-01,7.676827428849934687e-02,2.320389759177482353e-05,4.593503791348379432e-05,5.167047403252234345e-10,1.000000000000000000e+00
1.000000000000000000e+00,6.017096710205078125e+01,2.470549201965332031e+01,1.335000038146972656e+01,0.000000000000000000e+00,4.701049600210205903e-01,-5.288680800236481572e-01,-1.423241511104471890e-01,-8.539449066626831897e-01,6.890255687022568470e-05,2.320389759177482353e-05,2.088367459847943269e-09,1.000000000000000000e+00
1.000000000000000000e+00,6.017100524902343750e+01,2.470550346374511719e+01,1.335000038146972656e+01,0.000000000000000000e+00,7.676827428849934964e-01,2.303048228654980545e-01,4.701049600210205903e-01,-5.288680800236481572e-01,3.982660869182796736e-05,6.890255687022568470e-05,8.454107624728695250e-10,1.000000000000000000e+00
1.000000000000000000e+00,6.017107391357421875e+01,2.470555496215820312e+01,1.335000038146972656e+01,0.000000000000000000e+00,5.709534221780843133e-01,4.282150666335631795e-01,7.676827428849934964e-01,2.303048228654980545e-01,8.583068847656250000e-05,3.982660869182796736e-05,2.116375356840220617e-09,1.000000000000000000e+00
1.000000000000000000e+00,6.017103576660156250e+01,2.470562171936035156e+01,1.335000038146972656e+01,0.000000000000000000e+00,-3.632900570592082490e-01,6.357575998536144635e-01,5.709534221780843133e-01,4.282150666335631795e-01,7.688768146799611217e-05,8.583068847656250000e-05,7.997737435526753402e-11,1.000000000000000000e+00
1.000000000000000000e+00,6.017095184326171875e+01,2.470536041259765625e+01,1.351666641235351562e+01,0.000000000000000000e+00,0.000000000000000000e+00,0.000000000000000000e+00,-3.632900570592082490e-01,6.357575998536144635e-01,0.000000000000000000e+00,7.688768146799611217e-05,5.911715561524032719e-09,1.000000000000000000e+00
1.000000000000000000e+00,6.017095184326171875e+01,2.470536041259765625e+01,1.351666641235351562e+01,0.000000000000000000e+00,0.000000000000000000e+00,0.000000000000000000e+00,0.000000000000000000e+00,0.000000000000000000e+00,0.000000000000000000e+00,0.000000000000000000e+00,0.000000000000000000e+00,1.000000000000000000e+00
1.000000000000000000e+00,6.017095184326171875e+01,2.470536041259765625e+01,1.351666641235351562e+01,0.000000000000000000e+00,0.000000000000000000e+00,0.000000000000000000e+00,0.000000000000000000e+00,0.000000000000000000e+00,0.000000000000000000e+00,0.000000000000000000e+00,0.000000000000000000e+00,1.000000000000000000e+00
1.000000000000000000e+00,6.017094802856445312e+01,2.470561790466308594e+01,1.353333377838134766e+01,0.000000000000000000e+00,-1.459295553907031563e-02,9.850244988872463026e-01,0.000000000000000000e+00,0.000000000000000000e+00,2.575203208961864281e-04,0.000000000000000000e+00,6.631671567447483540e-08,1.000000000000000000e+00
1.000000000000000000e+00,6.017097473144531250e+01,2.470538139343261719e+01,1.353333377838134766e+01,0.000000000000000000e+00,1.014107475087030058e-01,-8.982094779342266744e-01,-1.459295553907031563e-02,9.850244988872463026e-01,2.380138777131118259e-04,2.575203208961864281e-04,3.805013256545176071e-10,1.000000000000000000e+00
1.000000000000000000e+00,6.017094039916992188e+01,2.470531082153320312e+01,1.353333377838134766e+01,0.000000000000000000e+00,-3.269610513532874019e-01,-6.720866055595352551e-01,1.014107475087030058e-01,-8.982094779342266744e-01,7.847992176605599914e-05,2.380138777131118259e-04,2.545108310011715433e-08,1.000000000000000000e+00
1.000000000000000000e+00,6.017095184326171875e+01,2.470517158508300781e+01,1.353333377838134766e+01,0.000000000000000000e+00,7.589899628738541737e-02,-9.234377881631892215e-01,-3.269610513532874019e-01,-6.720866055595352551e-01,1.397059637239836773e-04,7.847992176605599914e-05,3.748628213833920719e-09,1.000000000000000000e+00
1.000000000000000000e+00,6.017098617553710938e+01,2.470506095886230469e+01,1.353333377838134766e+01,0.000000000000000000e+00,2.366788317482373394e-01,-7.626317911887647849e-01,7.589899628738541737e-02,-9.234377881631892215e-01,1.158311954550855706e-04,1.397059637239836773e-04,5.700045598935838782e-10,1.000000000000000000e+00
1.000000000000000000e+00,6.017100906372070312e+01,2.470511245727539062e+01,1.353333377838134766e+01,0.000000000000000000e+00,3.072792235652190840e-01,6.913782530217429390e-01,2.366788317482373394e-01,-7.626317911887647849e-01,5.635561638906157558e-05,1.158311954550855706e-04,3.537344505238871787e-09,1.000000000000000000e+00
1.000000000000000000e+00,6.017099761962890625e+01,2.470513916015625000e+01,1.355000019073486328e+01,0.000000000000000000e+00,-2.992156241941125727e-01,6.981697897862626512e-01,3.072792235652190840e-01,6.913782530217429390e-01,2.905186884255946600e-05,5.635561638906157558e-05,7.454946300831199931e-10,1.000000000000000000e+00
1.000000000000000000e+00,6.017078018188476562e+01,2.470609855651855469e+01,1.366666698455810547e+01,0.000000000000000000e+00,0.000000000000000000e+00,0.000000000000000000e+00,-2.992156241941125727e-01,6.981697897862626512e-01,0.000000000000000000e+00,2.905186884255946600e-05,8.440110832452775082e-10,1.000000000000000000e+00
1.000000000000000000e+00,6.017078018188476562e+01,2.470609855651855469e+01,1.366666698455810547e+01,0.000000000000000000e+00,0.000000000000000000e+00,0.000000000000000000e+00,0.000000000000000000e+00,0.000000000000000000e+00,0.000000000000000000e+00,0.000000000000000000e+00,0.000000000000000000e+00,1.000000000000000000e+00
1.000000000000000000e+00,6.017082595825195312e+01,2.470540046691894531e+01,1.366666698455810547e+01,0.000000000000000000e+00,6.153018986149177277e-02,-9.383353953877495712e-01,0.000000000000000000e+00,0.000000000000000000e+00,6.995888541676906908e-04,0.000000000000000000e+00,4.894245648756624327e-07,1.000000000000000000e+00
1.000000000000000000e+00,6.017082595825195312e+01,2.470540046691894531e+01,1.368333339691162109e+01,0.000000000000000000e+00,0.000000000000000000e+00,0.000000000000000000e+00,6.153018986149177277e-02,-9.383353953877495712e-01,0.000000000000000000e+00,6.995888541676906908e-04,4.894245648756624327e-07,1.000000000000000000e+00
1.000000000000000000e+00,6.017082595825195312e+01,2.470540046691894531e+01,1.368333339691162109e+01,0.000000000000000000e+00,0.000000000000000000e+00,0.000000000000000000e+00,0.000000000000000000e+00,0.000000000000000000e+00,0.000000000000000000e+00,0.000000000000000000e+00,0.000000000000000000e+00,1.000000000000000000e+00
1.000000000000000000e+00,6.017082595825195312e+01,2.470540046691894531e+01,1.368333339691162109e+01,0.000000000000000000e+00,0.000000000000000000e+00,0.000000000000000000e+00,0.000000000000000000e+00,0.000000000000000000e+00,0.000000000000000000e+00,0.000000000000000000e+00,0.000000000000000000e+00,1.000000000000000000e+00
1.000000000000000000e+00,6.017082595825195312e+01,2.470540046691894531e+01,1.368333339691162109e+01,0.000000000000000000e+00,0.000000000000000000e+00,0.000000000000000000e+00,0.000000000000000000e+00,0.000000000000000000e+00,0.000000000000000000e+00,0.000000000000000000e+00,0.000000000000000000e+00,1.000000000000000000e+00
1.000000000000000000e+00,6.017082595825195312e+01,2.470540046691894531e+01,1.368333339691162109e+01,0.000000000000000000e+00,0.000000000000000000e+00,0.000000000000000000e+00,0.000000000000000000e+00,0.000000000000000000e+00,0.000000000000000000e+00,0.000000000000000000e+00,0.000000000000000000e+00,1.000000000000000000e+00
1.000000000000000000e+00,6.017082595825195312e+01,2.470540046691894531e+01,1.368333339691162109e+01,0.000000000000000000e+00,0.000000000000000000e+00,0.000000000000000000e+00,0.000000000000000000e+00,0.000000000000000000e+00,0.000000000000000000e+00,0.000000000000000000e+00,0.000000000000000000e+00,1.000000000000000000e+00
1.000000000000000000e+00,6.017111968994140625e+01,2.470538330078125000e+01,1.371666622161865234e+01,0.000000000000000000e+00,9.444814844732934978e-01,-5.519696987181585413e-02,0.000000000000000000e+00,0.000000000000000000e+00,2.942328698027490974e-04,0.000000000000000000e+00,8.657298167236150635e-08,1.000000000000000000e+00
1.000000000000000000e+00,6.017097854614257812e+01,2.470539283752441406e+01,1.371666622161865234e+01,0.000000000000000000e+00,-9.360876208777534346e-01,6.324916357282117652e-02,9.444814844732934978e-01,-5.519696987181585413e-02,1.414656192076771456e-04,2.942328698027490974e-04,2.333783285437751003e-08,1.000000000000000000e+00
1.000000000000000000e+00,6.017082977294921875e+01,2.470540237426757812e+01,1.371666622161865234e+01,0.000000000000000000e+00,-9.391657911393916924e-01,6.020293532944818310e-02,-9.360876208777534346e-01,6.324916357282117652e-02,1.490785448430567370e-04,1.414656192076771456e-04,5.795663672981975751e-11,1.000000000000000000e+00
1.000000000000000000e+00,6.017082977294921875e+01,2.470540428161621094e+01,1.371666622161865234e+01,0.000000000000000000e+00,0.000000000000000000e+00,9.501830432614539745e-01,-9.391657911393916924e-01,6.020293532944818310e-02,1.907348632812500000e-06,1.490785448430567370e-04,2.165936099395420789e-08,1.000000000000000000e+00
1.000000000000000000e+00,6.017096710205078125e+01,2.470536613464355469e+01,1.373333358764648438e+01,0.000000000000000000e+00,7.821629579859602499e-01,-2.172674883294334058e-01,0.000000000000000000e+00,9.501830432614539745e-01,1.425288520223190730e-04,1.907348632812500000e-06,1.977440721552500850e-08,1.000000000000000000e+00
1.000000000000000000e+00,6.017098999023437500e+01,2.470546722412109375e+01,1.373333358764648438e+01,0.000000000000000000e+00,1.844665944279085812e-01,8.147274587232629095e-01,7.821629579859602499e-01,-2.172674883294334058e-01,1.036482099090082197e-04,1.425288520223190730e-04,1.511704331143361423e-09,1.000000000000000000e+00
1.000000000000000000e+00,6.017091369628906250e+01,2.470541572570800781e+01,1.373333358764648438e+01,0.000000000000000000e+00,-5.965481148984120852e-01,-4.026699775564281936e-01,1.844665944279085812e-01,8.147274587232629095e-01,9.204809960947917696e-05,1.036482099090082197e-04,1.345625589612397729e-10,1.000000000000000000e+00
1.000000000000000000e+00,6.017090606689453125e+01,2.470541381835937500e+01,1.373333358764648438e+01,0.000000000000000000e+00,-7.916984401640652091e-01,-1.979246100410163023e-01,-5.965481148984120852e-01,-4.026699775564281936e-01,7.864199877963372394e-06,9.204809960947917696e-05,7.086928974005906059e-09,1.000000000000000000e+00
1.000000000000000000e+00,6.017090606689453125e+01,2.470556068420410156e+01,1.373333358764648438e+01,0.000000000000000000e+00,0.000000000000000000e+00,9.993195697940153721e-01,-7.916984401640652091e-01,-1.979246100410163023e-01,1.468658447265625000e-04,7.864199877963372394e-06,1.932145727061608622e-08,1.000000000000000000e+00
1.000000000000000000e+00,6.017100143432617188e+01,2.470534515380859375e+01,1.373333358764648438e+01,0.000000000000000000e+00,3.066498326211992143e-01,-6.930286217239102209e-01,0.000000000000000000e+00,9.993195697940153721e-01,2.356868651526498849e-04,1.468658447265625000e-04,7.889173669531431935e-09,1.000000000000000000e+00
1.000000000000000000e+00,6.017100143432617188e+01,2.470533943176269531e+01,1.375000000000000000e+01,0.000000000000000000e+00,0.000000000000000000e+00,-9.828239073094842126e-01,3.066498326211992143e-01,-6.930286217239102209e-01,5.722045898437500000e-06,2.356868651526498849e-04,5.288381809462257380e-08,1.000000000000000000e+00
1.000000000000000000e+00,6.017085266113281250e+01,2.470526885986328125e+01,1.530000019073486328e+01,0.000000000000000000e+00,0.000000000000000000e+00,0.000000000000000000e+00,0.000000000000000000e+00,-9.828239073094842126e-01,0.000000000000000000e+00,5.722045898437500000e-06,3.274180926382541656e-11,1.000000000000000000e+00
1.000000000000000000e+00,6.017087554931640625e+01,2.470532989501953125e+01,1.530000019073486328e+01,0.000000000000000000e+00,2.724026875902924028e-01,7.264071669074464443e-01,0.000000000000000000e+00,0.000000000000000000e+00,6.518557544950508403e-05,0.000000000000000000e+00,4.249159246683119900e-09,1.000000000000000000e+00
1.000000000000000000e+00,6.017086791992187500e+01,2.470533561706542969e+01,1.530000019073486328e+01,0.000000000000000000e+00,-5.671804868132804822e-01,4.253853651099603894e-01,2.724026875902924028e-01,7.264071669074464443e-01,9.536743164062500000e-06,6.518557544950508403e-05,3.096792534733316801e-09,1.000000000000000000e+00
1.000000000000000000e+00,6.017089843750000000e+01,2.470530891418457031e+01,1.531666660308837891e+01,0.000000000000000000e+00,5.324028918421395140e-01,-4.658525303618720748e-01,-5.671804868132804822e-01,4.253853651099603894e-01,4.055078816503391258e-05,9.536743164062500000e-06,9.618709873222798453e-10,1.000000000000000000e+00
1.000000000000000000e+00,6.017090988159179688e+01,2.470524978637695312e+01,1.531666660308837891e+01,0.000000000000000000e+00,1.619327043953458778e-01,-8.366523060426203084e-01,5.324028918421395140e-01,-4.658525303618720748e-01,6.022511827029016130e-05,4.055078816503391258e-05,3.870792650905923602e-10,1.000000000000000000e+00
1.000000000000000000e+00,6.017102050781250000e+01,2.470527839660644531e+01,1.531666660308837891e+01,0.000000000000000000e+00,7.939503306425316209e-01,2.053319820627236836e-01,1.619327043953458778e-01,-8.366523060426203084e-01,1.142659439144146663e-04,6.022511827029016130e-05,2.920410836298664821e-09,1.000000000000000000e+00
1.000000000000000000e+00,6.017096710205078125e+01,2.470529937744140625e+01,1.531666660308837891e+01,0.000000000000000000e+00,-7.169848549855111219e-01,2.816726216014507900e-01,7.939503306425316209e-01,2.053319820627236836e-01,5.737918455692796161e-05,1.142659439144146663e-04,3.236103390196601008e-09,1.000000000000000000e+00
1.000000000000000000e+00,6.017097091674804688e+01,2.470519256591796875e+01,1.531666660308837891e+01,0.000000000000000000e+00,3.445161626036910563e-02,-9.646452552903350686e-01,-7.169848549855111219e-01,2.816726216014507900e-01,1.068796213235618592e-04,5.737918455692796161e-05,2.450293240087520861e-09,1.000000000000000000e+00
1.000000000000000000e+00,6.017112350463867188e+01,2.470514678955078125e+01,1.548333358764648438e+01,0.000000000000000000e+00,0.000000000000000000e+00,0.000000000000000000e+00,3.445161626036910563e-02,-9.646452552903350686e-01,0.000000000000000000e+00,1.068796213235618592e-04,1.142325345426797867e-08,1.000000000000000000e+00
1.000000000000000000e+00,6.017108917236328125e+01,2.470535087585449219e+01,1.548333358764648438e+01,0.000000000000000000e+00,-1.439396273445270324e-01,8.556411181035773472e-01,0.000000000000000000e+00,0.000000000000000000e+00,2.069539187739404278e-04,0.000000000000000000e+00,4.282992449589072996e-08,1.000000000000000000e+00
1.000000000000000000e+00,6.017098999023437500e+01,2.470544052124023438e+01,1.548333358764648438e+01,0.000000000000000000e+00,-5.249745072379284894e-01,4.744961892342815513e-01,-1.439396273445270324e-01,8.556411181035773472e-01,1.336913979253773188e-04,2.069539187739404278e-04,5.367396961086144389e-09,1.000000000000000000e+00
1.000000000000000000e+00,6.017091369628906250e+01,2.470537185668945312e+01,1.548333358764648438e+01,0.000000000000000000e+00,-5.259529594405274455e-01,-4.733576634964746788e-01,-5.249745072379284894e-01,4.744961892342815513e-01,1.026430057302376545e-04,1.336913979253773188e-04,9.640026579032096857e-10,1.000000000000000000e+00
1.000000000000000000e+00,6.017147827148437500e+01,2.470521736145019531e+01,1.610000038146972656e+01,0.000000000000000000e+00,0.000000000000000000e+00,0.000000000000000000e+00,-5.259529594405274455e-01,-4.733576634964746788e-01,0.000000000000000000e+00,1.026430057302376545e-04,1.053558662533760071e-08,1.000000000000000000e+00
1.000000000000000000e+00,6.017088699340820312e+01,2.470534133911132812e+01,1.610000038146972656e+01,0.000000000000000000e+00,-8.265511064462676138e-01,1.733091029645399961e-01,0.000000000000000000e+00,0.000000000000000000e+00,6.041359315762274019e-04,0.000000000000000000e+00,3.649802238214761019e-07,1.000000000000000000e+00
1.000000000000000000e+00,6.017087173461914062e+01,2.470522308349609375e+01,1.610000038146972656e+01,0.000000000000000000e+00,-1.142001803083806805e-01,-8.850513973899503117e-01,-8.265511064462676138e-01,1.733091029645399961e-01,1.192359894415877096e-04,6.041359315762274019e-04,2.351279538821769012e-07,1.000000000000000000e+00
1.000000000000000000e+00,6.017093658447265625e+01,2.470551490783691406e+01,1.610000038146972656e+01,0.000000000000000000e+00,1.817672201217629957e-01,8.179524905479335084e-01,-1.142001803083806805e-01,-8.850513973899503117e-01,2.989430537681180781e-04,1.192359894415877096e-04,3.229462896885971698e-08,1.000000000000000000e+00
1.000000000000000000e+00,6.017091751098632812e+01,2.470560455322265625e+01,1.610000038146972656e+01,0.000000000000000000e+00,-1.752773757460085458e-01,8.238036660062402206e-01,1.817672201217629957e-01,8.179524905479335084e-01,9.165202161204500817e-05,2.989430537681180781e-04,4.296957201233012248e-08,1.000000000000000000e+00
1.000000000000000000e+00,6.017092895507812500e+01,2.470564079284667969e+01,1.610000038146972656e+01,0.000000000000000000e+00,2.394977368421859210e-01,7.584095000002554210e-01,-1.752773757460085458e-01,8.238036660062402206e-01,3.800365227731948011e-05,9.165202161204500817e-05,2.878147532275118493e-09,1.000000000000000000e+00
1.000000000000000000e+00,6.017095184326171875e+01,2.470550727844238281e+01,1.611666679382324219e+01,0.000000000000000000e+00,1.462479560385664124e-01,-8.531130768916374008e-01,2.394977368421859210e-01,7.584095000002554210e-01,1.354620430340934989e-04,3.800365227731948011e-05,9.498137928900057120e-09,1.000000000000000000e+00
1.000000000000000000e+00,6.017098236083984375e+01,2.470539283752441406e+01,1.611666679382324219e+01,0.000000000000000000e+00,2.103811837762109560e-01,-7.889294391607911683e-01,1.462479560385664124e-01,-8.531130768916374008e-01,1.184400535298158586e-04,1.354620430340934989e-04,2.897481266837381612e-10,1.000000000000000000e+00
1.000000000000000000e+00,6.017097473144531250e+01,2.470537948608398438e+01,1.611666679382324219e+01,0.000000000000000000e+00,-3.619114017726131061e-01,-6.333449531020729495e-01,2.103811837762109560e-01,-7.889294391607911683e-01,1.537753629359922243e-05,1.184400535298158586e-04,1.062188245906545168e-08,1.000000000000000000e+00
1.000000000000000000e+00,6.017104339599609375e+01,2.470535087585449219e+01,1.611666679382324219e+01,0.000000000000000000e+00,7.051574400315309132e-01,-2.938156000131378343e-01,-3.619114017726131061e-01,-6.333449531020729495e-01,7.438659667968750000e-05,1.537753629359922243e-05,3.482069207649012645e-09,1.000000000000000000e+00
1.000000000000000000e+00,6.017089080810546875e+01,2.470549774169921875e+01,1.611666679382324219e+01,0.000000000000000000e+00,-5.093840357087173754e-01,4.902821343696405210e-01,7.051574400315309132e-01,-2.938156000131378343e-01,2.117844203727784337e-04,7.438659667968750000e-05,1.887816195559769983e-08,1.000000000000000000e+00
1.000000000000000000e+00,6.017113494873046875e+01,2.470530509948730469e+01,1.613333320617675781e+01,0.000000000000000000e+00,5.588240241353861215e-01,-4.409470815443280456e-01,-5.093840357087173754e-01,4.902821343696405210e-01,3.109914252620692024e-04,2.117844203727784337e-04,9.842029819103762011e-09,1.000000000000000000e+00
1.000000000000000000e+00,6.017105865478515625e+01,2.470541763305664062e+01,1.613333320617675781e+01,0.000000000000000000e+00,-4.038265440291757824e-01,5.956441524430342582e-01,5.588240241353861215e-01,-4.409470815443280456e-01,1.359579726196039962e-04,3.109914252620692024e-04,3.063670954394210725e-08,1.000000000000000000e+00
1.000000000000000000e+00,6.017087173461914062e+01,2.470551681518554688e+01,1.613333320617675781e+01,0.000000000000000000e+00,-6.531050565707338107e-01,3.465455402212056502e-01,-4.038265440291757824e-01,5.956441524430342582e-01,2.116039771783243277e-04,1.359579726196039962e-04,5.722318005697937209e-09,1.000000000000000000e+00
1.000000000000000000e+00,6.017100143432617188e+01,2.470544815063476562e+01,1.613333320617675781e+01,0.000000000000000000e+00,6.535167009960271001e-01,-3.459794299390731576e-01,-6.531050565707338107e-01,3.465455402212056502e-01,1.467543339666087601e-04,2.116039771783243277e-04,4.205476224686807370e-09,1.000000000000000000e+00
1.000000000000000000e+00,6.017084121704101562e+01,2.470545959472656250e+01,1.613333320617675781e+01,0.000000000000000000e+00,-9.327899438066016291e-01,6.662785312904297153e-02,6.535167009960271001e-01,-3.459794299390731576e-01,1.606254827226814223e-04,1.467543339666087601e-04,1.924087678130961599e-10,1.000000000000000000e+00
1.000000000000000000e+00,6.017088317871093750e+01,2.470552444458007812e+01,1.613333320617675781e+01,0.000000000000000000e+00,3.924896828021125494e-01,6.065749643305375916e-01,-9.327899438066016291e-01,6.662785312904297153e-02,7.724173252607950918e-05,1.606254827226814223e-04,6.952849796849309964e-09,1.000000000000000000e+00
1.000000000000000000e+00,6.017087554931640625e+01,2.470564270019531250e+01,1.614999961853027344e+01,0.000000000000000000e+00,-6.055795483481146019e-02,9.386482999395776572e-01,3.924896828021125494e-01,6.065749643305375916e-01,1.185014691696858720e-04,7.724173252607950918e-05,1.702365867899753675e-09,1.000000000000000000e+00
1.000000000000000000e+00,6.017081069946289062e+01,2.470563316345214844e+01,1.614999961853027344e+01,0.000000000000000000e+00,-8.706244667681206639e-01,-1.280330098188412757e-01,-6.055795483481146019e-02,9.386482999395776572e-01,6.554733382201988678e-05,1.185014691696858720e-04,2.804140450418928036e-09,1.000000000000000000e+00
1.000000000000000000e+00,6.017076492309570312e+01,2.470574378967285156e+01,1.614999961853027344e+01,0.000000000000000000e+00,-2.924959120771328247e-01,7.068651208530709606e-01,-8.706244667681206639e-01,-1.280330098188412757e-01,1.197231660955445502e-04,6.554733382201988678e-05,2.935020802529076506e-09,1.000000000000000000e+00
1.000000000000000000e+00,6.017092514038085938e+01,2.470560836791992188e+01,1.614999961853027344e+01,0.000000000000000000e+00,5.417522360023810934e-01,-4.579096280496317006e-01,-2.924959120771328247e-01,7.068651208530709606e-01,2.097823386974901033e-04,1.197231660955445502e-04,8.110654569747020247e-09,1.000000000000000000e+00
1.000000000000000000e+00,6.017090606689453125e+01,2.470571517944335938e+01,1.614999961853027344e+01,0.000000000000000000e+00,-1.513948870870286678e-01,8.478113676873604287e-01,5.417522360023810934e-01,-4.579096280496317006e-01,1.085011493936759343e-04,2.097823386974901033e-04,1.025787930679504175e-08,1.000000000000000000e+00
1.000000000000000000e+00,6.017089462280273438e+01,2.470570373535156250e+01,1.614999961853027344e+01,0.000000000000000000e+00,-4.978249695198365687e-01,-4.978249695198365687e-01,-1.513948870870286678e-01,8.478113676873604287e-01,1.618438982818330677e-05,1.085011493936759343e-04,8.522384096672975512e-09,1.000000000000000000e+00
1.000000000000000000e+00,6.017086410522460938e+01,2.470551300048828125e+01,1.626666641235351562e+01,0.000000000000000000e+00,0.000000000000000000e+00,0.000000000000000000e+00,-4.978249695198365687e-01,-4.978249695198365687e-01,0.000000000000000000e+00,1.618438982818330677e-05,2.619344741106032808e-10,1.000000000000000000e+00
1.000000000000000000e+00,6.017090225219726562e+01,2.470558166503906250e+01,1.628333282470703125e+01,0.000000000000000000e+00,3.568088025473750702e-01,6.422558445852750708e-01,0.000000000000000000e+00,0.000000000000000000e+00,7.854942429341889038e-05,0.000000000000000000e+00,6.170012056827545993e-09,1.000000000000000000e+00
1.000000000000000000e+00,6.017096328735351562e+01,2.470560455322265625e+01,1.628333282470703125e+01,0.000000000000000000e+00,7.264071669074464443e-01,2.724026875902924028e-01,3.568088025473750702e-01,6.422558445852750708e-01,6.518557544950508403e-05,7.854942429341889038e-05,1.785924559229763759e-10,1.000000000000000000e+00
1.000000000000000000e+00,6.017096328735351562e+01,2.470553779602050781e+01,1.628333282470703125e+01,0.000000000000000000e+00,0.000000000000000000e+00,-9.985042748307357829e-01,7.264071669074464443e-01,2.724026875902924028e-01,6.675720214843750000e-05,6.518557544950508403e-05,2.470010480797202998e-12,1.000000000000000000e+00
1.000000000000000000e+00,6.017207717895507812e+01,2.471049880981445312e+01,8.533333778381347656e+00,1.000000000000000000e+00,0.000000000000000000e+00,0.000000000000000000e+00,0.000000000000000000e+00,-9.985042748307357829e-01,0.000000000000000000e+00,6.675720214843750000e-05,4.456524038687348366e-09,0.000000000000000000e+00
1.000000000000000000e+00,6.017354965209960938e+01,2.471088409423828125e+01,8.550000190734863281e+00,1.000000000000000000e+00,7.925651404114644194e-01,2.073810341491137410e-01,0.000000000000000000e+00,0.000000000000000000e+00,1.522045087574713622e-03,0.000000000000000000e+00,2.316621248610317707e-06,0.000000000000000000e+00
1.000000000000000000e+00,6.017478942871093750e+01,2.471042060852050781e+01,8.550000190734863281e+00,1.000000000000000000e+00,7.278408064724810611e-01,-2.721004861120198681e-01,7.925651404114644194e-01,2.073810341491137410e-01,1.323580392940378785e-03,1.522045087574713622e-03,3.938823501629977316e-08,0.000000000000000000e+00
1.000000000000000000e+00,6.017544937133789062e+01,2.471095657348632812e+01,8.550000190734863281e+00,1.000000000000000000e+00,5.517879910969256674e-01,4.481283973937459364e-01,7.278408064724810611e-01,-2.721004861120198681e-01,8.501662869442426365e-04,1.323580392940378785e-03,2.241209157561208299e-07,0.000000000000000000e+00
1.000000000000000000e+00,6.017631149291992188e+01,2.471347808837890625e+01,8.550000190734863281e+00,1.000000000000000000e+00,2.547839019085477164e-01,7.451865449626108306e-01,5.517879910969256674e-01,4.481283973937459364e-01,2.664824755156957464e-03,8.501662869442426365e-04,3.292985356256116813e-06,0.000000000000000000e+00
1.000000000000000000e+00,6.017670440673828125e+01,2.471633529663085938e+01,8.550000190734863281e+00,1.000000000000000000e+00,1.208882992790697025e-01,8.790809335924583134e-01,2.547839019085477164e-01,7.451865449626108306e-01,2.884097824916272840e-03,2.664824755156957464e-03,4.808067912167358870e-08,0.000000000000000000e+00
1.000000000000000000e+00,6.017594528198242188e+01,2.471861648559570312e+01,8.550000190734863281e+00,1.000000000000000000e+00,-2.496781114656396461e-01,7.502889982736307140e-01,1.208882992790697025e-01,8.790809335924583134e-01,2.404182498955404704e-03,2.884097824916272840e-03,2.303187200921263236e-07,0.000000000000000000e+00
1.000000000000000000e+00,6.017491531372070312e+01,2.472027015686035156e+01,8.566666603088378906e+00,1.000000000000000000e+00,-3.837810084024638746e-01,6.161817301572892758e-01,-2.496781114656396461e-01,7.502889982736307140e-01,1.948194875178534558e-03,2.404182498955404704e-03,2.079247130376764707e-07,0.000000000000000000e+00
1.000000000000000000e+00,6.017397689819335938e+01,2.472196388244628906e+01,8.566666603088378906e+00,1.000000000000000000e+00,-3.565081947124355555e-01,6.434538148468349483e-01,-3.837810084024638746e-01,6.161817301572892758e-01,1.936318688237857136e-03,1.948194875178534558e-03,1.410438162499169485e-10,0.000000000000000000e+00
1.000000000000000000e+00,6.017273330688476562e+01,2.472248840332031250e+01,8.566666603088378906e+00,1.000000000000000000e+00,-7.033043436863276598e-01,2.966391020149388158e-01,-3.565081947124355555e-01,6.434538148468349483e-01,1.349681995914677043e-03,1.936318688237857136e-03,3.441426087798814398e-07,0.000000000000000000e+00
1.000000000000000000e+00,6.017238998413085938e+01,2.472337722778320312e+01,8.566666603088378906e+00,1.000000000000000000e+00,-2.786151587330740198e-01,7.213036887200693359e-01,-7.033043436863276598e-01,2.966391020149388158e-01,9.528270772719357610e-04,1.349681995914677043e-03,1.574938264509368076e-07,0.000000000000000000e+00
1.000000000000000000e+00,6.017251205444335938e+01,2.472519493103027344e+01,8.566666603088378906e+00,1.000000000000000000e+00,6.292694278849747525e-02,9.370215074599701488e-01,-2.786151587330740198e-01,7.213036887200693359e-01,1.821797534196323677e-03,9.528270772719357610e-04,7.551096550073795189e-07,0.000000000000000000e+00
1.000000000000000000e+00,6.017273712158203125e+01,2.472703361511230469e+01,8.566666603088378906e+00,1.000000000000000000e+00,1.090520171290243617e-01,8.908995297659277890e-01,6.292694278849747525e-02,9.370215074599701488e-01,1.852407722512796479e-03,1.821797534196323677e-03,9.369836287699278805e-10,0.000000000000000000e+00
1.000000000000000000e+00,6.017300033569335938e+01,2.472870063781738281e+01,8.583333015441894531e+00,1.000000000000000000e+00,1.363565721230745875e-01,8.635916234461389340e-01,1.090520171290243617e-01,8.908995297659277890e-01,1.687674840616000755e-03,1.852407722512796479e-03,2.713692237802364927e-08,0.000000000000000000e+00
1.000000000000000000e+00,6.017357635498046875e+01,2.472969627380371094e+01,8.583333015441894531e+00,1.000000000000000000e+00,3.664815361806260663e-01,6.334548406830688982e-01,1.363565721230745875e-01,8.635916234461389340e-01,1.150256161206524800e-03,1.687674840616000755e-03,2.888188369782250904e-07,0.000000000000000000e+00
1.000000000000000000e+00,6.017425537109375000e+01,2.472925758361816406e+01,8.583333015441894531e+00,1.000000000000000000e+00,6.074541841400521447e-01,-3.924563549219438063e-01,3.664815361806260663e-01,6.334548406830688982e-01,8.084008665202722281e-04,1.150256161206524800e-03,1.168650425050245894e-07,0.000000000000000000e+00
1.000000000000000000e+00,6.017512893676757812e+01,2.472919464111328125e+01,8.583333015441894531e+00,1.000000000000000000e+00,9.326906316688602372e-01,-6.720260009841132198e-02,6.074541841400521447e-01,-3.924563549219438063e-01,8.758303177052670103e-04,8.084008665202722281e-04,4.546730887109594065e-09,0.000000000000000000e+00
1.000000000000000000e+00,6.017616271972656250e+01,2.472938919067382812e+01,8.583333015441894531e+00,1.000000000000000000e+00,8.415463955471073065e-01,1.583721999000091141e-01,9.326906316688602372e-01,-6.720260009841132198e-02,1.051930006129434599e-03,8.758303177052670103e-04,3.101110026308890756e-08,0.000000000000000000e+00
1.000000000000000000e+00,6.017700195312500000e+01,2.472993469238281250e+01,8.583333015441894531e+00,1.000000000000000000e+00,6.060168419617026903e-01,3.939109472751067265e-01,8.415463955471073065e-01,1.583721999000091141e-01,1.000941962132585175e-03,1.051930006129434599e-03,2.599780630624652476e-09,0.000000000000000000e+00
1.000000000000000000e+00,6.017727279663085938e+01,2.473206520080566406e+01,8.600000381469726562e+00,1.000000000000000000e+00,1.127832302705137485e-01,8.871751282546750383e-01,6.060168419617026903e-01,3.939109472751067265e-01,2.147655080432528309e-03,1.000941962132585175e-03,1.314950975681179286e-06,0.000000000000000000e+00
1.000000000000000000e+00,6.017739105224609375e+01,2.473406410217285156e+01,8.600000381469726562e+00,1.000000000000000000e+00,5.585321773226861741e-02,9.440995513454436550e-01,1.127832302705137485e-01,8.871751282546750383e-01,2.002396330969101121e-03,2.147655080432528309e-03,2.110010429567870807e-08,0.000000000000000000e+00
1.000000000000000000e+00,6.017750549316406250e+01,2.473593521118164062e+01,8.600000381469726562e+00,1.000000000000000000e+00,5.763398493691694602e-02,9.423156537185921611e-01,5.585321773226861741e-02,9.440995513454436550e-01,1.874605464218302795e-03,2.002396330969101121e-03,1.633050562492029199e-08,0.000000000000000000e+00
1.000000000000000000e+00,6.017752838134765625e+01,2.473790550231933594e+01,8.600000381469726562e+00,1.000000000000000000e+00,1.148267748995063751e-02,9.884671539265840190e-01,5.763398493691694602e-02,9.423156537185921611e-01,1.970424075225663072e-03,1.874605464218302795e-03,9.181206215379824559e-09,0.000000000000000000e+00
1.000000000000000000e+00,6.017763137817382812e+01,2.473994827270507812e+01,8.600000381469726562e+00,1.000000000000000000e+00,4.799776314211180034e-02,9.519556356518841245e-01,1.148267748995063751e-02,9.884671539265840190e-01,2.045365296240934504e-03,1.970424075225663072e-03,5.616186607259760957e-09,0.000000000000000000e+00
1.000000000000000000e+00,6.017784881591796875e+01,2.474070358276367188e+01,8.600000381469726562e+00,1.000000000000000000e+00,2.235064349525944516e-01,7.763907740458543261e-01,4.799776314211180034e-02,9.519556356518841245e-01,7.859850235149891135e-04,2.045365296240934504e-03,1.586038671331276627e-06,0.000000000000000000e+00
1.000000000000000000e+00,6.017802810668945312e+01,2.474138450622558594e+01,8.616666793823242188e+00,1.000000000000000000e+00,2.084014939240695363e-01,7.914822694775832668e-01,2.235064349525944516e-01,7.763907740458543261e-01,7.041320484997783038e-04,7.859850235149891135e-04,6.699909518840724785e-09,0.000000000000000000e+00
1.000000000000000000e+00,6.017912292480468750e+01,2.474234580993652344e+01,8.616666793823242188e+00,1.000000000000000000e+00,5.324416370351578998e-01,4.675097300796508537e-01,2.084014939240695363e-01,7.914822694775832668e-01,1.456959687193697854e-03,7.041320484997783038e-04,5.667494535814626448e-07,0.000000000000000000e+00
1.000000000000000000e+00,6.018061065673828125e+01,2.474362564086914062e+01,8.616666793823242188e+00,1.000000000000000000e+00,5.375408803423106230e-01,4.624229880893467315e-01,5.324416370351578998e-01,4.675097300796508537e-01,1.962476374970760929e-03,1.456959687193697854e-03,2.555471216210926467e-07,0.000000000000000000e+00
1.000000000000000000e+00,6.018148040771484375e+01,2.474563598632812500e+01,8.616666793823242188e+00,1.000000000000000000e+00,3.019762700308171177e-01,6.979890101150904025e-01,5.375408803423106230e-01,4.624229880893467315e-01,2.190423617862654205e-03,1.962476374970760929e-03,5.195994554201578977e-08,0.000000000000000000e+00
1.000000000000000000e+00,6.018178558349609375e+01,2.474806976318359375e+01,8.616666793823242188e+00,1.000000000000000000e+00,1.114165449611751735e-01,8.885469460653719898e-01,3.019762700308171177e-01,6.979890101150904025e-01,2.452835510114142331e-03,2.190423617862654205e-03,6.886000119500661132e-08,0.000000000000000000e+00
1.000000000000000000e+00,6.018162536621093750e+01,2.475036811828613281e+01,8.616666793823242188e+00,1.000000000000000000e+00,-6.516414547870405527e-02,9.347951821647427773e-01,1.114165449611751735e-01,8.885469460653719898e-01,2.303932671722457894e-03,2.452835510114142331e-03,2.217205528110009202e-08,0.000000000000000000e+00
1.000000000000000000e+00,6.018138504028320312e+01,2.475229835510253906e+01,8.633333206176757812e+00,1.000000000000000000e+00,-1.107154616179314016e-01,8.892384695027506503e-01,-6.516414547870405527e-02,9.347951821647427773e-01,1.945140282589285022e-03,2.303932671722457894e-03,1.287319784998901428e-07,0.000000000000000000e+00
1.000000000000000000e+00,6.018119812011718750e+01,2.475389480590820312e+01,8.633333206176757812e+00,1.000000000000000000e+00,-1.048069573229902657e-01,8.951369722381924410e-01,-1.107154616179314016e-01,8.892384695027506503e-01,1.607356314999491007e-03,1.945140282589285022e-03,1.140980087607030147e-07,0.000000000000000000e+00
1.000000000000000000e+00,6.018058776855468750e+01,2.475326347351074219e+01,8.633333206176757812e+00,1.000000000000000000e+00,-4.915118749957115285e-01,-5.084075956986890965e-01,-1.048069573229902657e-01,8.951369722381924410e-01,8.781284791703128497e-04,1.607356314999491007e-03,5.317732365481068036e-07,0.000000000000000000e+00
1.000000000000000000e+00,6.018154144287109375e+01,2.475112915039062500e+01,8.633333206176757812e+00,1.000000000000000000e+00,3.088226119833482608e-01,-6.911450056187334878e-01,-4.915118749957115285e-01,-5.084075956986890965e-01,2.337697560173191812e-03,8.781284791703128497e-04,2.130341902219588124e-06,0.000000000000000000e+00
1.000000000000000000e+00,6.018313980102539062e+01,2.474990272521972656e+01,8.633333206176757812e+00,1.000000000000000000e+00,5.658138656704926328e-01,-4.341507346373827958e-01,3.088226119833482608e-01,-6.911450056187334878e-01,2.014663120529230130e-03,2.337697560173191812e-03,1.043512491960883216e-07,0.000000000000000000e+00
1.000000000000000000e+00,6.018484115600585938e+01,2.474931144714355469e+01,8.633333206176757812e+00,1.000000000000000000e+00,7.420641384922594952e-01,-2.578922454401350040e-01,5.658138656704926328e-01,-4.341507346373827958e-01,1.801171433519678771e-03,2.014663120529230130e-03,4.557870042218424072e-08,0.000000000000000000e+00
1.000000000000000000e+00,6.018665695190429688e+01,2.474898719787597656e+01,8.649999618530273438e+00,1.000000000000000000e+00,8.484452023495322459e-01,-1.515080718481307542e-01,7.420641384922594952e-01,-2.578922454401350040e-01,1.844519539692490761e-03,1.801171433519678771e-03,1.879058308769381112e-09,0.000000000000000000e+00
1.000000000000000000e+00,6.018868255615234375e+01,2.474817848205566406e+01,8.649999618530273438e+00,1.000000000000000000e+00,7.146450417348828577e-01,-2.853196776794635903e-01,8.484452023495322459e-01,-1.515080718481307542e-01,2.181076304884647151e-03,1.844519539692490761e-03,1.132704561966082925e-07,0.000000000000000000e+00
1.000000000000000000e+00,6.019195175170898438e+01,2.474509429931640625e+01,8.649999618530273438e+00,1.000000000000000000e+00,5.145520932606463260e-01,-4.854321673293261474e-01,7.146450417348828577e-01,-2.853196776794635903e-01,4.494421292746668233e-03,2.181076304884647151e-03,5.351565032866334215e-06,0.000000000000000000e+00
1.000000000000000000e+00,6.019236755371093750e+01,2.474482917785644531e+01,8.649999618530273438e+00,1.000000000000000000e+00,6.105545920319476183e-01,-3.892985701488106409e-01,5.145520932606463260e-01,-4.854321673293261474e-01,4.931335451579476302e-04,4.494421292746668233e-03,1.601030363900362023e-05,0.000000000000000000e+00
1.000000000000000000e+00,6.019445037841796875e+01,2.474357604980468750e+01,8.649999618530273438e+00,1.000000000000000000e+00,6.243380598654814095e-01,-3.756319645893967940e-01,6.105545920319476183e-01,-3.892985701488106409e-01,2.430738298197101990e-03,4.931335451579476302e-04,3.754312178999922519e-06,0.000000000000000000e+00
1.000000000000000000e+00,6.019647598266601562e+01,2.474380874633789062e+01,8.649999618530273438e+00,1.000000000000000000e+00,8.969197428836016561e-01,1.030359779960446365e-01,6.243380598654814095e-01,-3.756319645893967940e-01,2.038926248364638250e-03,2.430738298197101990e-03,1.535166823939170615e-07,0.000000000000000000e+00
1.000000000000000000e+00,6.019800567626953125e+01,2.474505615234375000e+01,8.666666984558105469e+00,1.000000000000000000e+00,5.508043420256270029e-01,4.491596504797506495e-01,8.969197428836016561e-01,1.030359779960446365e-01,1.973824780493612339e-03,2.038926248364638250e-03,4.238201118962218925e-09,0.000000000000000000e+00
1.000000000000000000e+00,6.019974899291992188e+01,2.474657058715820312e+01,8.666666984558105469e+00,1.000000000000000000e+00,5.351123798009730370e-01,4.648569251225083132e-01,5.508043420256270029e-01,4.491596504797506495e-01,2.309256536367681155e-03,1.973824780493612339e-03,1.125144628487609003e-07,0.000000000000000000e+00
1.000000000000000000e+00,6.020140457153320312e+01,2.474774169921875000e+01,8.666666984558105469e+00,1.000000000000000000e+00,5.856742873143895300e-01,4.142903368790727958e-01,5.351123798009730370e-01,4.648569251225083132e-01,2.027916172604926712e-03,2.309256536367681155e-03,7.915240028215899783e-08,0.000000000000000000e+00
1.000000000000000000e+00,6.020297241210937500e+01,2.474892044067382812e+01,8.666666984558105469e+00,1.000000000000000000e+00,5.708125506825991735e-01,4.291510417540709277e-01,5.856742873143895300e-01,4.142903368790727958e-01,1.961518669350524428e-03,2.027916172604926712e-03,4.408628438418361997e-09,0.000000000000000000e+00
1.000000000000000000e+00,6.020434951782226562e+01,2.475071144104003906e+01,8.666666984558105469e+00,1.000000000000000000e+00,4.346641848756074844e-01,5.653042515210463526e-01,5.708125506825991735e-01,4.291510417540709277e-01,2.259226074620180290e-03,1.961518669350524428e-03,8.862969915239111388e-08,0.000000000000000000e+00
1.000000000000000000e+00,6.020554733276367188e+01,2.475429916381835938e+01,8.666666984558105469e+00,1.000000000000000000e+00,2.502936936636084297e-01,7.496854104796935037e-01,4.346641848756074844e-01,5.653042515210463526e-01,3.782395453668809578e-03,2.259226074620180290e-03,2.320044957271386971e-06,0.000000000000000000e+00
1.000000000000000000e+00,6.020594406127929688e+01,2.475824928283691406e+01,8.683333396911621094e+00,1.000000000000000000e+00,9.126600045331961786e-02,9.087109948981968444e-01,2.502936936636084297e-01,7.496854104796935037e-01,3.969991659419130382e-03,3.782395453668809578e-03,3.519233641191669786e-08,0.000000000000000000e+00
1.000000000000000000e+00,6.020603942871093750e+01,2.476553726196289062e+01,8.683333396911621094e+00,1.000000000000000000e+00,1.291638408924873638e-02,9.870700721003884404e-01,9.126600045331961786e-02,9.087109948981968444e-01,7.288603068331258455e-03,3.969991659419130382e-03,1.101318168336173941e-05,0.000000000000000000e+00
1.000000000000000000e+00,6.020597839355468750e+01,2.477059936523437500e+01,8.683333396911621094e+00,1.000000000000000000e+00,-1.191339366904914376e-02,9.880670874267634129e-01,1.291638408924873638e-02,9.870700721003884404e-01,5.062471216853610401e-03,7.288603068331258455e-03,4.955663020163301120e-06,0.000000000000000000e+00
1.000000000000000000e+00,6.020598983764648438e+01,2.477513885498046875e+01,8.683333396911621094e+00,1.000000000000000000e+00,2.514613647034376342e-03,9.974634133236359723e-01,-1.191339366904914376e-02,9.880670874267634129e-01,4.539504171396624085e-03,5.062471216853610401e-03,2.734945306340095780e-07,0.000000000000000000e+00
1.000000000000000000e+00,6.020616149902343750e+01,2.477933883666992188e+01,8.683333396911621094e+00,1.000000000000000000e+00,3.926611750636058856e-02,9.607110083222891728e-01,2.514613647034376342e-03,9.974634133236359723e-01,4.203488291892694927e-03,4.539504171396624085e-03,1.129066712787990458e-07,0.000000000000000000e+00
1.000000000000000000e+00,6.020654296875000000e+01,2.478353309631347656e+01,8.683333396911621094e+00,1.000000000000000000e+00,8.336624810656576012e-02,9.166118979316905113e-01,3.926611750636058856e-02,9.607110083222891728e-01,4.211571335004924733e-03,4.203488291892694927e-03,6.533558595416571749e-11,0.000000000000000000e+00
1.000000000000000000e+00,6.020708084106445312e+01,2.478766059875488281e+01,8.699999809265136719e+00,1.000000000000000000e+00,1.152877986913573016e-01,8.846907672627559727e-01,8.336624810656576012e-02,9.166118979316905113e-01,4.162401113596539762e-03,4.211571335004924733e-03,2.417710673349599860e-09,0.000000000000000000e+00
1.000000000000000000e+00,6.020756149291992188e+01,2.479177474975585938e+01,8.699999809265136719e+00,1.000000000000000000e+00,1.046054444425381508e-01,8.953727923117252852e-01,1.152877986913573016e-01,8.846907672627559727e-01,4.142132864238181646e-03,4.162401113596539762e-03,4.108019320525842041e-10,0.000000000000000000e+00
1.000000000000000000e+00,6.020789337158203125e+01,2.479600143432617188e+01,8.699999809265136719e+00,1.000000000000000000e+00,7.280175024752996715e-02,9.271763134972781373e-01,1.046054444425381508e-01,8.953727923117252852e-01,4.239694081331962447e-03,4.142132864238181646e-03,9.518191080819826606e-09,0.000000000000000000e+00
1.000000000000000000e+00,6.020815277099609375e+01,2.480069160461425781e+01,8.699999809265136719e+00,1.000000000000000000e+00,5.240741901422350107e-02,9.475723776174674873e-01,7.280175024752996715e-02,9.271763134972781373e-01,4.697338117195747585e-03,4.239694081331962447e-03,2.094380635616934506e-07,0.000000000000000000e+00
1.000000000000000000e+00,6.020832824707031250e+01,2.480575180053710938e+01,8.699999809265136719e+00,1.000000000000000000e+00,3.351484257086404656e-02,9.664660580489382591e-01,5.240741901422350107e-02,9.475723776174674873e-01,5.063237564075657657e-03,4.697338117195747585e-03,1.338824052270241205e-07,0.000000000000000000e+00
1.000000000000000000e+00,6.020840072631835938e+01,2.481087493896484375e+01,8.699999809265136719e+00,1.000000000000000000e+00,1.394980492968696771e-02,9.860309484510314526e-01,3.351484257086404656e-02,9.664660580489382591e-01,5.123651099667705412e-03,5.063237564075657657e-03,3.649795282731620887e-09,0.000000000000000000e+00
1.000000000000000000e+00,6.020892333984375000e+01,2.481584358215332031e+01,8.716666221618652344e+00,1.000000000000000000e+00,9.517020157712245687e-02,9.048115879868758871e-01,1.394980492968696771e-02,9.860309484510314526e-01,4.996052444812379596e-03,5.123651099667705412e-03,1.628141672088856122e-08,0.000000000000000000e+00
1.000000000000000000e+00,6.020923233032226562e+01,2.482236862182617188e+01,8.716666221618652344e+00,1.000000000000000000e+00,4.521284664937359060e-02,9.547725209105374367e-01,9.517020157712245687e-02,9.048115879868758871e-01,6.532351632306710072e-03,4.996052444812379596e-03,2.360215193495739824e-06,0.000000000000000000e+00
1.000000000000000000e+00,6.020919799804687500e+01,2.482284927368164062e+01,8.716666221618652344e+00,1.000000000000000000e+00,-6.665372379720660434e-02,9.331521331608924053e-01,4.521284664937359060e-02,9.547725209105374367e-01,4.818764481680442940e-04,6.532351632306710072e-03,3.660824995387781906e-05,0.000000000000000000e+00
1.000000000000000000e+00,6.020869827270507812e+01,2.482805061340332031e+01,8.716666221618652344e+00,1.000000000000000000e+00,-8.765319653666424349e-02,9.123292631888678672e-01,-6.665372379720660434e-02,9.331521331608924053e-01,5.225290452937227277e-03,4.818764481680442940e-04,2.249997642064041975e-05,0.000000000000000000e+00
1.000000000000000000e+00,6.020807266235351562e+01,2.483259391784667969e+01,8.716666221618652344e+00,1.000000000000000000e+00,-1.210308688180018050e-01,8.789497851356107283e-01,-8.765319653666424349e-02,9.123292631888678672e-01,4.586175266715304850e-03,5.225290452937227277e-03,4.084682212594825707e-07,0.000000000000000000e+00
1.000000000000000000e+00,6.020768356323242188e+01,2.483513641357421875e+01,8.716666221618652344e+00,1.000000000000000000e+00,-1.327215625034117441e-01,8.672443275345482760e-01,-1.210308688180018050e-01,8.789497851356107283e-01,2.572096936468436495e-03,4.586175266715304850e-03,4.056511520370013115e-06,0.000000000000000000e+00
1.000000000000000000e+00,6.020758438110351562e+01,2.483561515808105469e+01,8.733333587646484375e+00,1.000000000000000000e+00,-1.715874715339024692e-01,8.282395260578754304e-01,-1.327215625034117441e-01,8.672443275345482760e-01,4.889104187067003400e-04,2.572096936468436495e-03,4.339666067784268628e-06,0.000000000000000000e+00
1.000000000000000000e+00,6.020752716064453125e+01,2.483592414855957031e+01,8.733333587646484375e+00,1.000000000000000000e+00,-1.562073449809971981e-01,8.435196628973847810e-01,-1.715874715339024692e-01,8.282395260578754304e-01,3.142440082797084435e-04,4.889104187067003400e-04,3.050835493145038619e-08,0.000000000000000000e+00
1.000000000000000000e+00,6.020751953125000000e+01,2.483601188659667969e+01,8.733333587646484375e+00,1.000000000000000000e+00,-7.991620178879310643e-02,9.190363205711208350e-01,-1.562073449809971981e-01,8.435196628973847810e-01,8.806912521831661831e-05,3.142440082797084435e-04,5.115507772783426738e-08,0.000000000000000000e+00
1.000000000000000000e+00,6.020751953125000000e+01,2.483599662780761719e+01,8.733333587646484375e+00,1.000000000000000000e+00,0.000000000000000000e+00,-9.934890700306472366e-01,-7.991620178879310643e-02,9.190363205711208350e-01,1.525878906250000000e-05,8.806912521831661831e-05,5.301345051123016562e-09,0.000000000000000000e+00
1.000000000000000000e+00,6.020749664306640625e+01,2.483619308471679688e+01,8.733333587646484375e+00,1.000000000000000000e+00,-1.043002753193507520e-01,8.952440298244273009e-01,0.000000000000000000e+00,-9.934890700306472366e-01,1.977857075540525298e-04,1.525878906250000000e-05,3.331607597402185991e-08,0.000000000000000000e+00
1.000000000000000000e+00,6.020742034912109375e+01,2.483627510070800781e+01,8.733333587646484375e+00,1.000000000000000000e+00,-4.816234826355854648e-01,5.177452438332543760e-01,-1.043002753193507520e-01,8.952440298244273009e-01,1.120151280214387775e-04,1.977857075540525298e-04,7.356592313360421114e-09,0.000000000000000000e+00
1.000000000000000000e+00,6.020740127563476562e+01,2.483642578125000000e+01,8.750000000000000000e+00,1.000000000000000000e+00,-1.122933999078080114e-01,8.871178592716832956e-01,-4.816234826355854648e-01,5.177452438332543760e-01,1.518829273347355245e-04,1.120151280214387775e-04,1.589441422085304500e-09,0.000000000000000000e+00
1.000000000000000000e+00,6.020735168457031250e+01,2.483683013916015625e+01,8.750000000000000000e+00,1.000000000000000000e+00,-1.092196375859871144e-01,8.905601218549717979e-01,-1.122933999078080114e-01,8.871178592716832956e-01,4.073875221205528418e-04,1.518829273347355245e-04,6.528259795666470971e-08,0.000000000000000000e+00
1.000000000000000000e+00,6.020725631713867188e+01,2.483725738525390625e+01,8.750000000000000000e+00,1.000000000000000000e+00,-1.824468413541752432e-01,8.173618492667050761e-01,-1.092196375859871144e-01,8.905601218549717979e-01,4.377604043793397836e-04,4.073875221205528418e-04,9.225119767061345226e-10,0.000000000000000000e+00
1.000000000000000000e+00,6.020725250244140625e+01,2.483743095397949219e+01,8.750000000000000000e+00,1.000000000000000000e+00,-2.149325950748316033e-02,9.779433075904838679e-01,-1.824468413541752432e-01,8.173618492667050761e-01,1.736106402751710302e-04,4.377604043793397836e-04,6.977509787628800504e-08,0.000000000000000000e+00
1.000000000000000000e+00,6.020724105834960938e+01,2.483748817443847656e+01,8.750000000000000000e+00,1.000000000000000000e+00,-1.664242937219253260e-01,8.321214686096266577e-01,-2.149325950748316033e-02,9.779433075904838679e-01,5.835364738761274434e-05,1.736106402751710302e-04,1.328417440948266061e-08,0.000000000000000000e+00
1.000000000000000000e+00,6.020719528198242188e+01,2.483750915527343750e+01,8.750000000000000000e+00,1.000000000000000000e+00,-6.846886455982188480e-01,3.138156292325169905e-01,-1.664242937219253260e-01,8.321214686096266577e-01,5.035544884660371874e-05,5.835364738761274434e-05,6.397117990139890378e-11,0.000000000000000000e+00
1.000000000000000000e+00,6.020718383789062500e+01,2.483752441406250000e+01,8.766666412353515625e+00,1.000000000000000000e+00,-4.269724533313415948e-01,5.692966044417887561e-01,-6.846886455982188480e-01,3.138156292325169905e-01,1.907348632812500000e-05,5.035544884660371874e-05,9.785611790075074078e-10,0.000000000000000000e+00
1.000000000000000000e+00,6.020722579956054688e+01,2.483746910095214844e+01,8.766666412353515625e+00,1.000000000000000000e+00,4.309295466859355273e-01,-5.680434933587331647e-01,-4.269724533313415948e-01,5.692966044417887561e-01,6.942853822021978938e-05,1.907348632812500000e-05,2.535631251055559230e-09,0.000000000000000000e+00
1.000000000000000000e+00,6.020722198486328125e+01,2.483746147155761719e+01,8.766666412353515625e+00,1.000000000000000000e+00,-3.304458534068174247e-01,-6.608917068136348494e-01,4.309295466859355273e-01,-5.680434933587331647e-01,8.529922399520072193e-06,6.942853822021978938e-05,3.708641408877178006e-09,0.000000000000000000e+00
1.000000000000000000e+00,6.020692825317382812e+01,2.483864593505859375e+01,8.783333778381347656e+00,1.000000000000000000e+00,-1.986962356061969526e-01,8.012361189055084987e-01,-3.304458534068174247e-01,-6.608917068136348494e-01,1.220340973062300537e-03,8.529922399520072193e-06,1.468486022508432068e-06,0.000000000000000000e+00
1.000000000000000000e+00,6.020697021484375000e+01,2.483861160278320312e+01,8.783333778381347656e+00,1.000000000000000000e+00,5.492800476559364098e-01,-4.494109480821297797e-01,-1.986962356061969526e-01,8.012361189055084987e-01,5.421703492565877971e-05,1.220340973062300537e-03,1.359845039095310365e-06,0.000000000000000000e+00
1.000000000000000000e+00,6.020690917968750000e+01,2.483890151977539062e+01,8.800000190734863281e+00,1.000000000000000000e+00,-1.738635029629122808e-01,8.258516390738332991e-01,5.492800476559364098e-01,-4.494109480821297797e-01,2.962720922690978919e-04,5.421703492565877971e-05,5.859065078553559510e-08,0.000000000000000000e+00
1.000000000000000000e+00,6.020690917968750000e+01,2.483918380737304688e+01,8.800000190734863281e+00,1.000000000000000000e+00,0.000000000000000000e+00,9.996458767990167305e-01,-1.738635029629122808e-01,8.258516390738332991e-01,2.822875976562500000e-04,2.962720922690978919e-04,1.955660895767717031e-10,0.000000000000000000e+00
1.000000000000000000e+00,6.020690917968750000e+01,2.483909606933593750e+01,8.800000190734863281e+00,1.000000000000000000e+00,0.000000000000000000e+00,-9.988615410442803766e-01,0.000000000000000000e+00,9.996458767990167305e-01,8.773803710937500000e-05,2.822875976562500000e-04,3.784953150898218155e-08,0.000000000000000000e+00
1.000000000000000000e+00,6.020678710937500000e+01,2.483974456787109375e+01,8.800000190734863281e+00,1.000000000000000000e+00,-1.583952859535440738e-01,8.414749566282028193e-01,0.000000000000000000e+00,-9.988615410442803766e-01,6.598874989675510396e-04,8.773803710937500000e-05,3.273550067046004172e-07,0.000000000000000000e+00
1.000000000000000000e+00,6.020668411254882812e+01,2.484003067016601562e+01,8.816666603088378906e+00,1.000000000000000000e+00,-2.646378693827142747e-01,7.351051927297618249e-01,-1.583952859535440738e-01,8.414749566282028193e-01,3.040770779934636662e-04,6.598874989675510396e-04,1.266010556737572677e-07,0.000000000000000000e+00
1.000000000000000000e+00,6.020668792724609375e+01,2.484014701843261719e+01,8.816666603088378906e+00,1.000000000000000000e+00,3.171963456544912852e-02,9.674488542461983087e-01,-2.646378693827142747e-01,7.351051927297618249e-01,1.164107858250971106e-04,3.040770779934636662e-04,3.521863721622271521e-08,0.000000000000000000e+00
1.000000000000000000e+00,6.020669937133789062e+01,2.484012603759765625e+01,8.816666603088378906e+00,1.000000000000000000e+00,3.518560358979478386e-01,-6.450693991462377319e-01,3.171963456544912852e-02,9.674488542461983087e-01,2.389900986889203582e-05,1.164107858250971106e-04,8.558428690571082953e-09,0.000000000000000000e+00
1.000000000000000000e+00,6.020661926269531250e+01,2.484042167663574219e+01,8.816666603088378906e+00,1.000000000000000000e+00,-2.131412449761187489e-01,7.865926897928192663e-01,3.518560358979478386e-01,-6.450693991462377319e-01,3.063002374404698107e-04,2.389900986889203582e-05,7.975045333393406886e-08,0.000000000000000000e+00
1.000000000000000000e+00,6.020660018920898438e+01,2.484044647216796875e+01,8.816666603088378906e+00,1.000000000000000000e+00,-4.337937701384419475e-01,5.639319011799746040e-01,-2.131412449761187489e-01,7.865926897928192663e-01,3.128284352656693807e-05,3.063002374404698107e-04,7.563456695519482203e-08,0.000000000000000000e+00
1.000000000000000000e+00,6.020660018920898438e+01,2.484051322937011719e+01,8.816666603088378906e+00,1.000000000000000000e+00,0.000000000000000000e+00,9.985042748307357829e-01,-4.337937701384419475e-01,5.639319011799746040e-01,6.675720214843750000e-05,3.128284352656693807e-05,1.258430119633082205e-09,0.000000000000000000e+00
1.000000000000000000e+00,6.020658874511718750e+01,2.484046745300292969e+01,8.833333015441894531e+00,1.000000000000000000e+00,-1.996510844408023178e-01,-7.986043377632092710e-01,0.000000000000000000e+00,9.985042748307357829e-01,4.718519926778023098e-05,6.675720214843750000e-05,3.830632967604564594e-10,0.000000000000000000e+00
1.000000000000000000e+00,6.020627593994140625e+01,2.484224510192871094e+01,8.866666793823242188e+00,1.000000000000000000e+00,-1.496278788228711520e-01,8.503242869689995320e-01,-1.996510844408023178e-01,-7.986043377632092710e-01,1.804960603815709439e-03,4.718519926778023098e-05,3.089774372833636529e-06,0.000000000000000000e+00
1.000000000000000000e+00,6.020626831054687500e+01,2.484228897094726562e+01,8.866666793823242188e+00,1.000000000000000000e+00,-1.478610305038488837e-01,8.502009253971309910e-01,-1.496278788228711520e-01,8.503242869689995320e-01,4.452750217410565275e-05,1.804960603815709439e-03,3.099124705355477541e-06,0.000000000000000000e+00
1.000000000000000000e+00,6.020618057250976562e+01,2.484269523620605469e+01,8.883333206176757812e+00,1.000000000000000000e+00,-1.775702324548134314e-01,8.222273807146796010e-01,-1.478610305038488837e-01,8.502009253971309910e-01,4.156313554759192815e-04,4.452750217410565275e-05,1.377180699354540035e-07,0.000000000000000000e+00
1.000000000000000000e+00,6.020611572265625000e+01,2.484283447265625000e+01,8.883333206176757812e+00,1.000000000000000000e+00,-3.176013882274476563e-01,6.819088629589317163e-01,-1.775702324548134314e-01,8.222273807146796010e-01,1.535978273413714647e-04,4.156313554759192815e-04,6.866156986663885618e-08,0.000000000000000000e+00
1.000000000000000000e+00,6.020611572265625000e+01,2.484285354614257812e+01,8.883333206176757812e+00,1.000000000000000000e+00,0.000000000000000000e+00,9.947844644271442993e-01,-3.176013882274476563e-01,6.819088629589317163e-01,1.907348632812500000e-05,1.535978273413714647e-04,1.809679832504822348e-08,0.000000000000000000e+00
1.000000000000000000e+00,6.020581054687500000e+01,2.484458923339843750e+01,8.933333396911621094e+00,1.000000000000000000e+00,-1.495253837042643530e-01,8.504256198180034643e-01,0.000000000000000000e+00,9.947844644271442993e-01,1.762311694228406228e-03,1.907348632812500000e-05,3.038879449483384045e-06,0.000000000000000000e+00
1.000000000000000000e+00,6.020586013793945312e+01,2.484457206726074219e+01,8.933333396911621094e+00,1.000000000000000000e+00,7.417460327314037150e-01,-2.567582420993320680e-01,-1.495253837042643530e-01,8.504256198180034643e-01,5.247809025649110475e-05,1.762311694228406228e-03,2.923530953271587552e-06,0.000000000000000000e+00
1.000000000000000000e+00,6.020581436157226562e+01,2.484453392028808594e+01,8.933333396911621094e+00,1.000000000000000000e+00,-5.448053751805848055e-01,-4.540044793171539861e-01,7.417460327314037150e-01,-2.567582420993320680e-01,5.958747616505931073e-05,5.247809025649110475e-05,5.054336799694817509e-11,0.000000000000000000e+00
1.000000000000000000e+00,6.020574569702148438e+01,2.484492301940917969e+01,8.933333396911621094e+00,1.000000000000000000e+00,-1.499672391567154206e-01,8.498143552213873742e-01,-5.448053751805848055e-01,-4.540044793171539861e-01,3.951113090888687764e-04,5.958747616505931073e-05,1.125762424598844083e-07,0.000000000000000000e+00
1.000000000000000000e+00,6.020571899414062500e+01,2.484506797790527344e+01,8.933333396911621094e+00,1.000000000000000000e+00,-1.554649906344336141e-01,8.439528063012110559e-01,-1.499672391567154206e-01,8.498143552213873742e-01,1.473974539669926172e-04,3.951113090888687764e-04,6.136215401934185833e-08,0.000000000000000000e+00
1.000000000000000000e+00,6.020516204833984375e+01,2.484790802001953125e+01,9.000000000000000000e+00,1.000000000000000000e+00,-1.639480092097780894e-01,8.360225538128751577e-01,-1.554649906344336141e-01,8.439528063012110559e-01,2.894136803222310123e-03,1.473974539669926172e-04,7.544577052747525129e-06,0.000000000000000000e+00
1.000000000000000000e+00,6.020514678955078125e+01,2.484799766540527344e+01,9.000000000000000000e+00,1.000000000000000000e+00,-1.453160228236833051e-01,8.537316340891394351e-01,-1.639480092097780894e-01,8.360225538128751577e-01,9.093473389480756269e-05,2.894136803222310123e-03,7.857941841481991632e-06,0.000000000000000000e+00
1.000000000000000000e+00,6.020507812500000000e+01,2.484834480285644531e+01,9.000000000000000000e+00,1.000000000000000000e+00,-1.650979087833026604e-01,8.346616499600301164e-01,-1.453160228236833051e-01,8.537316340891394351e-01,3.538632935754946942e-04,9.093473389480756269e-05,6.913142749576066732e-08,0.000000000000000000e+00
1.000000000000000000e+00,6.020504760742187500e+01,2.484852790832519531e+01,9.016666412353515625e+00,1.000000000000000000e+00,-1.427903006775342598e-01,8.567418040652056144e-01,-1.650979087833026604e-01,8.346616499600301164e-01,1.856311807341985882e-04,3.538632935754946942e-04,2.830204379104658545e-08,0.000000000000000000e+00
1.000000000000000000e+00,6.020504760742187500e+01,2.484852409362792969e+01,9.016666412353515625e+00,1.000000000000000000e+00,0.000000000000000000e+00,-9.744552405423272390e-01,-1.427903006775342598e-01,8.567418040652056144e-01,3.814697265625000000e-06,1.856311807341985882e-04,3.305723366087809541e-08,0.000000000000000000e+00
1.000000000000000000e+00,6.020499801635742188e+01,2.484878540039062500e+01,9.016666412353515625e+00,1.000000000000000000e+00,-1.594579129630235848e-01,8.402205413820857949e-01,0.000000000000000000e+00,-9.744552405423272390e-01,2.659708591253905964e-04,3.814697265625000000e-06,6.872585320104361305e-08,0.000000000000000000e+00
1.000000000000000000e+00,6.020499038696289062e+01,2.484881591796875000e+01,9.016666412353515625e+00,1.000000000000000000e+00,-1.994770827960750392e-01,7.979083311843001569e-01,-1.594579129630235848e-01,8.402205413820857949e-01,3.145679951185348958e-05,2.659708591253905964e-04,5.499684415642162992e-08,0.000000000000000000e+00
1.000000000000000000e+00,6.020494842529296875e+01,2.484897994995117188e+01,9.016666412353515625e+00,1.000000000000000000e+00,-2.036048633457464563e-01,7.959099203515543897e-01,-1.994770827960750392e-01,7.979083311843001569e-01,1.693141252225658223e-04,3.145679951185348958e-05,1.900464225210942609e-08,0.000000000000000000e+00
1.000000000000000000e+00,6.020491790771484375e+01,2.484911727905273438e+01,9.016666412353515625e+00,1.000000000000000000e+00,-1.817099223502622873e-01,8.176946505761802930e-01,-2.036048633457464563e-01,7.959099203515543897e-01,1.406790841261732036e-04,1.693141252225658223e-04,8.199655785920942087e-10,0.000000000000000000e+00
1.000000000000000000e+00,6.020491790771484375e+01,2.484911727905273438e+01,9.033333778381347656e+00,1.000000000000000000e+00,0.000000000000000000e+00,0.000000000000000000e+00,-1.817099223502622873e-01,8.176946505761802930e-01,0.000000000000000000e+00,1.406790841261732036e-04,1.979060471057891846e-08,0.000000000000000000e+00
1.000000000000000000e+00,6.020478820800781250e+01,2.484978866577148438e+01,9.033333778381347656e+00,1.000000000000000000e+00,-1.618845537788258238e-01,8.379906313256866301e-01,0.000000000000000000e+00,0.000000000000000000e+00,6.837997807237756846e-04,0.000000000000000000e+00,4.675821401178836823e-07,0.000000000000000000e+00
1.000000000000000000e+00,6.020476531982421875e+01,2.484990119934082031e+01,9.033333778381347656e+00,1.000000000000000000e+00,-1.688893708866430754e-01,8.303727401926617180e-01,-1.618845537788258238e-01,8.379906313256866301e-01,1.148375947837094790e-04,6.837997807237756846e-04,3.237179690296984383e-07,0.000000000000000000e+00
1.000000000000000000e+00,6.020476531982421875e+01,2.484990119934082031e+01,9.033333778381347656e+00,1.000000000000000000e+00,0.000000000000000000e+00,0.000000000000000000e+00,-1.688893708866430754e-01,8.303727401926617180e-01,0.000000000000000000e+00,1.148375947837094790e-04,1.318767317570745780e-08,0.000000000000000000e+00
1.000000000000000000e+00,6.020473098754882812e+01,2.485007667541503906e+01,9.033333778381347656e+00,1.000000000000000000e+00,-1.635584075360270451e-01,8.359651940730271624e-01,0.000000000000000000e+00,0.000000000000000000e+00,1.788031256905817513e-04,0.000000000000000000e+00,3.197055775672197342e-08,0.000000000000000000e+00
1.000000000000000000e+00,6.020461654663085938e+01,2.485065650939941406e+01,9.050000190734863281e+00,1.000000000000000000e+00,-1.648114261942262571e-01,8.350445593840796210e-01,-1.635584075360270451e-01,8.359651940730271624e-01,5.910196047016697332e-04,1.788031256905817513e-04,1.699224255682987409e-07,0.000000000000000000e+00
1.000000000000000000e+00,6.020461654663085938e+01,2.485065650939941406e+01,9.050000190734863281e+00,1.000000000000000000e+00,0.000000000000000000e+00,0.000000000000000000e+00,-1.648114261942262571e-01,8.350445593840796210e-01,0.000000000000000000e+00,5.910196047016697332e-04,3.493041731417179637e-07,0.000000000000000000e+00
1.000000000000000000e+00,6.020457839965820312e+01,2.485083389282226562e+01,9.050000190734863281e+00,1.000000000000000000e+00,-1.769090696439774291e-01,8.226271738444950188e-01,0.000000000000000000e+00,0.000000000000000000e+00,1.814388884042583282e-04,0.000000000000000000e+00,3.292007022537291050e-08,0.000000000000000000e+00
1.000000000000000000e+00,6.020457839965820312e+01,2.485083389282226562e+01,9.050000190734863281e+00,1.000000000000000000e+00,0.000000000000000000e+00,0.000000000000000000e+00,-1.769090696439774291e-01,8.226271738444950188e-01,0.000000000000000000e+00,1.814388884042583282e-04,3.292007022537291050e-08,0.000000000000000000e+00
1.000000000000000000e+00,6.020453643798828125e+01,2.485106658935546875e+01,9.050000190734863281e+00,1.000000000000000000e+00,-1.527221733313808560e-01,8.469138702922028861e-01,0.000000000000000000e+00,0.000000000000000000e+00,2.364496950883748642e-04,0.000000000000000000e+00,5.590845830738544464e-08,0.000000000000000000e+00
1.000000000000000000e+00,6.020435714721679688e+01,2.485199165344238281e+01,9.066666603088378906e+00,1.000000000000000000e+00,-1.623341779168442633e-01,8.375752796773348052e-01,-1.527221733313808560e-01,8.469138702922028861e-01,9.422784862436426332e-04,2.364496950883748642e-04,4.981942824237065908e-07,0.000000000000000000e+00
1.000000000000000000e+00,6.020427322387695312e+01,2.485235786437988281e+01,9.066666603088378906e+00,1.000000000000000000e+00,-1.863992682628987096e-01,8.133786251471943896e-01,-1.623341779168442633e-01,8.375752796773348052e-01,3.757041092604104858e-04,9.422784862436426332e-04,3.210065246539377357e-07,0.000000000000000000e+00
1.000000000000000000e+00,6.020422363281250000e+01,2.485260772705078125e+01,9.066666603088378906e+00,1.000000000000000000e+00,-1.655498116053331636e-01,8.341163584730247882e-01,-1.863992682628987096e-01,8.133786251471943896e-01,2.547363891989027967e-04,3.757041092604104858e-04,1.463318929687928928e-08,0.000000000000000000e+00
1.000000000000000000e+00,6.020417785644531250e+01,2.485284996032714844e+01,9.066666603088378906e+00,1.000000000000000000e+00,-1.588852307153368892e-01,8.407676792019911360e-01,-1.655498116053331636e-01,8.341163584730247882e-01,2.465206603359382915e-04,2.547363891989027967e-04,6.749820074974803599e-11,0.000000000000000000e+00
1.000000000000000000e+00,6.020413970947265625e+01,2.485305976867675781e+01,9.083333015441894531e+00,1.000000000000000000e+00,-1.537841329419293301e-01,8.458127311806113990e-01,-1.588852307153368892e-01,8.407676792019911360e-01,2.132480599880017913e-04,2.465206603359382915e-04,1.107065933913504025e-09,0.000000000000000000e+00
1.000000000000000000e+00,6.020407867431640625e+01,2.485339164733886719e+01,9.083333015441894531e+00,1.000000000000000000e+00,-1.553002805468507996e-01,8.444452754735012334e-01,-1.537841329419293301e-01,8.458127311806113990e-01,3.374444201079202974e-04,2.132480599880017913e-04,1.542473586703648301e-08,0.000000000000000000e+00
1.000000000000000000e+00,6.020402145385742188e+01,2.485366439819335938e+01,9.083333015441894531e+00,1.000000000000000000e+00,-1.733578673701920425e-01,8.263391677979153860e-01,-1.553002805468507996e-01,8.444452754735012334e-01,2.786883735511780803e-04,3.374444201079202974e-04,3.452273006978059082e-09,0.000000000000000000e+00
1.000000000000000000e+00,6.020400238037109375e+01,2.485375976562500000e+01,9.083333015441894531e+00,1.000000000000000000e+00,-1.665211582582984406e-01,8.326057912914922587e-01,-1.733578673701920425e-01,8.263391677979153860e-01,9.725607897935456938e-05,2.786883735511780803e-04,3.291767751359694224e-08,0.000000000000000000e+00
1.000000000000000000e+00,6.020397186279296875e+01,2.485391235351562500e+01,9.083333015441894531e+00,1.000000000000000000e+00,-1.665756941275804426e-01,8.328784706379023239e-01,-1.665211582582984406e-01,8.326057912914922587e-01,1.556097263669673002e-04,9.725607897935456938e-05,3.405148163437842082e-09,0.000000000000000000e+00
1.000000000000000000e+00,6.020388793945312500e+01,2.485430526733398438e+01,9.083333015441894531e+00,1.000000000000000000e+00,-1.759630978637388987e-01,8.238272309075047595e-01,-1.665756941275804426e-01,8.328784706379023239e-01,4.017765493757363194e-04,1.556097263669673002e-04,6.059810475023061187e-08,0.000000000000000000e+00
1.000000000000000000e+00,6.020381927490234375e+01,2.485465049743652344e+01,9.100000381469726562e+00,1.000000000000000000e+00,-1.658585448641614057e-01,8.338999061225893517e-01,-1.759630978637388987e-01,8.238272309075047595e-01,3.519923922943824987e-04,4.017765493757363194e-04,2.478462296300911631e-09,0.000000000000000000e+00
1.000000000000000000e+00,6.020375061035156250e+01,2.485500907897949219e+01,9.100000381469726562e+00,1.000000000000000000e+00,-1.606766781900647589e-01,8.390893194370049324e-01,-1.658585448641614057e-01,8.338999061225893517e-01,3.650966221315124060e-04,3.519923922943824987e-04,1.717208396243257106e-10,0.000000000000000000e+00
1.000000000000000000e+00,6.020373535156250000e+01,2.485508918762207031e+01,9.100000381469726562e+00,1.000000000000000000e+00,-1.598324035775862129e-01,8.391201187823277285e-01,-1.606766781900647589e-01,8.390893194370049324e-01,8.154891329357890565e-05,3.650966221315124060e-04,8.039930318724150819e-08,0.000000000000000000e+00
1.000000000000000000e+00,6.020370864868164062e+01,2.485524368286132812e+01,9.100000381469726562e+00,1.000000000000000000e+00,-1.472871359179829809e-01,8.521612863826157902e-01,-1.598324035775862129e-01,8.391201187823277285e-01,1.567859139065710234e-04,8.154891329357890565e-05,5.660606261239376545e-09,0.000000000000000000e+00
1.000000000000000000e+00,6.020362854003906250e+01,2.485566520690917969e+01,9.100000381469726562e+00,1.000000000000000000e+00,-1.596639886261335406e-01,8.401367020565598809e-01,-1.472871359179829809e-01,8.521612863826157902e-01,4.290686629583616621e-04,1.567859139065710234e-04,7.413789543120040066e-08,0.000000000000000000e+00
1.000000000000000000e+00,6.020357131958007812e+01,2.485598182678222656e+01,9.100000381469726562e+00,1.000000000000000000e+00,-1.530202924984115365e-01,8.467122851578771092e-01,-1.596639886261335406e-01,8.401367020565598809e-01,3.217488538201834563e-04,4.290686629583616621e-04,1.151754143345499763e-08,0.000000000000000000e+00
1.000000000000000000e+00,6.020354080200195312e+01,2.485611915588378906e+01,9.116666793823242188e+00,1.000000000000000000e+00,-1.817099223502622873e-01,8.176946505761802930e-01,-1.530202924984115365e-01,8.467122851578771092e-01,1.406790841261732036e-04,3.217488538201834563e-04,3.278626149704191168e-08,0.000000000000000000e+00
1.000000000000000000e+00,6.020346832275390625e+01,2.485647010803222656e+01,9.116666793823242188e+00,1.000000000000000000e+00,-1.711307559451473170e-01,8.286331340501870146e-01,-1.817099223502622873e-01,8.176946505761802930e-01,3.583582730876147234e-04,1.406790841261732036e-04,4.738422930691096626e-08,0.000000000000000000e+00
1.000000000000000000e+00,6.020340347290039062e+01,2.485678863525390625e+01,9.116666793823242188e+00,1.000000000000000000e+00,-1.691101182061422459e-01,8.306291100125222648e-01,-1.711307559451473170e-01,8.286331340501870146e-01,3.250616779197123608e-04,3.583582730876147234e-04,1.108663249775178903e-09,0.000000000000000000e+00
1.000000000000000000e+00,6.020334625244140625e+01,2.485708808898925781e+01,9.116666793823242188e+00,1.000000000000000000e+00,-1.603828412839085338e-01,8.393368693857879981e-01,-1.691101182061422459e-01,8.306291100125222648e-01,3.048716460125246858e-04,3.250616779197123608e-04,4.076373884132564017e-10,0.000000000000000000e+00
1.000000000000000000e+00,6.020326995849609375e+01,2.485746192932128906e+01,9.116666793823242188e+00,1.000000000000000000e+00,-1.694538802389988497e-01,8.303240131710942773e-01,-1.603828412839085338e-01,8.393368693857879981e-01,3.815460128799434453e-04,3.048716460125246858e-04,5.878958534519523375e-09,0.000000000000000000e+00
1.000000000000000000e+00,6.020321273803710938e+01,2.485777091979980469e+01,9.116666793823242188e+00,1.000000000000000000e+00,-1.562073449809971981e-01,8.435196628973847810e-01,-1.694538802389988497e-01,8.303240131710942773e-01,3.142440082797084435e-04,3.815460128799434453e-04,4.529559823210053705e-09,0.000000000000000000e+00
1.000000000000000000e+00,6.020315933227539062e+01,2.485805130004882812e+01,9.133333206176757812e+00,1.000000000000000000e+00,-1.599520794538099033e-01,8.397484171325019231e-01,-1.562073449809971981e-01,8.435196628973847810e-01,2.854211965275261901e-04,3.142440082797084435e-04,8.307544773017354477e-10,0.000000000000000000e+00
1.000000000000000000e+00,6.020310974121093750e+01,2.485829353332519531e+01,9.133333206176757812e+00,1.000000000000000000e+00,-1.698764286450840100e-01,8.297810168432949718e-01,-1.599520794538099033e-01,8.397484171325019231e-01,2.472574242630062044e-04,2.854211965275261901e-04,1.456473513458144934e-09,0.000000000000000000e+00
1.000000000000000000e+00,6.020304870605468750e+01,2.485863685607910156e+01,9.133333206176757812e+00,1.000000000000000000e+00,-1.509060762995608762e-01,8.488466791850298732e-01,-1.698764286450840100e-01,8.297810168432949718e-01,3.487058984993420289e-04,2.472574242630062044e-04,1.029179292488049327e-08,0.000000000000000000e+00
1.000000000000000000e+00,6.020298767089843750e+01,2.485897445678710938e+01,9.133333206176757812e+00,1.000000000000000000e+00,-1.530716489814826775e-01,8.466775584288260825e-01,-1.509060762995608762e-01,8.488466791850298732e-01,3.430736485739442252e-04,3.487058984993420289e-04,3.172223922214356834e-11,0.000000000000000000e+00
1.000000000000000000e+00,6.020291900634765625e+01,2.485928916931152344e+01,9.133333206176757812e+00,1.000000000000000000e+00,-1.790577722182682685e-01,8.206814560003962145e-01,-1.530716489814826775e-01,8.466775584288260825e-01,3.221161181267754550e-04,3.430736485739442252e-04,4.392180824440060226e-10,0.000000000000000000e+00
1.000000000000000000e+00,6.020288467407226562e+01,2.485952949523925781e+01,9.133333206176757812e+00,1.000000000000000000e+00,-1.249545054529479782e-01,8.746815381706358750e-01,-1.790577722182682685e-01,8.206814560003962145e-01,2.427658474227496321e-04,3.221161181267754550e-04,6.296465460802178988e-09,0.000000000000000000e+00
1.000000000000000000e+00,6.020285034179687500e+01,2.485975074768066406e+01,9.149999618530273438e+00,1.000000000000000000e+00,-1.342758214911209391e-01,8.653330718316682990e-01,-1.249545054529479782e-01,8.746815381706358750e-01,2.239003080876036001e-04,2.427658474227496321e-04,3.559085744059421744e-10,0.000000000000000000e+00
1.000000000000000000e+00,6.020281219482421875e+01,2.486002731323242188e+01,9.149999618530273438e+00,1.000000000000000000e+00,-1.211736182582003885e-01,8.785087323719528163e-01,-1.342758214911209391e-01,8.653330718316682990e-01,2.791839822445763789e-04,2.239003080876036001e-04,3.056284628294339788e-09,0.000000000000000000e+00
1.000000000000000000e+00,6.020276260375976562e+01,2.486034011840820312e+01,9.149999618530273438e+00,1.000000000000000000e+00,-1.368043553253448230e-01,8.629197797444827511e-01,-1.211736182582003885e-01,8.785087323719528163e-01,3.167117801237154750e-04,2.791839822445763789e-04,1.408335613657516809e-09,0.000000000000000000e+00
1.000000000000000000e+00,6.020272445678710938e+01,2.486058425903320312e+01,9.149999618530273438e+00,1.000000000000000000e+00,-1.350872806485157729e-01,8.645585961505010131e-01,-1.368043553253448230e-01,8.629197797444827511e-01,2.471028860580695469e-04,3.167117801237154750e-04,4.845398133042316920e-09,0.000000000000000000e+00
1.000000000000000000e+00,6.020268249511718750e+01,2.486089515686035156e+01,9.149999618530273438e+00,1.000000000000000000e+00,-1.188852269741190182e-01,8.808314543991545564e-01,-1.350872806485157729e-01,8.645585961505010131e-01,3.137168160431507672e-04,2.471028860580695469e-04,4.437415668057302753e-09,0.000000000000000000e+00
1.000000000000000000e+00,6.020264816284179688e+01,2.486118316650390625e+01,9.149999618530273438e+00,1.000000000000000000e+00,-1.064758437827306725e-01,8.932140228440184071e-01,-1.188852269741190182e-01,8.808314543991545564e-01,2.900487198971853195e-04,3.137168160431507672e-04,5.601787751746645066e-10,0.000000000000000000e+00
1.000000000000000000e+00,6.020262527465820312e+01,2.486142349243164062e+01,9.166666984558105469e+00,1.000000000000000000e+00,-8.692349786460258632e-02,9.126967275783270939e-01,-1.064758437827306725e-01,8.932140228440184071e-01,2.414133809249380507e-04,2.900487198971853195e-04,2.365396196945394205e-09,0.000000000000000000e+00
1.000000000000000000e+00,6.020260238647460938e+01,2.486170768737792969e+01,9.166666984558105469e+00,1.000000000000000000e+00,-7.450989773586078058e-02,9.251645635536047685e-01,-8.692349786460258632e-02,9.126967275783270939e-01,2.851151284033597868e-04,2.414133809249380507e-04,1.909842732667740664e-09,0.000000000000000000e+00
1.000000000000000000e+00,6.020260620117187500e+01,2.486172676086425781e+01,9.166666984558105469e+00,1.000000000000000000e+00,1.659416565066121896e-01,8.297082825330609479e-01,-7.450989773586078058e-02,9.251645635536047685e-01,1.945121579587091252e-05,2.851151284033597868e-04,7.057731446191950299e-08,0.000000000000000000e+00
1.000000000000000000e+00,6.020258331298828125e+01,2.486201858520507812e+01,9.166666984558105469e+00,1.000000000000000000e+00,-7.270417095492023862e-02,9.269781796752329939e-01,1.659416565066121896e-01,8.297082825330609479e-01,2.927205405218962875e-04,1.945121579587091252e-05,7.467612383621792069e-08,0.000000000000000000e+00
1.000000000000000000e+00,6.020251846313476562e+01,2.486272239685058594e+01,9.166666984558105469e+00,1.000000000000000000e+00,-8.435627122066359507e-02,9.155136494242607226e-01,-7.270417095492023862e-02,9.269781796752329939e-01,7.067929936363353529e-04,2.927205405218962875e-04,1.714559964282093362e-07,0.000000000000000000e+00
1.000000000000000000e+00,6.020271301269531250e+01,2.487033843994140625e+01,9.233333587646484375e+00,1.000000000000000000e+00,2.490810600681117939e-02,9.750790910313436033e-01,-8.435627122066359507e-02,9.155136494242607226e-01,7.618527540984596468e-03,7.067929936363353529e-04,4.777207445300747586e-05,0.000000000000000000e+00
1.000000000000000000e+00,6.020271301269531250e+01,2.487033843994140625e+01,9.233333587646484375e+00,1.000000000000000000e+00,0.000000000000000000e+00,0.000000000000000000e+00,2.490810600681117939e-02,9.750790910313436033e-01,0.000000000000000000e+00,7.618527540984596468e-03,5.804196189274080098e-05,0.000000000000000000e+00
1.000000000000000000e+00,6.020278167724609375e+01,2.487062072753906250e+01,9.233333587646484375e+00,1.000000000000000000e+00,1.955964408332762916e-01,8.041187012034692883e-01,0.000000000000000000e+00,0.000000000000000000e+00,2.905186884255946600e-04,0.000000000000000000e+00,8.440110832452775371e-08,0.000000000000000000e+00
1.000000000000000000e+00,6.020277786254882812e+01,2.487065315246582031e+01,9.233333587646484375e+00,1.000000000000000000e+00,-1.049734929333524108e-01,8.922746899334954573e-01,1.955964408332762916e-01,8.041187012034692883e-01,3.264854959225404758e-05,2.905186884255946600e-04,6.649700850192635893e-08,0.000000000000000000e+00
1.000000000000000000e+00,6.020264053344726562e+01,2.487946891784667969e+01,9.316666603088378906e+00,1.000000000000000000e+00,-1.533855897267987628e-02,9.846502718295331302e-01,-1.049734929333524108e-01,8.922746899334954573e-01,8.816834949827210763e-03,3.264854959225404758e-05,7.716193071407277540e-05,0.000000000000000000e+00
1.000000000000000000e+00,6.020264053344726562e+01,2.487946891784667969e+01,9.316666603088378906e+00,1.000000000000000000e+00,0.000000000000000000e+00,0.000000000000000000e+00,-1.533855897267987628e-02,9.846502718295331302e-01,0.000000000000000000e+00,8.816834949827210763e-03,7.773657853249459104e-05,0.000000000000000000e+00
1.000000000000000000e+00,6.020264053344726562e+01,2.487946891784667969e+01,9.316666603088378906e+00,1.000000000000000000e+00,0.000000000000000000e+00,0.000000000000000000e+00,0.000000000000000000e+00,0.000000000000000000e+00,0.000000000000000000e+00,0.000000000000000000e+00,0.000000000000000000e+00,0.000000000000000000e+00
1.000000000000000000e+00,6.020264053344726562e+01,2.487946891784667969e+01,9.316666603088378906e+00,1.000000000000000000e+00,0.000000000000000000e+00,0.000000000000000000e+00,0.000000000000000000e+00,0.000000000000000000e+00,0.000000000000000000e+00,0.000000000000000000e+00,0.000000000000000000e+00,0.000000000000000000e+00
1.000000000000000000e+00,6.020264053344726562e+01,2.487946891784667969e+01,9.333333015441894531e+00,1.000000000000000000e+00,0.000000000000000000e+00,0.000000000000000000e+00,0.000000000000000000e+00,0.000000000000000000e+00,0.000000000000000000e+00,0.000000000000000000e+00,0.000000000000000000e+00,0.000000000000000000e+00
1.000000000000000000e+00,6.020264053344726562e+01,2.487946891784667969e+01,9.333333015441894531e+00,1.000000000000000000e+00,0.000000000000000000e+00,0.000000000000000000e+00,0.000000000000000000e+00,0.000000000000000000e+00,0.000000000000000000e+00,0.000000000000000000e+00,0.000000000000000000e+00,0.000000000000000000e+00
1.000000000000000000e+00,6.020264053344726562e+01,2.487946891784667969e+01,9.333333015441894531e+00,1.000000000000000000e+00,0.000000000000000000e+00,0.000000000000000000e+00,0.000000000000000000e+00,0.000000000000000000e+00,0.000000000000000000e+00,0.000000000000000000e+00,0.000000000000000000e+00,0.000000000000000000e+00
1.000000000000000000e+00,6.020264053344726562e+01,2.487946891784667969e+01,9.333333015441894531e+00,1.000000000000000000e+00,0.000000000000000000e+00,0.000000000000000000e+00,0.000000000000000000e+00,0.000000000000000000e+00,0.000000000000000000e+00,0.000000000000000000e+00,0.000000000000000000e+00,0.000000000000000000e+00
1.000000000000000000e+00,6.020256423950195312e+01,2.487981986999511719e+01,9.333333015441894531e+00,1.000000000000000000e+00,-1.785296424334053000e-01,8.212363551936643358e-01,0.000000000000000000e+00,0.000000000000000000e+00,3.591492399883978201e-04,0.000000000000000000e+00,1.289881765842437744e-07,0.000000000000000000e+00
1.000000000000000000e+00,6.020305252075195312e+01,2.488176536560058594e+01,9.350000381469726562e+00,1.000000000000000000e+00,2.006187161453408807e-01,7.993401971415926566e-01,-1.785296424334053000e-01,8.212363551936643358e-01,2.005834422378821331e-03,3.591492399883978201e-04,2.711572089904182136e-06,0.000000000000000000e+00
1.000000000000000000e+00,6.020338821411132812e+01,2.488159179687500000e+01,9.350000381469726562e+00,1.000000000000000000e+00,6.590466178901871475e-01,-3.407570581136763477e-01,2.006187161453408807e-01,7.993401971415926566e-01,3.779102195363329792e-04,2.005834422378821331e-03,2.650137210200350744e-06,0.000000000000000000e+00
1.000000000000000000e+00,6.020380783081054688e+01,2.488140487670898438e+01,9.350000381469726562e+00,1.000000000000000000e+00,6.917098568624420185e-01,-3.081252998750877992e-01,6.590466178901871475e-01,-3.407570581136763477e-01,4.593662185299956461e-04,3.779102195363329792e-04,6.635079772055573408e-09,0.000000000000000000e+00
1.000000000000000000e+00,6.020439529418945312e+01,2.488114738464355469e+01,9.350000381469726562e+00,1.000000000000000000e+00,6.951773198359679773e-01,-3.047043447332976607e-01,6.917098568624420185e-01,-3.081252998750877992e-01,6.414167017744352344e-04,4.593662185299956461e-04,3.314237844953397863e-08,0.000000000000000000e+00
1.000000000000000000e+00,6.020478439331054688e+01,2.488099098205566406e+01,9.366666793823242188e+00,1.000000000000000000e+00,7.131559793279406145e-01,-2.866607367886820357e-01,6.951773198359679773e-01,-3.047043447332976607e-01,4.193565255660312483e-04,6.414167017744352344e-04,4.931072185770742623e-08,0.000000000000000000e+00
1.000000000000000000e+00,6.020481872558593750e+01,2.488097000122070312e+01,9.366666793823242188e+00,1.000000000000000000e+00,6.195695418071207605e-01,-3.786258311043515512e-01,7.131559793279406145e-01,-2.866607367886820357e-01,4.023556348748967738e-05,4.193565255660312483e-04,1.437327038873589305e-07,0.000000000000000000e+00
1.000000000000000000e+00,6.020481872558593750e+01,2.488097000122070312e+01,9.366666793823242188e+00,1.000000000000000000e+00,0.000000000000000000e+00,0.000000000000000000e+00,6.195695418071207605e-01,-3.786258311043515512e-01,0.000000000000000000e+00,4.023556348748967738e-05,1.618900569155812470e-09,0.000000000000000000e+00
1.000000000000000000e+00,6.020481872558593750e+01,2.488097000122070312e+01,9.366666793823242188e+00,1.000000000000000000e+00,0.000000000000000000e+00,0.000000000000000000e+00,0.000000000000000000e+00,0.000000000000000000e+00,0.000000000000000000e+00,0.000000000000000000e+00,0.000000000000000000e+00,0.000000000000000000e+00
1.000000000000000000e+00,6.020481872558593750e+01,2.488097000122070312e+01,9.366666793823242188e+00,1.000000000000000000e+00,0.000000000000000000e+00,0.000000000000000000e+00,0.000000000000000000e+00,0.000000000000000000e+00,0.000000000000000000e+00,0.000000000000000000e+00,0.000000000000000000e+00,0.000000000000000000e+00
1.000000000000000000e+00,6.020524215698242188e+01,2.488075828552246094e+01,9.366666793823242188e+00,1.000000000000000000e+00,6.665617206272119732e-01,-3.332808603136059866e-01,0.000000000000000000e+00,0.000000000000000000e+00,4.734106931733639864e-04,0.000000000000000000e+00,2.241176844108849764e-07,0.000000000000000000e+00
1.000000000000000000e+00,6.020543670654296875e+01,2.488068962097167969e+01,9.383333206176757812e+00,1.000000000000000000e+00,7.388497318491219490e-01,-2.607704935938077173e-01,6.665617206272119732e-01,-3.332808603136059866e-01,2.063112988737481621e-04,4.734106931733639864e-04,7.134208643522164720e-08,0.000000000000000000e+00
1.000000000000000000e+00,6.020561218261718750e+01,2.488060951232910156e+01,9.383333206176757812e+00,1.000000000000000000e+00,6.862986431768404172e-01,-3.133102501459488765e-01,7.388497318491219490e-01,-2.607704935938077173e-01,1.928969860804829648e-04,2.063112988737481621e-04,1.799437877155583497e-10,0.000000000000000000e+00
1.000000000000000000e+00,6.020572662353515625e+01,2.488055992126464844e+01,9.383333206176757812e+00,1.000000000000000000e+00,6.972493494570602968e-01,-3.021413847647261286e-01,6.862986431768404172e-01,-3.133102501459488765e-01,1.247236841146226222e-04,1.928969860804829648e-04,4.647599100928377972e-09,0.000000000000000000e+00
1.000000000000000000e+00,6.020599746704101562e+01,2.488041877746582031e+01,9.383333206176757812e+00,1.000000000000000000e+00,6.572478763080676911e-01,-3.425094566675845886e-01,6.972493494570602968e-01,-3.021413847647261286e-01,3.054141067695327226e-04,1.247236841146226222e-04,3.264902883921004780e-08,0.000000000000000000e+00
1.000000000000000000e+00,6.020643234252929688e+01,2.488022422790527344e+01,9.383333206176757812e+00,1.000000000000000000e+00,6.907993400592724598e-01,-3.090418100265166501e-01,6.572478763080676911e-01,-3.425094566675845886e-01,4.764097205314326536e-04,3.054141067695327226e-04,2.923949992580886246e-08,0.000000000000000000e+00
1.000000000000000000e+00,6.020663452148437500e+01,2.488077545166015625e+01,9.383333206176757812e+00,1.000000000000000000e+00,2.683188161176038866e-01,7.315484703583728932e-01,6.907993400592724598e-01,-3.090418100265166501e-01,5.871319764955656821e-04,4.764097205314326536e-04,1.225941796578699264e-08,0.000000000000000000e+00
1.000000000000000000e+00,6.020665359497070312e+01,2.488114356994628906e+01,9.399999618530273438e+00,1.000000000000000000e+00,4.924836437120223842e-02,9.504934323642032501e-01,2.683188161176038866e-01,7.315484703583728932e-01,3.686120867064296208e-04,5.871319764955656821e-04,4.775094223345617353e-08,0.000000000000000000e+00
1.000000000000000000e+00,6.020674514770507812e+01,2.488224220275878906e+01,9.399999618530273438e+00,1.000000000000000000e+00,7.691661434969483679e-02,9.229993721963380970e-01,4.924836437120223842e-02,9.504934323642032501e-01,1.102440909923610955e-03,3.686120867064296208e-04,5.385047417843131788e-07,0.000000000000000000e+00
1.000000000000000000e+00,6.020684432983398438e+01,2.488287925720214844e+01,9.399999618530273438e+00,1.000000000000000000e+00,1.346967306011675192e-01,8.651674619382683229e-01,7.691661434969483679e-02,9.229993721963380970e-01,6.447289806564453826e-04,1.102440909923610955e-03,2.095002101934707796e-07,0.000000000000000000e+00
1.000000000000000000e+00,6.020690536499023438e+01,2.488306236267089844e+01,9.399999618530273438e+00,1.000000000000000000e+00,2.498976419258671644e-01,7.496929257776014932e-01,1.346967306011675192e-01,8.651674619382683229e-01,1.930101110942614455e-04,6.447289806564453826e-04,2.040499371185373249e-07,0.000000000000000000e+00
1.000000000000000000e+00,6.020713806152343750e+01,2.488355827331542969e+01,9.399999618530273438e+00,1.000000000000000000e+00,3.193279005794924519e-01,6.805348700874428447e-01,2.498976419258671644e-01,7.496929257776014932e-01,5.477910586383761106e-04,1.930101110942614455e-04,1.258695207402998152e-07,0.000000000000000000e+00
1.000000000000000000e+00,6.020741653442382812e+01,2.488389587402343750e+01,9.399999618530273438e+00,1.000000000000000000e+00,4.519390259417854772e-01,5.478986821349043357e-01,3.193279005794924519e-01,6.805348700874428447e-01,4.376315737002338694e-04,5.477910586383761106e-04,1.213511212183678745e-08,0.000000000000000000e+00
1.000000000000000000e+00,6.020764923095703125e+01,2.488417434692382812e+01,9.416666984558105469e+00,1.000000000000000000e+00,4.551348426356807142e-01,5.446695657771261079e-01,4.519390259417854772e-01,5.478986821349043357e-01,3.628978269661034973e-04,4.376315737002338694e-04,5.585132900921141940e-09,0.000000000000000000e+00
1.000000000000000000e+00,6.020795822143554688e+01,2.488454437255859375e+01,9.416666984558105469e+00,1.000000000000000000e+00,4.549891726507442336e-01,5.448635771249652482e-01,4.551348426356807142e-01,5.446695657771261079e-01,4.820726980415076818e-04,3.628978269661034973e-04,1.420264989583920948e-08,0.000000000000000000e+00
1.000000000000000000e+00,6.020830535888671875e+01,2.488538932800292969e+01,9.416666984558105469e+00,1.000000000000000000e+00,2.911755744224699405e-01,7.087405465338142418e-01,4.549891726507442336e-01,5.448635771249652482e-01,9.134845991690541045e-04,4.820726980415076818e-04,1.861162284344838863e-07,0.000000000000000000e+00
1.000000000000000000e+00,6.020846176147460938e+01,2.488697814941406250e+01,9.416666984558105469e+00,1.000000000000000000e+00,8.961235161960590112e-02,9.103303524284356296e-01,2.911755744224699405e-01,7.087405465338142418e-01,1.596500938293788198e-03,9.134845991690541045e-04,4.665113195113537704e-07,0.000000000000000000e+00
1.000000000000000000e+00,6.020850753784179688e+01,2.488791275024414062e+01,9.416666984558105469e+00,1.000000000000000000e+00,4.668784477105849401e-02,9.532101640757776329e-01,8.961235161960590112e-02,9.103303524284356296e-01,9.357212124215231151e-04,1.596500938293788198e-03,4.366298461238257713e-07,0.000000000000000000e+00
1.000000000000000000e+00,6.020852279663085938e+01,2.488829994201660156e+01,9.416666984558105469e+00,1.000000000000000000e+00,3.790527332704166086e-02,9.618463106736822033e-01,4.668784477105849401e-02,9.532101640757776329e-01,3.874923216079207105e-04,9.357212124215231151e-04,3.005549167227127238e-07,0.000000000000000000e+00
1.000000000000000000e+00,6.020851516723632812e+01,2.488837432861328125e+01,9.433333396911621094e+00,1.000000000000000000e+00,-9.290997306056748839e-02,9.058722373405330153e-01,3.790527332704166086e-02,9.618463106736822033e-01,7.477682412686408628e-05,3.874923216079207105e-04,9.779098236482474630e-08,0.000000000000000000e+00
1.000000000000000000e+00,6.020850753784179688e+01,2.488850212097167969e+01,9.433333396911621094e+00,1.000000000000000000e+00,-5.629645696221435847e-02,9.429656541170904349e-01,-9.290997306056748839e-02,9.058722373405330153e-01,1.280198989452349505e-04,7.477682412686408628e-05,2.834825016114637502e-09,0.000000000000000000e+00
1.000000000000000000e+00,6.020862960815429688e+01,2.488938140869140625e+01,9.433333396911621094e+00,1.000000000000000000e+00,1.218925891768010694e-01,8.780075564141451849e-01,-5.629645696221435847e-02,9.429656541170904349e-01,8.877207079120017419e-04,1.280198989452349505e-04,5.771453191447599588e-07,0.000000000000000000e+00
1.000000000000000000e+00,6.020894622802734375e+01,2.489006233215332031e+01,9.433333396911621094e+00,1.000000000000000000e+00,3.173678026519088369e-01,6.825319611248882312e-01,1.218925891768010694e-01,8.780075564141451849e-01,7.509360192408211839e-04,8.877207079120017419e-04,1.871005105487179008e-08,0.000000000000000000e+00
1.000000000000000000e+00,6.020888137817382812e+01,2.489047050476074219e+01,9.433333396911621094e+00,1.000000000000000000e+00,-1.370677971769168058e-01,8.627208410547116957e-01,3.173678026519088369e-01,6.825319611248882312e-01,4.132921254398274702e-04,7.509360192408211839e-04,1.140033990210967154e-07,0.000000000000000000e+00
1.000000000000000000e+00,6.020888137817382812e+01,2.489047050476074219e+01,9.433333396911621094e+00,1.000000000000000000e+00,0.000000000000000000e+00,0.000000000000000000e+00,-1.370677971769168058e-01,8.627208410547116957e-01,0.000000000000000000e+00,4.132921254398274702e-04,1.708103809505700800e-07,0.000000000000000000e+00
1.000000000000000000e+00,6.020875930786132812e+01,2.489146423339843750e+01,9.449999809265136719e+00,1.000000000000000000e+00,-1.093919054934448937e-01,8.905184806575747736e-01,0.000000000000000000e+00,0.000000000000000000e+00,1.001198165484550560e-03,0.000000000000000000e+00,1.002397766569629523e-06,0.000000000000000000e+00
1.000000000000000000e+00,6.020849609375000000e+01,2.489363098144531250e+01,9.449999809265136719e+00,1.000000000000000000e+00,-1.083157936679096933e-01,8.916430551213435640e-01,-1.093919054934448937e-01,8.905184806575747736e-01,2.182676972673437601e-03,1.001198165484550560e-03,1.395892171836475239e-06,0.000000000000000000e+00
1.000000000000000000e+00,6.020812988281250000e+01,2.489591217041015625e+01,9.449999809265136719e+00,1.000000000000000000e+00,-1.383233053855090766e-01,8.616389231305670027e-01,-1.083157936679096933e-01,8.916430551213435640e-01,2.310396836924238830e-03,2.182676972673437601e-03,1.631236372424309464e-08,0.000000000000000000e+00
1.000000000000000000e+00,6.020792388916015625e+01,2.489801406860351562e+01,9.449999809265136719e+00,1.000000000000000000e+00,-8.925233108048286068e-02,9.107043412101121227e-01,-1.383233053855090766e-01,8.616389231305670027e-01,2.111968134241926261e-03,2.310396836924238830e-03,3.937395004818559639e-08,0.000000000000000000e+00
1.000000000000000000e+00,6.020790100097656250e+01,2.489841270446777344e+01,9.449999809265136719e+00,1.000000000000000000e+00,-5.428576408385520774e-02,9.454770577938115261e-01,-8.925233108048286068e-02,9.107043412101121227e-01,3.992924006549515288e-04,2.111968134241926261e-03,2.933258168417681920e-06,0.000000000000000000e+00
1.000000000000000000e+00,6.020790100097656250e+01,2.489841270446777344e+01,9.449999809265136719e+00,1.000000000000000000e+00,0.000000000000000000e+00,0.000000000000000000e+00,-5.428576408385520774e-02,9.454770577938115261e-01,0.000000000000000000e+00,3.992924006549515288e-04,1.594344212207943466e-07,0.000000000000000000e+00
1.000000000000000000e+00,6.020792770385742188e+01,2.489919090270996094e+01,9.466666221618652344e+00,1.000000000000000000e+00,3.317123429381861610e-02,9.667045422769997565e-01,0.000000000000000000e+00,0.000000000000000000e+00,7.786562450721787711e-04,0.000000000000000000e+00,6.063055479899048805e-07,0.000000000000000000e+00
1.000000000000000000e+00,6.020788955688476562e+01,2.490117835998535156e+01,9.466666221618652344e+00,1.000000000000000000e+00,-1.883146204241325020e-02,9.811191724097303446e-01,3.317123429381861610e-02,9.667045422769997565e-01,1.987823335466701834e-03,7.786562450721787711e-04,1.462085052493156911e-06,0.000000000000000000e+00
1.000000000000000000e+00,6.020747375488281250e+01,2.490109443664550781e+01,9.466666221618652344e+00,1.000000000000000000e+00,-8.318945983377201703e-01,-1.679053317745857199e-01,-1.883146204241325020e-02,9.811191724097303446e-01,4.241867888074263401e-04,1.987823335466701834e-03,2.444959250048544811e-06,0.000000000000000000e+00
1.000000000000000000e+00,6.020747375488281250e+01,2.490109443664550781e+01,9.466666221618652344e+00,1.000000000000000000e+00,0.000000000000000000e+00,0.000000000000000000e+00,-8.318945983377201703e-01,-1.679053317745857199e-01,0.000000000000000000e+00,4.241867888074263401e-04,1.799344317987561226e-07,0.000000000000000000e+00
1.000000000000000000e+00,6.020723724365234375e+01,2.490086555480957031e+01,9.466666221618652344e+00,1.000000000000000000e+00,-5.080875474573437467e-01,-4.916976265716229699e-01,0.000000000000000000e+00,0.000000000000000000e+00,3.291268098468474123e-04,0.000000000000000000e+00,1.083244569599628581e-07,0.000000000000000000e+00
1.000000000000000000e+00,6.020698165893554688e+01,2.490085220336914062e+01,9.466666221618652344e+00,1.000000000000000000e+00,-9.500013657333066242e-01,-4.962693701591900514e-02,-5.080875474573437467e-01,-4.916976265716229699e-01,2.559332108611274046e-04,3.291268098468474123e-04,5.357302932482392718e-09,0.000000000000000000e+00
1.000000000000000000e+00,6.020705795288085938e+01,2.490109252929687500e+01,9.483333587646484375e+00,1.000000000000000000e+00,2.408877743557581719e-01,7.587964892206382483e-01,-9.500013657333066242e-01,-4.962693701591900514e-02,2.521454295297354074e-04,2.559332108611274046e-04,1.434728741444173063e-11,0.000000000000000000e+00
1.000000000000000000e+00,6.020705032348632812e+01,2.490081977844238281e+01,9.483333587646484375e+00,1.000000000000000000e+00,-2.720118282058595766e-02,-9.724422858359480504e-01,2.408877743557581719e-01,7.587964892206382483e-01,2.728575384465892293e-04,2.521454295297354074e-04,4.289914557836155976e-10,0.000000000000000000e+00
1.000000000000000000e+00,6.020701980590820312e+01,2.490081977844238281e+01,9.483333587646484375e+00,1.000000000000000000e+00,-9.967339023487834515e-01,0.000000000000000000e+00,-2.720118282058595766e-02,-9.724422858359480504e-01,3.051757812500000000e-05,2.728575384465892293e-04,5.872865636866944142e-08,0.000000000000000000e+00
1.000000000000000000e+00,6.020706176757812500e+01,2.490112304687500000e+01,9.483333587646484375e+00,1.000000000000000000e+00,1.215117640001524280e-01,8.781986580011016397e-01,-9.967339023487834515e-01,0.000000000000000000e+00,3.061576782717003505e-04,3.051757812500000000e-05,7.597746480888300187e-08,0.000000000000000000e+00
1.000000000000000000e+00,6.020707702636718750e+01,2.490083312988281250e+01,9.483333587646484375e+00,1.000000000000000000e+00,4.998362136695047586e-02,-9.496888059720590691e-01,1.215117640001524280e-01,8.781986580011016397e-01,2.903182615728827870e-04,3.061576782717003505e-04,2.508871213587806835e-10,0.000000000000000000e+00
1.000000000000000000e+00,6.020720291137695312e+01,2.490098190307617188e+01,9.483333587646484375e+00,1.000000000000000000e+00,4.581665199941425959e-01,5.414695236294412295e-01,4.998362136695047586e-02,-9.496888059720590691e-01,1.948858608161132980e-04,2.903182615728827870e-04,9.107343114200658178e-09,0.000000000000000000e+00
1.000000000000000000e+00,6.020731353759765625e+01,2.490070915222167969e+01,9.500000000000000000e+00,1.000000000000000000e+00,2.884819663516544619e-01,-7.112572618670101043e-01,4.581665199941425959e-01,5.414695236294412295e-01,2.943317674551541667e-04,1.948858608161132980e-04,9.889488347260832171e-09,0.000000000000000000e+00
1.000000000000000000e+00,6.020725631713867188e+01,2.490053367614746094e+01,9.500000000000000000e+00,1.000000000000000000e+00,-2.457960099193044479e-01,-7.537744304192003364e-01,2.884819663516544619e-01,-7.112572618670101043e-01,1.845698608917685588e-04,2.943317674551541667e-04,1.204767613242939331e-08,0.000000000000000000e+00
1.000000000000000000e+00,6.020725631713867188e+01,2.490053367614746094e+01,9.500000000000000000e+00,1.000000000000000000e+00,0.000000000000000000e+00,0.000000000000000000e+00,-2.457960099193044479e-01,-7.537744304192003364e-01,0.000000000000000000e+00,1.845698608917685588e-04,3.406603354960680008e-08,0.000000000000000000e+00
1.000000000000000000e+00,6.020725631713867188e+01,2.490053367614746094e+01,9.500000000000000000e+00,1.000000000000000000e+00,0.000000000000000000e+00,0.000000000000000000e+00,0.000000000000000000e+00,0.000000000000000000e+00,0.000000000000000000e+00,0.000000000000000000e+00,0.000000000000000000e+00,0.000000000000000000e+00
1.000000000000000000e+00,6.020725631713867188e+01,2.490053367614746094e+01,9.500000000000000000e+00,1.000000000000000000e+00,0.000000000000000000e+00,0.000000000000000000e+00,0.000000000000000000e+00,0.000000000000000000e+00,0.000000000000000000e+00,0.000000000000000000e+00,0.000000000000000000e+00,0.000000000000000000e+00
1.000000000000000000e+00,6.020725631713867188e+01,2.490053367614746094e+01,9.500000000000000000e+00,1.000000000000000000e+00,0.000000000000000000e+00,0.000000000000000000e+00,0.000000000000000000e+00,0.000000000000000000e+00,0.000000000000000000e+00,0.000000000000000000e+00,0.000000000000000000e+00,0.000000000000000000e+00
1.000000000000000000e+00,6.020725631713867188e+01,2.490053367614746094e+01,9.516666412353515625e+00,1.000000000000000000e+00,0.000000000000000000e+00,0.000000000000000000e+00,0.000000000000000000e+00,0.000000000000000000e+00,0.000000000000000000e+00,0.000000000000000000e+00,0.000000000000000000e+00,0.000000000000000000e+00
1.000000000000000000e+00,6.020783996582031250e+01,2.490081787109375000e+01,9.866666793823242188e+00,1.000000000000000000e+00,0.000000000000000000e+00,0.000000000000000000e+00,0.000000000000000000e+00,0.000000000000000000e+00,0.000000000000000000e+00,0.000000000000000000e+00,0.000000000000000000e+00,0.000000000000000000e+00
1.000000000000000000e+00,6.020783996582031250e+01,2.490081787109375000e+01,9.883333206176757812e+00,1.000000000000000000e+00,0.000000000000000000e+00,0.000000000000000000e+00,0.000000000000000000e+00,0.000000000000000000e+00,0.000000000000000000e+00,0.000000000000000000e+00,0.000000000000000000e+00,0.000000000000000000e+00
1.000000000000000000e+00,6.020783996582031250e+01,2.490081787109375000e+01,9.883333206176757812e+00,1.000000000000000000e+00,0.000000000000000000e+00,0.000000000000000000e+00,0.000000000000000000e+00,0.000000000000000000e+00,0.000000000000000000e+00,0.000000000000000000e+00,0.000000000000000000e+00,0.000000000000000000e+00
1.000000000000000000e+00,6.020783996582031250e+01,2.490081787109375000e+01,9.883333206176757812e+00,1.000000000000000000e+00,0.000000000000000000e+00,0.000000000000000000e+00,0.000000000000000000e+00,0.000000000000000000e+00,0.000000000000000000e+00,0.000000000000000000e+00,0.000000000000000000e+00,0.000000000000000000e+00
1.000000000000000000e+00,6.020783996582031250e+01,2.490081787109375000e+01,9.883333206176757812e+00,1.000000000000000000e+00,0.000000000000000000e+00,0.000000000000000000e+00,0.000000000000000000e+00,0.000000000000000000e+00,0.000000000000000000e+00,0.000000000000000000e+00,0.000000000000000000e+00,0.000000000000000000e+00
1.000000000000000000e+00,6.020783996582031250e+01,2.490081787109375000e+01,9.883333206176757812e+00,1.000000000000000000e+00,0.000000000000000000e+00,0.000000000000000000e+00,0.000000000000000000e+00,0.000000000000000000e+00,0.000000000000000000e+00,0.000000000000000000e+00,0.000000000000000000e+00,0.000000000000000000e+00
1.000000000000000000e+00,6.020783996582031250e+01,2.490081787109375000e+01,9.883333206176757812e+00,1.000000000000000000e+00,0.000000000000000000e+00,0.000000000000000000e+00,0.000000000000000000e+00,0.000000000000000000e+00,0.000000000000000000e+00,0.000000000000000000e+00,0.000000000000000000e+00,0.000000000000000000e+00
1.000000000000000000e+00,6.020783996582031250e+01,2.490081787109375000e+01,9.899999618530273438e+00,1.000000000000000000e+00,0.000000000000000000e+00,0.000000000000000000e+00,0.000000000000000000e+00,0.000000000000000000e+00,0.000000000000000000e+00,0.000000000000000000e+00,0.000000000000000000e+00,0.000000000000000000e+00
1.000000000000000000e+00,6.020783996582031250e+01,2.490081787109375000e+01,9.899999618530273438e+00,1.000000000000000000e+00,0.000000000000000000e+00,0.000000000000000000e+00,0.000000000000000000e+00,0.000000000000000000e+00,0.000000000000000000e+00,0.000000000000000000e+00,0.000000000000000000e+00,0.000000000000000000e+00
1.000000000000000000e+00,6.020680236816406250e+01,2.490127182006835938e+01,1.151666641235351562e+01,1.000000000000000000e+00,0.000000000000000000e+00,0.000000000000000000e+00,0.000000000000000000e+00,0.000000000000000000e+00,0.000000000000000000e+00,0.000000000000000000e+00,0.000000000000000000e+00,0.000000000000000000e+00
1.000000000000000000e+00,6.020680618286132812e+01,2.490121459960937500e+01,1.151666641235351562e+01,1.000000000000000000e+00,6.239776749773171677e-02,-9.359665124659757307e-01,0.000000000000000000e+00,0.000000000000000000e+00,5.734747458790934795e-05,0.000000000000000000e+00,3.288732841610908508e-09,0.000000000000000000e+00
1.000000000000000000e+00,6.020686340332031250e+01,2.490103530883789062e+01,1.151666641235351562e+01,1.000000000000000000e+00,2.418332336593477516e-01,-7.577441321326229273e-01,6.239776749773171677e-02,-9.359665124659757307e-01,1.882003232352296460e-04,5.734747458790934795e-05,1.712246799911851302e-08,0.000000000000000000e+00
1.000000000000000000e+00,6.020697021484375000e+01,2.490064811706542969e+01,1.151666641235351562e+01,1.000000000000000000e+00,2.161724569015119890e-01,-7.836251562679810156e-01,2.418332336593477516e-01,-7.577441321326229273e-01,4.016542918984957041e-04,1.882003232352296460e-04,4.556259673809856713e-08,0.000000000000000000e+00
1.000000000000000000e+00,6.020695495605468750e+01,2.490072059631347656e+01,1.153333377838134766e+01,1.000000000000000000e+00,-1.737150506163965824e-01,8.251464904278837942e-01,2.161724569015119890e-01,-7.836251562679810156e-01,7.406802306727447297e-05,4.016542918984957041e-04,1.073127635267611376e-07,0.000000000000000000e+00
1.000000000000000000e+00,6.020695495605468750e+01,2.490072059631347656e+01,1.153333377838134766e+01,1.000000000000000000e+00,0.000000000000000000e+00,0.000000000000000000e+00,-1.737150506163965824e-01,8.251464904278837942e-01,0.000000000000000000e+00,7.406802306727447297e-05,5.486072041094303131e-09,0.000000000000000000e+00
1.000000000000000000e+00,6.020695495605468750e+01,2.490068054199218750e+01,1.153333377838134766e+01,1.000000000000000000e+00,0.000000000000000000e+00,-9.975096080125442910e-01,0.000000000000000000e+00,0.000000000000000000e+00,4.005432128906250000e-05,0.000000000000000000e+00,1.604348653927445412e-09,0.000000000000000000e+00
1.000000000000000000e+00,6.020695495605468750e+01,2.490068054199218750e+01,1.153333377838134766e+01,1.000000000000000000e+00,0.000000000000000000e+00,0.000000000000000000e+00,0.000000000000000000e+00,-9.975096080125442910e-01,0.000000000000000000e+00,4.005432128906250000e-05,1.604348653927445412e-09,0.000000000000000000e+00
1.000000000000000000e+00,6.020695495605468750e+01,2.490068054199218750e+01,1.153333377838134766e+01,1.000000000000000000e+00,0.000000000000000000e+00,0.000000000000000000e+00,0.000000000000000000e+00,0.000000000000000000e+00,0.000000000000000000e+00,0.000000000000000000e+00,0.000000000000000000e+00,0.000000000000000000e+00
1.000000000000000000e+00,6.020373153686523438e+01,2.489999771118164062e+01,1.155000019073486328e+01,1.000000000000000000e+00,-8.251741880407861274e-01,-1.748002126145570545e-01,0.000000000000000000e+00,0.000000000000000000e+00,3.294949041603943089e-03,0.000000000000000000e+00,1.085668918676674366e-05,0.000000000000000000e+00
1.000000000000000000e+00,6.020373153686523438e+01,2.489999771118164062e+01,1.155000019073486328e+01,1.000000000000000000e+00,0.000000000000000000e+00,0.000000000000000000e+00,-8.251741880407861274e-01,-1.748002126145570545e-01,0.000000000000000000e+00,3.294949041603943089e-03,1.085668918676674366e-05,0.000000000000000000e+00
1.000000000000000000e+00,6.020349884033203125e+01,2.489972305297851562e+01,1.155000019073486328e+01,1.000000000000000000e+00,-4.585562347627025748e-01,-5.412467033264686256e-01,0.000000000000000000e+00,0.000000000000000000e+00,3.599788953655572513e-04,0.000000000000000000e+00,1.295848051086068153e-07,0.000000000000000000e+00
1.000000000000000000e+00,6.020349884033203125e+01,2.489972305297851562e+01,1.155000019073486328e+01,1.000000000000000000e+00,0.000000000000000000e+00,0.000000000000000000e+00,-4.585562347627025748e-01,-5.412467033264686256e-01,0.000000000000000000e+00,3.599788953655572513e-04,1.295848051086068153e-07,0.000000000000000000e+00
1.000000000000000000e+00,6.020356369018554688e+01,2.489967155456542969e+01,1.155000019073486328e+01,1.000000000000000000e+00,5.568984013949662693e-01,-4.422428481665908739e-01,0.000000000000000000e+00,0.000000000000000000e+00,8.281056726872410207e-05,0.000000000000000000e+00,6.857590051367879741e-09,0.000000000000000000e+00
1.000000000000000000e+00,6.020366668701171875e+01,2.489955329895019531e+01,1.155000019073486328e+01,1.000000000000000000e+00,4.653069354805265401e-01,-5.342412962924564246e-01,5.568984013949662693e-01,-4.422428481665908739e-01,1.568207152640874126e-04,8.281056726872410207e-05,5.477502006295580211e-09,0.000000000000000000e+00
1.000000000000000000e+00,6.020655441284179688e+01,2.489950752258300781e+01,1.156666660308837891e+01,1.000000000000000000e+00,9.843617627399309233e-01,-1.560414947540181112e-02,4.653069354805265401e-01,-5.342412962924564246e-01,2.888088631862478165e-03,1.568207152640874126e-04,7.459824432239714382e-06,0.000000000000000000e+00
1.000000000000000000e+00,6.020656204223632812e+01,2.489951515197753906e+01,1.156666660308837891e+01,1.000000000000000000e+00,4.967445350153236183e-01,4.967445350153236183e-01,9.843617627399309233e-01,-1.560414947540181112e-02,1.078959321878887288e-05,2.888088631862478165e-03,8.278849757779898187e-06,0.000000000000000000e+00
1.000000000000000000e+00,6.020656204223632812e+01,2.489951515197753906e+01,1.156666660308837891e+01,1.000000000000000000e+00,0.000000000000000000e+00,0.000000000000000000e+00,4.967445350153236183e-01,4.967445350153236183e-01,0.000000000000000000e+00,1.078959321878887288e-05,1.164153218269348403e-10,0.000000000000000000e+00
1.000000000000000000e+00,6.020661926269531250e+01,2.489949226379394531e+01,1.156666660308837891e+01,1.000000000000000000e+00,7.133951796857925798e-01,-2.853580718743170541e-01,0.000000000000000000e+00,0.000000000000000000e+00,6.162832039414791233e-05,0.000000000000000000e+00,3.798049874603747494e-09,0.000000000000000000e+00
1.000000000000000000e+00,6.020774459838867188e+01,2.489889335632324219e+01,1.156666660308837891e+01,1.000000000000000000e+00,6.526170177797546712e-01,-3.473249891234626574e-01,7.133951796857925798e-01,-2.853580718743170541e-01,1.274782562326862070e-03,6.162832039414791233e-05,1.471743214719338582e-06,0.000000000000000000e+00
1.000000000000000000e+00,6.020775604248046875e+01,2.489887809753417969e+01,1.156666660308837891e+01,1.000000000000000000e+00,4.269724533313415948e-01,-5.692966044417887561e-01,6.526170177797546712e-01,-3.473249891234626574e-01,1.907348632812500000e-05,1.274782562326862070e-03,1.576805283545601964e-06,0.000000000000000000e+00
1.000000000000000000e+00,6.020775604248046875e+01,2.489887809753417969e+01,1.158333301544189453e+01,1.000000000000000000e+00,0.000000000000000000e+00,0.000000000000000000e+00,4.269724533313415948e-01,-5.692966044417887561e-01,0.000000000000000000e+00,1.907348632812500000e-05,3.637978807091712952e-10,0.000000000000000000e+00
1.000000000000000000e+00,6.020776748657226562e+01,2.489885330200195312e+01,1.158333301544189453e+01,1.000000000000000000e+00,3.149204788000572464e-01,-6.823277040667906634e-01,0.000000000000000000e+00,0.000000000000000000e+00,2.730907642989416771e-05,0.000000000000000000e+00,7.457856554538011551e-10,0.000000000000000000e+00
1.000000000000000000e+00,6.020776748657226562e+01,2.489885330200195312e+01,1.158333301544189453e+01,1.000000000000000000e+00,0.000000000000000000e+00,0.000000000000000000e+00,3.149204788000572464e-01,-6.823277040667906634e-01,0.000000000000000000e+00,2.730907642989416771e-05,7.457856554538011551e-10,0.000000000000000000e+00
1.000000000000000000e+00,6.020852661132812500e+01,2.489453125000000000e+01,1.158333301544189453e+01,1.000000000000000000e+00,1.493964592053001472e-01,-8.505838607015330233e-01,0.000000000000000000e+00,0.000000000000000000e+00,4.388211925436779660e-03,0.000000000000000000e+00,1.925640390254556794e-05,0.000000000000000000e+00
1.000000000000000000e+00,6.020853805541992188e+01,2.489435005187988281e+01,1.158333301544189453e+01,1.000000000000000000e+00,5.937511914607242203e-02,-9.401060531461465919e-01,1.493964592053001472e-01,-8.505838607015330233e-01,1.815591528154337022e-04,4.388211925436779660e-03,1.769592754940286087e-05,0.000000000000000000e+00
1.000000000000000000e+00,6.020854949951171875e+01,2.489421653747558594e+01,1.158333301544189453e+01,1.000000000000000000e+00,7.889294391607910850e-02,-9.204176790209229742e-01,5.937511914607242203e-02,-9.401060531461465919e-01,1.340039678211234794e-04,1.815591528154337022e-04,2.261495619843068149e-09,0.000000000000000000e+00
1.000000000000000000e+00,6.020856475830078125e+01,2.489398956298828125e+01,1.160000038146972656e+01,1.000000000000000000e+00,6.296613197842307330e-02,-9.366212131790431217e-01,7.889294391607910850e-02,-9.204176790209229742e-01,2.274868095755875274e-04,1.340039678211234794e-04,8.739041702490167439e-09,0.000000000000000000e+00
1.000000000000000000e+00,6.020857238769531250e+01,2.489368247985839844e+01,1.160000038146972656e+01,1.000000000000000000e+00,2.423472365164007838e-02,-9.754476269785131715e-01,6.296613197842307330e-02,-9.366212131790431217e-01,3.071778903494484141e-04,2.274868095755875274e-04,6.350668354906020044e-09,0.000000000000000000e+00
1.000000000000000000e+00,6.020857238769531250e+01,2.489368247985839844e+01,1.160000038146972656e+01,1.000000000000000000e+00,0.000000000000000000e+00,0.000000000000000000e+00,2.423472365164007838e-02,-9.754476269785131715e-01,0.000000000000000000e+00,3.071778903494484141e-04,9.435825631953775883e-08,0.000000000000000000e+00
1.000000000000000000e+00,6.020890426635742188e+01,2.489172363281250000e+01,1.160000038146972656e+01,1.000000000000000000e+00,1.448729429520803913e-01,-8.550834046654400833e-01,0.000000000000000000e+00,0.000000000000000000e+00,1.986762490985911640e-03,0.000000000000000000e+00,3.947225195588544858e-06,0.000000000000000000e+00
1.000000000000000000e+00,6.020893859863281250e+01,2.489150810241699219e+01,1.160000038146972656e+01,1.000000000000000000e+00,1.373496101126818747e-01,-8.622503301518361640e-01,1.448729429520803913e-01,-8.550834046654400833e-01,2.182476953400695123e-04,1.986762490985911640e-03,3.127644582418254352e-06,0.000000000000000000e+00
1.000000000000000000e+00,6.020895767211914062e+01,2.489139366149902344e+01,1.160000038146972656e+01,1.000000000000000000e+00,1.427502253854758540e-01,-8.565013523128550688e-01,1.373496101126818747e-01,-8.622503301518361640e-01,1.160194879588741278e-04,2.182476953400695123e-04,1.045060638437269113e-08,0.000000000000000000e+00
1.000000000000000000e+00,6.020895767211914062e+01,2.489137077331542969e+01,1.161666679382324219e+01,1.000000000000000000e+00,0.000000000000000000e+00,-9.956499390396731375e-01,1.427502253854758540e-01,-8.565013523128550688e-01,2.288818359375000000e-05,1.160194879588741278e-04,8.673439852749387613e-09,0.000000000000000000e+00
1.000000000000000000e+00,6.020895385742187500e+01,2.489138412475585938e+01,1.161666679382324219e+01,1.000000000000000000e+00,-2.209351815062052804e-01,7.732731352717184814e-01,0.000000000000000000e+00,-9.956499390396731375e-01,1.388570764404395686e-05,2.288818359375000000e-05,8.104457322503572196e-11,0.000000000000000000e+00
1.000000000000000000e+00,6.020898056030273438e+01,2.489125442504882812e+01,1.161666679382324219e+01,1.000000000000000000e+00,1.706226153783274579e-01,-8.287384175518762719e-01,-2.209351815062052804e-01,7.732731352717184814e-01,1.324200054756910906e-04,1.388570764404395686e-05,1.405037976244162644e-08,0.000000000000000000e+00
1.000000000000000000e+00,6.020898056030273438e+01,2.489125442504882812e+01,1.161666679382324219e+01,1.000000000000000000e+00,0.000000000000000000e+00,0.000000000000000000e+00,1.706226153783274579e-01,-8.287384175518762719e-01,0.000000000000000000e+00,1.324200054756910906e-04,1.753505785018205974e-08,0.000000000000000000e+00
1.000000000000000000e+00,6.020861434936523438e+01,2.488636016845703125e+01,1.161666679382324219e+01,1.000000000000000000e+00,-6.961434017537411478e-02,-9.303666504688019590e-01,0.000000000000000000e+00,0.000000000000000000e+00,4.907938267449152812e-03,0.000000000000000000e+00,2.408785803709179163e-05,0.000000000000000000e+00
1.000000000000000000e+00,6.020848846435546875e+01,2.488622283935546875e+01,1.161666679382324219e+01,1.000000000000000000e+00,-4.780792382553141762e-01,-5.215409871876154346e-01,-6.961434017537411478e-02,-9.303666504688019590e-01,1.862963172466244443e-04,4.907938267449152812e-03,2.229390270591233419e-05,0.000000000000000000e+00
1.000000000000000000e+00,6.020848846435546875e+01,2.488622283935546875e+01,1.163333320617675781e+01,1.000000000000000000e+00,0.000000000000000000e+00,0.000000000000000000e+00,-4.780792382553141762e-01,-5.215409871876154346e-01,0.000000000000000000e+00,1.862963172466244443e-04,3.470631781965494156e-08,0.000000000000000000e+00
1.000000000000000000e+00,6.020848846435546875e+01,2.488622283935546875e+01,1.163333320617675781e+01,1.000000000000000000e+00,0.000000000000000000e+00,0.000000000000000000e+00,0.000000000000000000e+00,0.000000000000000000e+00,0.000000000000000000e+00,0.000000000000000000e+00,0.000000000000000000e+00,0.000000000000000000e+00
1.000000000000000000e+00,6.020848846435546875e+01,2.488622283935546875e+01,1.163333320617675781e+01,1.000000000000000000e+00,0.000000000000000000e+00,0.000000000000000000e+00,0.000000000000000000e+00,0.000000000000000000e+00,0.000000000000000000e+00,0.000000000000000000e+00,0.000000000000000000e+00,0.000000000000000000e+00
1.000000000000000000e+00,6.020662689208984375e+01,2.487990188598632812e+01,1.163333320617675781e+01,1.000000000000000000e+00,-2.275030471534362497e-01,-7.724847318304177701e-01,0.000000000000000000e+00,0.000000000000000000e+00,6.589378027932106183e-03,0.000000000000000000e+00,4.341990279499441385e-05,0.000000000000000000e+00
1.000000000000000000e+00,6.020631027221679688e+01,2.487909317016601562e+01,1.163333320617675781e+01,1.000000000000000000e+00,-2.813309324691656843e-01,-7.185802130537726207e-01,-2.275030471534362497e-01,-7.724847318304177701e-01,8.684868577197578680e-04,6.589378027932106183e-03,3.272859578141361315e-05,0.000000000000000000e+00
1.000000000000000000e+00,6.020618438720703125e+01,2.487938880920410156e+01,1.163333320617675781e+01,1.000000000000000000e+00,-2.985717024612036252e-01,7.011911194164630601e-01,-2.813309324691656843e-01,-7.185802130537726207e-01,3.213245657027639858e-04,8.684868577197578680e-04,2.993865738052900442e-07,0.000000000000000000e+00
1.000000000000000000e+00,6.020618438720703125e+01,2.487938880920410156e+01,1.164999961853027344e+01,1.000000000000000000e+00,0.000000000000000000e+00,0.000000000000000000e+00,-2.985717024612036252e-01,7.011911194164630601e-01,0.000000000000000000e+00,3.213245657027639858e-04,1.032494765240698920e-07,0.000000000000000000e+00
1.000000000000000000e+00,6.020531463623046875e+01,2.488066291809082031e+01,1.164999961853027344e+01,1.000000000000000000e+00,-4.056750275312425158e-01,5.942783298045395401e-01,0.000000000000000000e+00,0.000000000000000000e+00,1.542666592769518412e-03,0.000000000000000000e+00,2.379820216447115368e-06,0.000000000000000000e+00
1.000000000000000000e+00,6.020553588867187500e+01,2.488050842285156250e+01,1.164999961853027344e+01,1.000000000000000000e+00,5.886758194578518566e-01,-4.110581153110861585e-01,-4.056750275312425158e-01,5.942783298045395401e-01,2.698544455471408839e-04,1.542666592769518412e-03,1.620050762116838947e-06,0.000000000000000000e+00
1.000000000000000000e+00,6.020229339599609375e+01,2.487848472595214844e+01,1.164999961853027344e+01,1.000000000000000000e+00,-6.157072507090525226e-01,-3.842737605895910069e-01,5.886758194578518566e-01,-4.110581153110861585e-01,3.822186271388815920e-03,2.698544455471408839e-04,1.261906140088764878e-05,0.000000000000000000e+00
1.000000000000000000e+00,6.020229339599609375e+01,2.487848472595214844e+01,1.164999961853027344e+01,1.000000000000000000e+00,0.000000000000000000e+00,0.000000000000000000e+00,-6.157072507090525226e-01,-3.842737605895910069e-01,0.000000000000000000e+00,3.822186271388815920e-03,1.460910789319313893e-05,0.000000000000000000e+00
1.000000000000000000e+00,6.020343017578125000e+01,2.487064170837402344e+01,1.164999961853027344e+01,1.000000000000000000e+00,1.265916233970040827e-01,-8.733972406182564097e-01,0.000000000000000000e+00,0.000000000000000000e+00,7.924972745108820743e-03,0.000000000000000000e+00,6.280519301071764394e-05,0.000000000000000000e+00
1.000000000000000000e+00,6.020343017578125000e+01,2.487064170837402344e+01,1.166666698455810547e+01,1.000000000000000000e+00,0.000000000000000000e+00,0.000000000000000000e+00,1.265916233970040827e-01,-8.733972406182564097e-01,0.000000000000000000e+00,7.924972745108820743e-03,6.280519301071764394e-05,0.000000000000000000e+00
1.000000000000000000e+00,6.020288085937500000e+01,2.486660957336425781e+01,1.166666698455810547e+01,1.000000000000000000e+00,-1.198974662446801592e-01,-8.800807070876869309e-01,0.000000000000000000e+00,0.000000000000000000e+00,4.069380942004944580e-03,0.000000000000000000e+00,1.655986125115304847e-05,0.000000000000000000e+00
1.000000000000000000e+00,6.020288085937500000e+01,2.486660957336425781e+01,1.166666698455810547e+01,1.000000000000000000e+00,0.000000000000000000e+00,0.000000000000000000e+00,-1.198974662446801592e-01,-8.800807070876869309e-01,0.000000000000000000e+00,4.069380942004944580e-03,1.655986125115304847e-05,0.000000000000000000e+00
1.000000000000000000e+00,6.020288085937500000e+01,2.486660957336425781e+01,1.166666698455810547e+01,1.000000000000000000e+00,0.000000000000000000e+00,0.000000000000000000e+00,0.000000000000000000e+00,0.000000000000000000e+00,0.000000000000000000e+00,0.000000000000000000e+00,0.000000000000000000e+00,0.000000000000000000e+00
1.000000000000000000e+00,6.020394134521484375e+01,2.485280609130859375e+01,1.166666698455810547e+01,1.000000000000000000e+00,7.134559982494750874e-02,-9.286476725416279443e-01,0.000000000000000000e+00,0.000000000000000000e+00,1.384415931277695362e-02,0.000000000000000000e+00,1.916607470775488493e-04,0.000000000000000000e+00
1.000000000000000000e+00,6.020629119873046875e+01,2.484229469299316406e+01,1.166666698455810547e+01,1.000000000000000000e+00,1.827065728775963127e-01,-8.172856518899620504e-01,7.134559982494750874e-02,-9.286476725416279443e-01,1.077085447355562685e-02,1.384415931277695362e-02,9.445202634781225083e-06,0.000000000000000000e+00
1.000000000000000000e+00,6.020629119873046875e+01,2.484229469299316406e+01,1.168333339691162109e+01,1.000000000000000000e+00,0.000000000000000000e+00,0.000000000000000000e+00,1.827065728775963127e-01,-8.172856518899620504e-01,0.000000000000000000e+00,1.077085447355562685e-02,1.160113060905132578e-04,0.000000000000000000e+00
1.000000000000000000e+00,6.020629119873046875e+01,2.484229469299316406e+01,1.168333339691162109e+01,1.000000000000000000e+00,0.000000000000000000e+00,0.000000000000000000e+00,0.000000000000000000e+00,0.000000000000000000e+00,0.000000000000000000e+00,0.000000000000000000e+00,0.000000000000000000e+00,0.000000000000000000e+00
1.000000000000000000e+00,6.020289611816406250e+01,2.488134765625000000e+01,1.168333339691162109e+01,1.000000000000000000e+00,-7.998183808798953187e-02,9.200158060963964379e-01,0.000000000000000000e+00,0.000000000000000000e+00,3.920026162147603743e-02,0.000000000000000000e+00,1.536660511192167178e-03,0.000000000000000000e+00
1.000000000000000000e+00,6.020289611816406250e+01,2.488134765625000000e+01,1.168333339691162109e+01,1.000000000000000000e+00,0.000000000000000000e+00,0.000000000000000000e+00,-7.998183808798953187e-02,9.200158060963964379e-01,0.000000000000000000e+00,3.920026162147603743e-02,1.536660511192167178e-03,0.000000000000000000e+00
1.000000000000000000e+00,6.020289611816406250e+01,2.488134765625000000e+01,1.168333339691162109e+01,1.000000000000000000e+00,0.000000000000000000e+00,0.000000000000000000e+00,0.000000000000000000e+00,0.000000000000000000e+00,0.000000000000000000e+00,0.000000000000000000e+00,0.000000000000000000e+00,0.000000000000000000e+00
1.000000000000000000e+00,6.020289611816406250e+01,2.488134765625000000e+01,1.168333339691162109e+01,1.000000000000000000e+00,0.000000000000000000e+00,0.000000000000000000e+00,0.000000000000000000e+00,0.000000000000000000e+00,0.000000000000000000e+00,0.000000000000000000e+00,0.000000000000000000e+00,0.000000000000000000e+00
1.000000000000000000e+00,6.020289611816406250e+01,2.488134765625000000e+01,1.169999980926513672e+01,1.000000000000000000e+00,0.000000000000000000e+00,0.000000000000000000e+00,0.000000000000000000e+00,0.000000000000000000e+00,0.000000000000000000e+00,0.000000000000000000e+00,0.000000000000000000e+00,0.000000000000000000e+00
1.000000000000000000e+00,6.020918273925781250e+01,2.481048202514648438e+01,1.169999980926513672e+01,1.000000000000000000e+00,8.148320711825043916e-02,-9.185154967449870034e-01,0.000000000000000000e+00,0.000000000000000000e+00,7.114393351843811830e-02,0.000000000000000000e+00,5.061459276475942758e-03,0.000000000000000000e+00
1.000000000000000000e+00,6.020918273925781250e+01,2.481048202514648438e+01,1.169999980926513672e+01,1.000000000000000000e+00,0.000000000000000000e+00,0.000000000000000000e+00,8.148320711825043916e-02,-9.185154967449870034e-01,0.000000000000000000e+00,7.114393351843811830e-02,5.061459276475942758e-03,0.000000000000000000e+00
1.000000000000000000e+00,6.021281433105468750e+01,2.508707427978515625e+01,1.169999980926513672e+01,1.000000000000000000e+00,1.295960549792016768e-02,9.870400376446403223e-01,0.000000000000000000e+00,0.000000000000000000e+00,2.766160945879379551e-01,0.000000000000000000e+00,7.651646378508303314e-02,0.000000000000000000e+00
1.000000000000000000e+00,6.021281433105468750e+01,2.508707427978515625e+01,1.169999980926513672e+01,1.000000000000000000e+00,0.000000000000000000e+00,0.000000000000000000e+00,1.295960549792016768e-02,9.870400376446403223e-01,0.000000000000000000e+00,2.766160945879379551e-01,7.651646378508303314e-02,0.000000000000000000e+00
1.000000000000000000e+00,6.021281433105468750e+01,2.508707427978515625e+01,1.169999980926513672e+01,1.000000000000000000e+00,0.000000000000000000e+00,0.000000000000000000e+00,0.000000000000000000e+00,0.000000000000000000e+00,0.000000000000000000e+00,0.000000000000000000e+00,0.000000000000000000e+00,0.000000000000000000e+00
1.000000000000000000e+00,6.020767974853515625e+01,2.481503295898437500e+01,1.171666622161865234e+01,1.000000000000000000e+00,-1.852462860429364075e-02,-9.814750106141134633e-01,0.000000000000000000e+00,0.000000000000000000e+00,2.720897722456385170e-01,0.000000000000000000e+00,7.403284416068343921e-02,0.000000000000000000e+00
1.000000000000000000e+00,6.020281600952148438e+01,2.481228256225585938e+01,1.171666622161865234e+01,1.000000000000000000e+00,-6.387691658565022301e-01,-3.612177008490495278e-01,-1.852462860429364075e-02,-9.814750106141134633e-01,5.587543230914935113e-03,2.720897722456385170e-01,7.102343806981617491e-02,0.000000000000000000e+00
1.000000000000000000e+00,6.020078277587890625e+01,2.480904197692871094e+01,1.171666622161865234e+01,1.000000000000000000e+00,-3.855261436987042489e-01,-6.144548950695107870e-01,-6.387691658565022301e-01,-3.612177008490495278e-01,3.825628354642052458e-03,5.587543230914935113e-03,3.104344031231687467e-06,0.000000000000000000e+00
1.000000000000000000e+00,6.020078277587890625e+01,2.480904197692871094e+01,1.171666622161865234e+01,1.000000000000000000e+00,0.000000000000000000e+00,0.000000000000000000e+00,-3.855261436987042489e-01,-6.144548950695107870e-01,0.000000000000000000e+00,3.825628354642052458e-03,1.463543230784125795e-05,0.000000000000000000e+00
1.000000000000000000e+00,6.019919204711914062e+01,2.481097030639648438e+01,1.171666622161865234e+01,1.000000000000000000e+00,-4.520196754205101919e-01,5.479519086932084226e-01,0.000000000000000000e+00,0.000000000000000000e+00,2.499774494515229727e-03,0.000000000000000000e+00,6.248872523428872228e-06,0.000000000000000000e+00
1.000000000000000000e+00,6.019919204711914062e+01,2.481097030639648438e+01,1.171666622161865234e+01,1.000000000000000000e+00,0.000000000000000000e+00,0.000000000000000000e+00,-4.520196754205101919e-01,5.479519086932084226e-01,0.000000000000000000e+00,2.499774494515229727e-03,6.248872523428872228e-06,0.000000000000000000e+00
1.000000000000000000e+00,6.019518661499023438e+01,2.480597686767578125e+01,1.173333358764648438e+01,1.000000000000000000e+00,-4.450989114027541493e-01,-5.548899762154334558e-01,0.000000000000000000e+00,0.000000000000000000e+00,6.401399596704748438e-03,0.000000000000000000e+00,4.097791679669171572e-05,0.000000000000000000e+00
1.000000000000000000e+00,6.019518661499023438e+01,2.480597686767578125e+01,1.173333358764648438e+01,1.000000000000000000e+00,0.000000000000000000e+00,0.000000000000000000e+00,-4.450989114027541493e-01,-5.548899762154334558e-01,0.000000000000000000e+00,6.401399596704748438e-03,4.097791679669171572e-05,0.000000000000000000e+00
1.000000000000000000e+00,6.018700790405273438e+01,2.480906677246093750e+01,1.173333358764648438e+01,1.000000000000000000e+00,-7.257890906819435273e-01,2.742020351923387667e-01,0.000000000000000000e+00,0.000000000000000000e+00,8.742929953997894549e-03,0.000000000000000000e+00,7.643882418051362038e-05,0.000000000000000000e+00
1.000000000000000000e+00,6.018700790405273438e+01,2.480906677246093750e+01,1.173333358764648438e+01,1.000000000000000000e+00,0.000000000000000000e+00,0.000000000000000000e+00,-7.257890906819435273e-01,2.742020351923387667e-01,0.000000000000000000e+00,8.742929953997894549e-03,7.643882418051362038e-05,0.000000000000000000e+00
1.000000000000000000e+00,6.018711471557617188e+01,2.480883216857910156e+01,1.173333358764648438e+01,1.000000000000000000e+00,3.127575558472401873e-01,-6.869496315930454511e-01,0.000000000000000000e+00,0.000000000000000000e+00,2.577744807220647507e-04,0.000000000000000000e+00,6.644768291153013706e-08,0.000000000000000000e+00
1.000000000000000000e+00,6.018721771240234375e+01,2.480861473083496094e+01,1.173333358764648438e+01,1.000000000000000000e+00,3.213282925191498496e-01,-6.783597286515384850e-01,3.127575558472401873e-01,-6.869496315930454511e-01,2.405982518191753915e-04,2.577744807220647507e-04,2.950228393244517952e-10,0.000000000000000000e+00
1.000000000000000000e+00,6.018721771240234375e+01,2.480861473083496094e+01,1.175000000000000000e+01,1.000000000000000000e+00,0.000000000000000000e+00,0.000000000000000000e+00,3.213282925191498496e-01,-6.783597286515384850e-01,0.000000000000000000e+00,2.405982518191753915e-04,5.788751877844333649e-08,0.000000000000000000e+00
1.000000000000000000e+00,6.018590927124023438e+01,2.481067657470703125e+01,1.175000000000000000e+01,1.000000000000000000e+00,-3.882171172848903895e-01,6.117532125145284105e-01,0.000000000000000000e+00,0.000000000000000000e+00,2.441970193818104699e-03,0.000000000000000000e+00,5.963218427496031774e-06,0.000000000000000000e+00
1.000000000000000000e+00,6.018595886230468750e+01,2.481125640869140625e+01,1.175000000000000000e+01,1.000000000000000000e+00,7.877536334009248298e-02,9.210657867456966130e-01,-3.882171172848903895e-01,6.117532125145284105e-01,5.819507909692895470e-04,2.441970193818104699e-03,3.459672178974063083e-06,0.000000000000000000e+00
1.000000000000000000e+00,6.018595886230468750e+01,2.481125640869140625e+01,1.175000000000000000e+01,1.000000000000000000e+00,0.000000000000000000e+00,0.000000000000000000e+00,7.877536334009248298e-02,9.210657867456966130e-01,0.000000000000000000e+00,5.819507909692895470e-04,3.386667231097817421e-07,0.000000000000000000e+00
1.000000000000000000e+00,6.018651199340820312e+01,2.481238555908203125e+01,1.175000000000000000e+01,1.000000000000000000e+00,3.287786423246227829e-01,6.711619181247471255e-01,0.000000000000000000e+00,0.000000000000000000e+00,1.257352226834232379e-03,0.000000000000000000e+00,1.580934622325002935e-06,0.000000000000000000e+00
1.000000000000000000e+00,6.018638610839843750e+01,2.481242370605468750e+01,1.175000000000000000e+01,1.000000000000000000e+00,-7.669742844027662709e-01,2.324164498190200989e-01,3.287786423246227829e-01,6.711619181247471255e-01,1.315379306760152149e-04,1.257352226834232379e-03,1.267457829434222078e-06,0.000000000000000000e+00
1.000000000000000000e+00,6.018638610839843750e+01,2.481242370605468750e+01,1.176666641235351562e+01,1.000000000000000000e+00,0.000000000000000000e+00,0.000000000000000000e+00,-7.669742844027662709e-01,2.324164498190200989e-01,0.000000000000000000e+00,1.315379306760152149e-04,1.730222720652818349e-08,0.000000000000000000e+00
1.000000000000000000e+00,6.018676757812500000e+01,2.481868553161621094e+01,1.176666641235351562e+01,1.000000000000000000e+00,5.742089850450659422e-02,9.425640489514758302e-01,0.000000000000000000e+00,0.000000000000000000e+00,6.273434347726290078e-03,0.000000000000000000e+00,3.935597851523198187e-05,0.000000000000000000e+00
1.000000000000000000e+00,6.018672943115234375e+01,2.481958007812500000e+01,1.176666641235351562e+01,1.000000000000000000e+00,-4.089541084393445020e-02,9.589973842902629331e-01,5.742089850450659422e-02,9.425640489514758302e-01,8.953595076334069664e-04,6.273434347726290078e-03,2.892368898564009338e-05,0.000000000000000000e+00
1.000000000000000000e+00,6.018672943115234375e+01,2.481958007812500000e+01,1.176666641235351562e+01,1.000000000000000000e+00,0.000000000000000000e+00,0.000000000000000000e+00,-4.089541084393445020e-02,9.589973842902629331e-01,0.000000000000000000e+00,8.953595076334069664e-04,8.016686479095369577e-07,0.000000000000000000e+00
1.000000000000000000e+00,6.018696594238281250e+01,2.482078170776367188e+01,1.176666641235351562e+01,1.000000000000000000e+00,1.644447988813373951e-01,8.354856717358271068e-01,0.000000000000000000e+00,0.000000000000000000e+00,1.224684184054216935e-03,0.000000000000000000e+00,1.499851350672543049e-06,0.000000000000000000e+00
1.000000000000000000e+00,6.018696594238281250e+01,2.482078170776367188e+01,1.176666641235351562e+01,1.000000000000000000e+00,0.000000000000000000e+00,0.000000000000000000e+00,1.644447988813373951e-01,8.354856717358271068e-01,0.000000000000000000e+00,1.224684184054216935e-03,1.499851350672543049e-06,0.000000000000000000e+00
1.000000000000000000e+00,6.018676376342773438e+01,2.482137680053710938e+01,1.178333377838134766e+01,1.000000000000000000e+00,-2.535567136980116931e-01,7.463178742809399857e-01,0.000000000000000000e+00,0.000000000000000000e+00,6.284995933761756970e-04,0.000000000000000000e+00,3.950117388740181923e-07,0.000000000000000000e+00
1.000000000000000000e+00,6.018676376342773438e+01,2.482137680053710938e+01,1.178333377838134766e+01,1.000000000000000000e+00,0.000000000000000000e+00,0.000000000000000000e+00,-2.535567136980116931e-01,7.463178742809399857e-01,0.000000000000000000e+00,6.284995933761756970e-04,3.950117388740181923e-07,0.000000000000000000e+00
1.000000000000000000e+00,6.018676376342773438e+01,2.482137680053710938e+01,1.178333377838134766e+01,1.000000000000000000e+00,0.000000000000000000e+00,0.000000000000000000e+00,0.000000000000000000e+00,0.000000000000000000e+00,0.000000000000000000e+00,0.000000000000000000e+00,0.000000000000000000e+00,0.000000000000000000e+00
1.000000000000000000e+00,6.018676376342773438e+01,2.482137680053710938e+01,1.178333377838134766e+01,1.000000000000000000e+00,0.000000000000000000e+00,0.000000000000000000e+00,0.000000000000000000e+00,0.000000000000000000e+00,0.000000000000000000e+00,0.000000000000000000e+00,0.000000000000000000e+00,0.000000000000000000e+00
1.000000000000000000e+00,6.018741989135742188e+01,2.481991577148437500e+01,1.178333377838134766e+01,1.000000000000000000e+00,3.098952725790387608e-01,-6.900574964986735393e-01,0.000000000000000000e+00,0.000000000000000000e+00,1.601596001821280158e-03,0.000000000000000000e+00,2.565109753049910069e-06,0.000000000000000000e+00
1.000000000000000000e+00,6.018732452392578125e+01,2.482008171081542969e+01,1.178333377838134766e+01,1.000000000000000000e+00,-3.648238884767578960e-01,6.347935659495587135e-01,3.098952725790387608e-01,-6.900574964986735393e-01,1.913917673480404805e-04,1.601596001821280158e-03,1.988675982926255966e-06,0.000000000000000000e+00
1.000000000000000000e+00,6.018750000000000000e+01,2.482896995544433594e+01,1.046666622161865234e+01,2.000000000000000000e+00,0.000000000000000000e+00,0.000000000000000000e+00,-3.648238884767578960e-01,6.347935659495587135e-01,0.000000000000000000e+00,1.913917673480404805e-04,3.663080860860645109e-08,0.000000000000000000e+00
1.000000000000000000e+00,6.018740081787109375e+01,2.482892608642578125e+01,1.046666622161865234e+01,2.000000000000000000e+00,-6.928489967802348160e-01,-3.064524408835653801e-01,0.000000000000000000e+00,0.000000000000000000e+00,1.084508436266288752e-04,0.000000000000000000e+00,1.176158548332750963e-08,0.000000000000000000e+00
1.000000000000000000e+00,6.018740081787109375e+01,2.482892608642578125e+01,1.048333358764648438e+01,2.000000000000000000e+00,0.000000000000000000e+00,0.000000000000000000e+00,-6.928489967802348160e-01,-3.064524408835653801e-01,0.000000000000000000e+00,1.084508436266288752e-04,1.176158548332750963e-08,0.000000000000000000e+00
1.000000000000000000e+00,6.018738555908203125e+01,2.482891464233398438e+01,1.048333358764648438e+01,2.000000000000000000e+00,-5.692966044417887561e-01,-4.269724533313415948e-01,0.000000000000000000e+00,0.000000000000000000e+00,1.907348632812500000e-05,0.000000000000000000e+00,3.637978807091712952e-10,0.000000000000000000e+00
1.000000000000000000e+00,6.018738555908203125e+01,2.482891464233398438e+01,1.048333358764648438e+01,2.000000000000000000e+00,0.000000000000000000e+00,0.000000000000000000e+00,-5.692966044417887561e-01,-4.269724533313415948e-01,0.000000000000000000e+00,1.907348632812500000e-05,3.637978807091712952e-10,0.000000000000000000e+00
1.000000000000000000e+00,6.018732452392578125e+01,2.482888793945312500e+01,1.048333358764648438e+01,2.000000000000000000e+00,-6.948602024655863296e-01,-3.040013385786940470e-01,0.000000000000000000e+00,0.000000000000000000e+00,6.662082365636054580e-05,0.000000000000000000e+00,4.438334144651888974e-09,0.000000000000000000e+00
1.000000000000000000e+00,6.018713378906250000e+01,2.482890892028808594e+01,1.048333358764648438e+01,2.000000000000000000e+00,-9.004755778920884302e-01,9.905231356812972676e-02,-6.948602024655863296e-01,-3.040013385786940470e-01,1.918853394779685328e-04,6.662082365636054580e-05,1.569119892402187777e-08,0.000000000000000000e+00
1.000000000000000000e+00,6.018705749511718750e+01,2.482890892028808594e+01,1.048333358764648438e+01,2.000000000000000000e+00,-9.986909957380661895e-01,0.000000000000000000e+00,-9.004755778920884302e-01,9.905231356812972676e-02,7.629394531250000000e-05,1.918853394779685328e-04,1.336137040511671290e-08,0.000000000000000000e+00
1.000000000000000000e+00,6.018671035766601562e+01,2.482891082763671875e+01,1.050000000000000000e+01,2.000000000000000000e+00,-9.942506701118406509e-01,5.462915769845278283e-03,-9.986909957380661895e-01,0.000000000000000000e+00,3.471426911010989198e-04,7.629394531250000000e-05,7.335904309525708615e-08,0.000000000000000000e+00
1.000000000000000000e+00,6.018664550781250000e+01,2.482898139953613281e+01,1.050000000000000000e+01,2.000000000000000000e+00,-4.785198841788220192e-01,5.207422269004827742e-01,-9.942506701118406509e-01,5.462915769845278283e-03,9.584308262940301843e-05,3.471426911010989198e-04,6.315149321802765290e-08,0.000000000000000000e+00
1.000000000000000000e+00,6.018660736083984375e+01,2.482891845703125000e+01,1.050000000000000000e+01,2.000000000000000000e+00,-3.769855679067420917e-01,-6.220261870461244458e-01,-4.785198841788220192e-01,5.207422269004827742e-01,7.359993507985969157e-05,9.584308262940301843e-05,4.947576129107552683e-10,0.000000000000000000e+00
1.000000000000000000e+00,6.018660736083984375e+01,2.482891082763671875e+01,1.050000000000000000e+01,2.000000000000000000e+00,0.000000000000000000e+00,-9.870623760249654932e-01,-3.769855679067420917e-01,-6.220261870461244458e-01,7.629394531250000000e-06,7.359993507985969157e-05,4.352112220275755280e-09,0.000000000000000000e+00
1.000000000000000000e+00,6.018697738647460938e+01,2.483098793029785156e+01,1.050000000000000000e+01,2.000000000000000000e+00,1.512019272520627455e-01,8.487572101932799873e-01,0.000000000000000000e+00,-9.870623760249654932e-01,2.109804359477132803e-03,7.629394531250000000e-06,4.419139583245223536e-06,0.000000000000000000e+00
1.000000000000000000e+00,6.018696212768554688e+01,2.483088111877441406e+01,1.050000000000000000e+01,2.000000000000000000e+00,-1.248976838174167686e-01,-8.742837867219174219e-01,1.512019272520627455e-01,8.487572101932799873e-01,1.078959321878887254e-04,2.109804359477132803e-03,4.007637351251695031e-06,0.000000000000000000e+00
1.000000000000000000e+00,6.018700408935546875e+01,2.483076477050781250e+01,1.051666641235351562e+01,2.000000000000000000e+00,2.648929154495719973e-01,-7.344758110192678435e-01,-1.248976838174167686e-01,-8.742837867219174219e-01,1.236838747930410400e-04,1.078959321878887254e-04,2.492591317035836697e-10,0.000000000000000000e+00
1.000000000000000000e+00,6.018700408935546875e+01,2.483062171936035156e+01,1.051666641235351562e+01,2.000000000000000000e+00,0.000000000000000000e+00,-9.993014376638001961e-01,2.648929154495719973e-01,-7.344758110192678435e-01,1.430511474609375000e-04,1.236838747930410400e-04,3.750912505926492453e-10,0.000000000000000000e+00
1.000000000000000000e+00,6.018700408935546875e+01,2.483059120178222656e+01,1.051666641235351562e+01,2.000000000000000000e+00,0.000000000000000000e+00,-9.967339023487834515e-01,0.000000000000000000e+00,-9.993014376638001961e-01,3.051757812500000000e-05,1.430511474609375000e-04,1.266380422748625278e-08,0.000000000000000000e+00
1.000000000000000000e+00,6.018701934814453125e+01,2.483058738708496094e+01,1.051666641235351562e+01,2.000000000000000000e+00,7.958275715417154617e-01,-1.989568928854288654e-01,0.000000000000000000e+00,-9.967339023487834515e-01,1.572839975592674479e-05,3.051757812500000000e-05,2.187197968322642647e-10,0.000000000000000000e+00
1.000000000000000000e+00,6.018701934814453125e+01,2.483057975769042969e+01,1.051666641235351562e+01,2.000000000000000000e+00,0.000000000000000000e+00,-9.870623760249654932e-01,7.958275715417154617e-01,-1.989568928854288654e-01,7.629394531250000000e-06,1.572839975592674479e-05,6.559388562934120502e-11,0.000000000000000000e+00
1.000000000000000000e+00,6.018702316284179688e+01,2.483057403564453125e+01,1.051666641235351562e+01,2.000000000000000000e+00,3.958492200820326046e-01,-5.937738301230488513e-01,0.000000000000000000e+00,-9.870623760249654932e-01,6.877043295791605234e-06,7.629394531250000000e-06,5.660323814957729333e-13,0.000000000000000000e+00
1.000000000000000000e+00,6.018702316284179688e+01,2.483057022094726562e+01,1.053333377838134766e+01,2.000000000000000000e+00,0.000000000000000000e+00,-9.744552405423272390e-01,3.958492200820326046e-01,-5.937738301230488513e-01,3.814697265625000000e-06,6.877043295791605234e-06,9.377963208477166220e-12,0.000000000000000000e+00
1.000000000000000000e+00,6.018702316284179688e+01,2.483056831359863281e+01,1.053333377838134766e+01,2.000000000000000000e+00,0.000000000000000000e+00,-9.501830432614539745e-01,0.000000000000000000e+00,-9.744552405423272390e-01,1.907348632812500000e-06,3.814697265625000000e-06,3.637978807091712952e-12,0.000000000000000000e+00
1.000000000000000000e+00,6.018729400634765625e+01,2.483009338378906250e+01,1.128333377838134766e+01,2.000000000000000000e+00,0.000000000000000000e+00,0.000000000000000000e+00,0.000000000000000000e+00,-9.501830432614539745e-01,0.000000000000000000e+00,1.907348632812500000e-06,3.637978807091712952e-12,0.000000000000000000e+00
1.000000000000000000e+00,6.018729782104492188e+01,2.482969474792480469e+01,1.128333377838134766e+01,2.000000000000000000e+00,9.476318331760415214e-03,-9.902752656689635113e-01,0.000000000000000000e+00,0.000000000000000000e+00,3.986541159800077380e-04,0.000000000000000000e+00,1.589251041878014538e-07,0.000000000000000000e+00
1.000000000000000000e+00,6.018730926513671875e+01,2.482962608337402344e+01,1.128333377838134766e+01,2.000000000000000000e+00,1.426790359371585271e-01,-8.560742156229510513e-01,9.476318331760415214e-03,-9.902752656689635113e-01,6.961169277532447397e-05,3.986541159800077380e-04,1.082689162684098795e-07,0.000000000000000000e+00
1.000000000000000000e+00,6.018726730346679688e+01,2.482932472229003906e+01,1.128333377838134766e+01,2.000000000000000000e+00,-1.221866327859277429e-01,-8.775221809171174225e-01,1.426790359371585271e-01,-8.560742156229510513e-01,3.042684418122751952e-04,6.961169277532447397e-05,5.506378986859046996e-08,0.000000000000000000e+00
1.000000000000000000e+00,6.018726730346679688e+01,2.482932472229003906e+01,1.128333377838134766e+01,2.000000000000000000e+00,0.000000000000000000e+00,0.000000000000000000e+00,-1.221866327859277429e-01,-8.775221809171174225e-01,0.000000000000000000e+00,3.042684418122751952e-04,9.257928468286989796e-08,0.000000000000000000e+00
1.000000000000000000e+00,6.018802261352539062e+01,2.482935905456542969e+01,1.130000019073486328e+01,2.000000000000000000e+00,9.564006209254243274e-01,4.347275549661019228e-02,0.000000000000000000e+00,0.000000000000000000e+00,7.560899349590574853e-04,0.000000000000000000e+00,5.716719897463917732e-07,0.000000000000000000e+00
1.000000000000000000e+00,6.018805313110351562e+01,2.482938194274902344e+01,1.130000019073486328e+01,2.000000000000000000e+00,5.703605956572287417e-01,4.277704467429215840e-01,9.564006209254243274e-01,4.347275549661019228e-02,3.814697265625000000e-05,7.560899349590574853e-04,5.154420971201304463e-07,0.000000000000000000e+00
1.000000000000000000e+00,6.018799972534179688e+01,2.482929229736328125e+01,1.130000019073486328e+01,2.000000000000000000e+00,-3.730725367278187043e-01,-6.262289009359813807e-01,5.703605956572287417e-01,4.277704467429215840e-01,1.043478345229334323e-04,3.814697265625000000e-05,4.382554111891700266e-09,0.000000000000000000e+00
1.000000000000000000e+00,6.018798828125000000e+01,2.482927703857421875e+01,1.130000019073486328e+01,2.000000000000000000e+00,-4.269724533313415948e-01,-5.692966044417887561e-01,-3.730725367278187043e-01,-6.262289009359813807e-01,1.907348632812500000e-05,1.043478345229334323e-04,7.271714460049428511e-09,0.000000000000000000e+00
1.000000000000000000e+00,6.018796920776367188e+01,2.482924842834472656e+01,1.130000019073486328e+01,2.000000000000000000e+00,-3.991628947369765257e-01,-5.987443421054647885e-01,-4.269724533313415948e-01,-5.692966044417887561e-01,3.438521647895802702e-05,1.907348632812500000e-05,2.344490802119291927e-10,0.000000000000000000e+00
1.000000000000000000e+00,6.018796920776367188e+01,2.482924842834472656e+01,1.130000019073486328e+01,2.000000000000000000e+00,0.000000000000000000e+00,0.000000000000000000e+00,-3.991628947369765257e-01,-5.987443421054647885e-01,0.000000000000000000e+00,3.438521647895802702e-05,1.182343112304806709e-09,0.000000000000000000e+00
1.000000000000000000e+00,6.018711853027343750e+01,2.482787513732910156e+01,1.131666660308837891e+01,2.000000000000000000e+00,-3.824870897606075237e-01,-6.174679475955996422e-01,0.000000000000000000e+00,0.000000000000000000e+00,1.615419575834030515e-03,0.000000000000000000e+00,2.609580405987799168e-06,0.000000000000000000e+00
1.000000000000000000e+00,6.018711853027343750e+01,2.482787513732910156e+01,1.131666660308837891e+01,2.000000000000000000e+00,0.000000000000000000e+00,0.000000000000000000e+00,-3.824870897606075237e-01,-6.174679475955996422e-01,0.000000000000000000e+00,1.615419575834030515e-03,2.609580405987799168e-06,0.000000000000000000e+00
1.000000000000000000e+00,6.018848419189453125e+01,2.482659912109375000e+01,1.131666660308837891e+01,2.000000000000000000e+00,5.169479401009661190e-01,-4.830142066027183212e-01,0.000000000000000000e+00,0.000000000000000000e+00,1.869023567590623845e-03,0.000000000000000000e+00,3.493249096209183335e-06,0.000000000000000000e+00
1.000000000000000000e+00,6.018892288208007812e+01,2.482805061340332031e+01,1.131666660308837891e+01,2.000000000000000000e+00,2.320765211972607989e-01,7.678705766570237401e-01,5.169479401009661190e-01,-4.830142066027183212e-01,1.516337364717005058e-03,1.869023567590623845e-03,1.243875576974113761e-07,0.000000000000000000e+00
1.000000000000000000e+00,6.018892288208007812e+01,2.482805061340332031e+01,1.131666660308837891e+01,2.000000000000000000e+00,0.000000000000000000e+00,0.000000000000000000e+00,2.320765211972607989e-01,7.678705766570237401e-01,0.000000000000000000e+00,1.516337364717005058e-03,2.299279003636911511e-06,0.000000000000000000e+00
1.000000000000000000e+00,6.018868255615234375e+01,2.482623863220214844e+01,1.131666660308837891e+01,2.000000000000000000e+00,-1.170946662334228505e-01,-8.828566104900928968e-01,0.000000000000000000e+00,0.000000000000000000e+00,1.827849125322344179e-03,0.000000000000000000e+00,3.341032424941658550e-06,0.000000000000000000e+00
1.000000000000000000e+00,6.018863677978515625e+01,2.482621002197265625e+01,1.133333301544189453e+01,2.000000000000000000e+00,-6.145584471304381680e-01,-3.840990294565238550e-01,-1.170946662334228505e-01,-8.828566104900928968e-01,5.398167304262125254e-05,1.827849125322344179e-03,3.146605738257355220e-06,0.000000000000000000e+00
1.000000000000000000e+00,6.018889236450195312e+01,2.482597160339355469e+01,1.133333301544189453e+01,2.000000000000000000e+00,5.172698075857609101e-01,-4.825278055837321500e-01,-6.145584471304381680e-01,-3.840990294565238550e-01,3.495239138041155683e-04,5.398167304262125254e-05,8.734521607432508473e-08,0.000000000000000000e+00
1.000000000000000000e+00,6.018891143798828125e+01,2.482605361938476562e+01,1.133333301544189453e+01,2.000000000000000000e+00,1.884927839533710459e-01,8.105189709994954361e-01,5.172698075857609101e-01,-4.825278055837321500e-01,8.420463582856794668e-05,3.495239138041155683e-04,7.039431926546590337e-08,0.000000000000000000e+00
1.000000000000000000e+00,6.018896865844726562e+01,2.482609367370605469e+01,1.133333301544189453e+01,2.000000000000000000e+00,5.876312000262756685e-01,4.113418400183930235e-01,1.884927839533710459e-01,8.105189709994954361e-01,6.984647149505826904e-05,8.420463582856794668e-05,2.061568830280693975e-10,0.000000000000000000e+00
1.000000000000000000e+00,6.018901062011718750e+01,2.482596397399902344e+01,1.133333301544189453e+01,2.000000000000000000e+00,2.443021281398242428e-01,-7.551156687958203717e-01,5.876312000262756685e-01,4.113418400183930235e-01,1.363187285248232774e-04,6.984647149505826904e-05,4.418560954631143937e-09,0.000000000000000000e+00
1.000000000000000000e+00,6.018901062011718750e+01,2.482596397399902344e+01,1.135000038146972656e+01,2.000000000000000000e+00,0.000000000000000000e+00,0.000000000000000000e+00,2.443021281398242428e-01,-7.551156687958203717e-01,0.000000000000000000e+00,1.363187285248232774e-04,1.858279574662446645e-08,0.000000000000000000e+00
1.000000000000000000e+00,6.018915939331054688e+01,2.482578277587890625e+01,1.135000038146972656e+01,2.000000000000000000e+00,4.507304551624992661e-01,-5.489665800056080514e-01,0.000000000000000000e+00,0.000000000000000000e+00,2.344487615585731503e-04,0.000000000000000000e+00,5.496622179634868437e-08,0.000000000000000000e+00
1.000000000000000000e+00,6.018917846679687500e+01,2.482571220397949219e+01,1.135000038146972656e+01,2.000000000000000000e+00,2.125288801244623604e-01,-7.863568564605106781e-01,4.507304551624992661e-01,-5.489665800056080514e-01,7.310397299475402972e-05,2.344487615585731503e-04,2.603214079670349632e-08,0.000000000000000000e+00
1.000000000000000000e+00,6.018917846679687500e+01,2.482571220397949219e+01,1.135000038146972656e+01,2.000000000000000000e+00,0.000000000000000000e+00,0.000000000000000000e+00,2.125288801244623604e-01,-7.863568564605106781e-01,0.000000000000000000e+00,7.310397299475402972e-05,5.344190867617726326e-09,0.000000000000000000e+00
1.000000000000000000e+00,6.018915939331054688e+01,2.482576751708984375e+01,1.135000038146972656e+01,2.000000000000000000e+00,-2.560660196376825515e-01,7.425914569492794159e-01,0.000000000000000000e+00,0.000000000000000000e+00,5.850929889746844012e-05,0.000000000000000000e+00,3.423338057473301474e-09,0.000000000000000000e+00
1.000000000000000000e+00,6.018916320800781250e+01,2.482598114013671875e+01,1.135000038146972656e+01,2.000000000000000000e+00,1.753579490628085630e-02,9.820045147517278972e-01,-2.560660196376825515e-01,7.425914569492794159e-01,2.136571039572211588e-04,5.850929889746844012e-05,2.407084141485902586e-08,0.000000000000000000e+00
1.000000000000000000e+00,6.018866729736328125e+01,2.482490158081054688e+01,1.135000038146972656e+01,2.000000000000000000e+00,-3.147499976214584438e-01,-6.851865332836365452e-01,1.753579490628085630e-02,9.820045147517278972e-01,1.188013344236533726e-03,2.136571039572211588e-04,9.493700829712373753e-07,0.000000000000000000e+00
1.000000000000000000e+00,6.018859863281250000e+01,2.482482337951660156e+01,1.136666679382324219e+01,2.000000000000000000e+00,-4.672143443192798840e-01,-5.321052254747354882e-01,-3.147499976214584438e-01,-6.851865332836365452e-01,1.040685490852641344e-04,1.188013344236533726e-03,1.174936318935527769e-06,0.000000000000000000e+00
1.000000000000000000e+00,6.018859481811523438e+01,2.482482147216796875e+01,1.136666679382324219e+01,2.000000000000000000e+00,-6.552159382063228454e-01,-3.276079691031614227e-01,-4.672143443192798840e-01,-5.321052254747354882e-01,4.264961199760036097e-06,1.040685490852641344e-04,9.960756154819539564e-09,0.000000000000000000e+00
1.000000000000000000e+00,6.018859481811523438e+01,2.482482147216796875e+01,1.136666679382324219e+01,2.000000000000000000e+00,0.000000000000000000e+00,0.000000000000000000e+00,-6.552159382063228454e-01,-3.276079691031614227e-01,0.000000000000000000e+00,4.264961199760036097e-06,1.818989403545856799e-11,0.000000000000000000e+00
1.000000000000000000e+00,6.018860244750976562e+01,2.482482147216796875e+01,1.136666679382324219e+01,2.000000000000000000e+00,9.870623760249654932e-01,0.000000000000000000e+00,0.000000000000000000e+00,0.000000000000000000e+00,7.629394531250000000e-06,0.000000000000000000e+00,5.820766091346740723e-11,0.000000000000000000e+00
1.000000000000000000e+00,6.018807601928710938e+01,2.482451438903808594e+01,1.136666679382324219e+01,2.000000000000000000e+00,-6.315031831714191801e-01,-3.683768568499944940e-01,9.870623760249654932e-01,0.000000000000000000e+00,6.094478831431302890e-04,7.629394531250000000e-06,3.621854932350879051e-07,0.000000000000000000e+00
1.000000000000000000e+00,6.018807601928710938e+01,2.482451438903808594e+01,1.136666679382324219e+01,2.000000000000000000e+00,0.000000000000000000e+00,0.000000000000000000e+00,-6.315031831714191801e-01,-3.683768568499944940e-01,0.000000000000000000e+00,6.094478831431302890e-04,3.714267222676426172e-07,0.000000000000000000e+00
1.000000000000000000e+00,6.018807601928710938e+01,2.482451438903808594e+01,1.138333320617675781e+01,2.000000000000000000e+00,0.000000000000000000e+00,0.000000000000000000e+00,0.000000000000000000e+00,0.000000000000000000e+00,0.000000000000000000e+00,0.000000000000000000e+00,0.000000000000000000e+00,0.000000000000000000e+00
1.000000000000000000e+00,6.018811035156250000e+01,2.482384109497070312e+01,1.138333320617675781e+01,2.000000000000000000e+00,4.851066480877863629e-02,-9.513480376388254722e-01,0.000000000000000000e+00,0.000000000000000000e+00,6.741688262641554576e-04,0.000000000000000000e+00,4.545036063063890271e-07,0.000000000000000000e+00
1.000000000000000000e+00,6.018811035156250000e+01,2.482384109497070312e+01,1.138333320617675781e+01,2.000000000000000000e+00,0.000000000000000000e+00,0.000000000000000000e+00,4.851066480877863629e-02,-9.513480376388254722e-01,0.000000000000000000e+00,6.741688262641554576e-04,4.545036063063890271e-07,0.000000000000000000e+00
1.000000000000000000e+00,6.018771362304687500e+01,2.482343673706054688e+01,1.138333320617675781e+01,2.000000000000000000e+00,-4.951762821469966047e-01,-5.046989029575158492e-01,0.000000000000000000e+00,0.000000000000000000e+00,5.664793329115774779e-04,0.000000000000000000e+00,3.208988346159458160e-07,0.000000000000000000e+00
1.000000000000000000e+00,6.018762588500976562e+01,2.482320213317871094e+01,1.138333320617675781e+01,2.000000000000000000e+00,-2.721049341114228359e-01,-7.275849325153262992e-01,-4.951762821469966047e-01,-5.046989029575158492e-01,2.504734407642786168e-04,5.664793329115774779e-04,9.985972387181028543e-08,0.000000000000000000e+00
1.000000000000000000e+00,6.018759918212890625e+01,2.482311248779296875e+01,1.138333320617675781e+01,2.000000000000000000e+00,-2.293111064567508184e-01,-7.698301431048063526e-01,-2.721049341114228359e-01,-7.275849325153262992e-01,9.353790157500632447e-05,2.504734407642786168e-04,2.462876346062762304e-08,0.000000000000000000e+00
1.000000000000000000e+00,6.018757629394531250e+01,2.482299804687500000e+01,1.139999961853027344e+01,2.000000000000000000e+00,-1.665453920132113630e-01,-8.327269600660567317e-01,-2.293111064567508184e-01,-7.698301431048063526e-01,1.167072947752254887e-04,9.353790157500632447e-05,5.368207812663619985e-10,0.000000000000000000e+00
1.000000000000000000e+00,6.018757629394531250e+01,2.482296943664550781e+01,1.139999961853027344e+01,2.000000000000000000e+00,0.000000000000000000e+00,-9.965169209104646209e-01,-1.665453920132113630e-01,-8.327269600660567317e-01,2.861022949218750000e-05,1.167072947752254887e-04,7.761092911483856619e-09,0.000000000000000000e+00
1.000000000000000000e+00,6.018755340576171875e+01,2.482296562194824219e+01,1.139999961853027344e+01,2.000000000000000000e+00,-8.539449066626831897e-01,-1.423241511104471890e-01,0.000000000000000000e+00,-9.965169209104646209e-01,2.320389759177482353e-05,2.861022949218750000e-05,2.922842461741973930e-11,0.000000000000000000e+00
1.000000000000000000e+00,6.018748855590820312e+01,2.482305717468261719e+01,1.139999961853027344e+01,2.000000000000000000e+00,-4.143692087759381359e-01,5.849918241542656494e-01,-8.539449066626831897e-01,-1.423241511104471890e-01,1.121936124408931128e-04,2.320389759177482353e-05,7.919169348927384831e-09,0.000000000000000000e+00
1.000000000000000000e+00,6.018748855590820312e+01,2.482305717468261719e+01,1.139999961853027344e+01,2.000000000000000000e+00,0.000000000000000000e+00,0.000000000000000000e+00,-4.143692087759381359e-01,5.849918241542656494e-01,0.000000000000000000e+00,1.121936124408931128e-04,1.258740667253732516e-08,0.000000000000000000e+00
1.000000000000000000e+00,6.018731689453125000e+01,2.482304191589355469e+01,1.139999961853027344e+01,2.000000000000000000e+00,-9.178762943605941471e-01,-8.158900394316392912e-02,0.000000000000000000e+00,0.000000000000000000e+00,1.723382110302203055e-04,0.000000000000000000e+00,2.970045898109674785e-08,0.000000000000000000e+00
1.000000000000000000e+00,6.018722534179687500e+01,2.482301139831542969e+01,1.141666698455810547e+01,2.000000000000000000e+00,-7.493861029045005839e-01,-2.497953676348335372e-01,-9.178762943605941471e-01,-8.158900394316392912e-02,9.650505554713072274e-05,1.723382110302203055e-04,5.750667470522439887e-09,0.000000000000000000e+00
1.000000000000000000e+00,6.018711090087890625e+01,2.482301330566406250e+01,1.141666698455810547e+01,2.000000000000000000e+00,-9.827618848146463248e-01,1.637936474691077324e-02,-7.493861029045005839e-01,-2.497953676348335372e-01,1.144568114370536610e-04,9.650505554713072274e-05,3.222655395313828990e-10,0.000000000000000000e+00
1.000000000000000000e+00,6.018704986572265625e+01,2.482300186157226562e+01,1.141666698455810547e+01,2.000000000000000000e+00,-8.409450069058403976e-01,-1.576771887948450745e-01,-9.827618848146463248e-01,1.637936474691077324e-02,6.209877241554148143e-05,1.144568114370536610e-04,2.741364250178191912e-09,0.000000000000000000e+00
1.000000000000000000e+00,6.018699264526367188e+01,2.482299041748046875e+01,1.141666698455810547e+01,2.000000000000000000e+00,-8.321214686096266577e-01,-1.664242937219253260e-01,-8.409450069058403976e-01,-1.576771887948450745e-01,5.835364738761274434e-05,6.209877241554148143e-05,1.402596147481822361e-11,0.000000000000000000e+00
1.000000000000000000e+00,6.018699264526367188e+01,2.482296752929687500e+01,1.141666698455810547e+01,2.000000000000000000e+00,0.000000000000000000e+00,-9.956499390396731375e-01,-8.321214686096266577e-01,-1.664242937219253260e-01,2.288818359375000000e-05,5.835364738761274434e-05,1.257799122113789278e-09,0.000000000000000000e+00
1.000000000000000000e+00,6.018695831298828125e+01,2.482298469543457031e+01,1.141666698455810547e+01,2.000000000000000000e+00,-6.653746372673199350e-01,3.326873186336599675e-01,0.000000000000000000e+00,-9.956499390396731375e-01,3.838465079784032487e-05,2.288818359375000000e-05,2.401404958074470223e-10,0.000000000000000000e+00
1.000000000000000000e+00,6.018741607666015625e+01,2.482170677185058594e+01,1.143333339691162109e+01,2.000000000000000000e+00,2.637210696931662213e-01,-7.362213195600890714e-01,-6.653746372673199350e-01,3.326873186336599675e-01,1.357437389271399369e-03,3.838465079784032487e-05,1.739900126874595283e-06,0.000000000000000000e+00
1.000000000000000000e+00,6.018740463256835938e+01,2.482162857055664062e+01,1.143333339691162109e+01,2.000000000000000000e+00,-1.275173280746774163e-01,-8.713684085102956223e-01,2.637210696931662213e-01,-7.362213195600890714e-01,7.903423063316596944e-05,1.357437389271399369e-03,1.634314636016212115e-06,0.000000000000000000e+00
1.000000000000000000e+00,6.018737030029296875e+01,2.482147979736328125e+01,1.143333339691162109e+01,2.000000000000000000e+00,-1.873976558935280257e-01,-8.120565088719546853e-01,-1.275173280746774163e-01,-8.713684085102956223e-01,1.526832282729301553e-04,7.903423063316596944e-05,5.424174853341990611e-09,0.000000000000000000e+00
1.000000000000000000e+00,6.018738937377929688e+01,2.482120704650878906e+01,1.143333339691162109e+01,2.000000000000000000e+00,6.533708794041692691e-02,-9.343203575479620548e-01,-1.873976558935280257e-01,-8.120565088719546853e-01,2.734169462687483215e-04,1.526832282729301553e-04,1.457663066109374700e-08,0.000000000000000000e+00
1.000000000000000000e+00,6.018738174438476562e+01,2.482110404968261719e+01,1.143333339691162109e+01,2.000000000000000000e+00,-6.890323252073821125e-02,-9.301936390299659907e-01,6.533708794041692691e-02,-9.343203575479620548e-01,1.032790097860785214e-04,2.734169462687483215e-04,2.894691743058097763e-08,0.000000000000000000e+00
1.000000000000000000e+00,6.018736648559570312e+01,2.482103919982910156e+01,1.143333339691162109e+01,2.000000000000000000e+00,-1.902387145828780268e-01,-8.085145369772316348e-01,-6.890323252073821125e-02,-9.301936390299659907e-01,6.662082365636054580e-05,1.032790097860785214e-04,1.343822610321047265e-09,0.000000000000000000e+00
1.000000000000000000e+00,6.018700790405273438e+01,2.482167816162109375e+01,1.144999980926513672e+01,2.000000000000000000e+00,-3.594285957744509652e-01,6.404711680023461584e-01,-1.902387145828780268e-01,-8.085145369772316348e-01,7.327024597909556408e-04,6.662082365636054580e-05,4.436647459957391607e-07,0.000000000000000000e+00
1.000000000000000000e+00,6.018701934814453125e+01,2.482156372070312500e+01,1.144999980926513672e+01,2.000000000000000000e+00,9.083693225221720069e-02,-9.083693225221719514e-01,-3.594285957744509652e-01,6.404711680023461584e-01,1.150116991552836221e-04,7.327024597909556408e-04,3.815418757746750909e-07,0.000000000000000000e+00
1.000000000000000000e+00,6.018701171875000000e+01,2.482150077819824219e+01,1.144999980926513672e+01,2.000000000000000000e+00,-1.079551362635639139e-01,-8.906298741744023140e-01,9.083693225221720069e-02,-9.083693225221719514e-01,6.340320640027870692e-05,1.150116991552836221e-04,2.663436524443394907e-09,0.000000000000000000e+00
1.000000000000000000e+00,6.018700027465820312e+01,2.482150077819824219e+01,1.144999980926513672e+01,2.000000000000000000e+00,-9.913375602204522741e-01,0.000000000000000000e+00,-1.079551362635639139e-01,-8.906298741744023140e-01,1.144409179687500000e-05,6.340320640027870692e-05,2.699749590369640486e-09,0.000000000000000000e+00
1.000000000000000000e+00,6.018698883056640625e+01,2.482152175903320312e+01,1.144999980926513672e+01,2.000000000000000000e+00,-3.518560358979478386e-01,6.450693991462377319e-01,-9.913375602204522741e-01,0.000000000000000000e+00,2.389900986889203582e-05,1.144409179687500000e-05,1.551249841806565668e-10,0.000000000000000000e+00
1.000000000000000000e+00,6.018699264526367188e+01,2.482151794433593750e+01,1.144999980926513672e+01,2.000000000000000000e+00,4.935311880124827466e-01,-4.935311880124827466e-01,-3.518560358979478386e-01,6.450693991462377319e-01,5.394796609394436438e-06,2.389900986889203582e-05,3.424059083529668077e-10,0.000000000000000000e+00
1.000000000000000000e+00,6.018697357177734375e+01,2.482155418395996094e+01,1.146666622161865234e+01,2.000000000000000000e+00,-3.442053010039559657e-01,6.539900719075163460e-01,4.935311880124827466e-01,-4.935311880124827466e-01,4.095251188961770630e-05,5.394796609394436438e-06,1.264351115949423210e-09,0.000000000000000000e+00
1.000000000000000000e+00,6.018698120117187500e+01,2.482154273986816406e+01,1.146666622161865234e+01,2.000000000000000000e+00,3.979137857708577308e-01,-5.968706786562865130e-01,-3.442053010039559657e-01,6.539900719075163460e-01,1.375408659158321047e-05,4.095251188961770630e-05,7.397543386927627950e-10,0.000000000000000000e+00
1.000000000000000000e+00,6.018698883056640625e+01,2.482150459289550781e+01,1.146666622161865234e+01,2.000000000000000000e+00,1.663033714083793357e-01,-8.315168570418967064e-01,3.979137857708577308e-01,-5.968706786562865130e-01,3.890243159174182504e-05,1.375408659158321047e-05,6.324392562470027219e-10,0.000000000000000000e+00
1.000000000000000000e+00,6.018695449829101562e+01,2.482139778137207031e+01,1.146666622161865234e+01,2.000000000000000000e+00,-2.430710280767995612e-01,-7.562209762389319190e-01,1.663033714083793357e-01,-8.315168570418967064e-01,1.121936124408931128e-04,3.890243159174182504e-05,5.371597190263000456e-09,0.000000000000000000e+00
1.000000000000000000e+00,6.018693923950195312e+01,2.482161331176757812e+01,1.164999961853027344e+01,2.000000000000000000e+00,0.000000000000000000e+00,0.000000000000000000e+00,-2.430710280767995612e-01,-7.562209762389319190e-01,0.000000000000000000e+00,1.121936124408931128e-04,1.258740667253732516e-08,0.000000000000000000e+00
1.000000000000000000e+00,6.018693923950195312e+01,2.482161521911621094e+01,1.164999961853027344e+01,2.000000000000000000e+00,0.000000000000000000e+00,9.501830432614539745e-01,0.000000000000000000e+00,0.000000000000000000e+00,1.907348632812500000e-06,0.000000000000000000e+00,3.637978807091712952e-12,0.000000000000000000e+00
1.000000000000000000e+00,6.018693923950195312e+01,2.482161331176757812e+01,1.164999961853027344e+01,2.000000000000000000e+00,0.000000000000000000e+00,-9.501830432614539745e-01,0.000000000000000000e+00,9.501830432614539745e-01,1.907348632812500000e-06,1.907348632812500000e-06,0.000000000000000000e+00,0.000000000000000000e+00
1.000000000000000000e+00,6.018724060058593750e+01,2.482143020629882812e+01,1.164999961853027344e+01,2.000000000000000000e+00,6.219188722040668305e-01,-3.778747577948760594e-01,0.000000000000000000e+00,-9.501830432614539745e-01,3.526274459346503140e-04,1.907348632812500000e-06,1.230045866514105713e-07,0.000000000000000000e+00
1.000000000000000000e+00,6.018728256225585938e+01,2.482151603698730469e+01,1.164999961853027344e+01,2.000000000000000000e+00,3.281014631941266968e-01,6.711166292607136930e-01,6.219188722040668305e-01,-3.778747577948760594e-01,9.553893879980616954e-05,3.526274459346503140e-04,6.609450050082281161e-08,0.000000000000000000e+00
1.000000000000000000e+00,6.018693923950195312e+01,2.482161712646484375e+01,1.166666698455810547e+01,2.000000000000000000e+00,-7.723583956057873401e-01,2.274166387061485051e-01,3.281014631941266968e-01,6.711166292607136930e-01,3.578960684596746325e-04,9.553893879980616954e-05,6.883126348336503295e-08,0.000000000000000000e+00
1.000000000000000000e+00,6.018693923950195312e+01,2.482161712646484375e+01,1.166666698455810547e+01,2.000000000000000000e+00,0.000000000000000000e+00,0.000000000000000000e+00,-7.723583956057873401e-01,2.274166387061485051e-01,0.000000000000000000e+00,3.578960684596746325e-04,1.280895958188921213e-07,0.000000000000000000e+00
1.000000000000000000e+00,6.018693923950195312e+01,2.482161712646484375e+01,1.166666698455810547e+01,2.000000000000000000e+00,0.000000000000000000e+00,0.000000000000000000e+00,0.000000000000000000e+00,0.000000000000000000e+00,0.000000000000000000e+00,0.000000000000000000e+00,0.000000000000000000e+00,0.000000000000000000e+00
1.000000000000000000e+00,6.018693923950195312e+01,2.482161712646484375e+01,1.166666698455810547e+01,2.000000000000000000e+00,0.000000000000000000e+00,0.000000000000000000e+00,0.000000000000000000e+00,0.000000000000000000e+00,0.000000000000000000e+00,0.000000000000000000e+00,0.000000000000000000e+00,0.000000000000000000e+00
1.000000000000000000e+00,6.018693923950195312e+01,2.482161712646484375e+01,1.166666698455810547e+01,2.000000000000000000e+00,0.000000000000000000e+00,0.000000000000000000e+00,0.000000000000000000e+00,0.000000000000000000e+00,0.000000000000000000e+00,0.000000000000000000e+00,0.000000000000000000e+00,0.000000000000000000e+00
1.000000000000000000e+00,6.018717575073242188e+01,2.482156372070312500e+01,1.166666698455810547e+01,2.000000000000000000e+00,8.155081834509966265e-01,-1.841470091663540698e-01,0.000000000000000000e+00,0.000000000000000000e+00,2.424659512645065953e-04,0.000000000000000000e+00,5.878973752260208792e-08,0.000000000000000000e+00
1.000000000000000000e+00,6.018715667724609375e+01,2.482157135009765625e+01,1.168333339691162109e+01,2.000000000000000000e+00,-7.116207555522359174e-01,2.846483022208943781e-01,8.155081834509966265e-01,-1.841470091663540698e-01,2.054277346471597191e-05,2.424659512645065953e-04,4.924989684475748677e-08,0.000000000000000000e+00
1.000000000000000000e+00,6.018720245361328125e+01,2.482149314880371094e+01,1.168333339691162109e+01,2.000000000000000000e+00,3.689331888558171624e-01,-6.302608642953543283e-01,-7.116207555522359174e-01,2.846483022208943781e-01,9.061411682296526579e-05,2.054277346471597191e-05,4.909993160029666763e-09,0.000000000000000000e+00
1.000000000000000000e+00,6.018713378906250000e+01,2.482135581970214844e+01,1.168333339691162109e+01,2.000000000000000000e+00,-3.331715945657669486e-01,-6.663431891315338973e-01,3.689331888558171624e-01,-6.302608642953543283e-01,1.535386031913612995e-04,9.061411682296526579e-05,3.959490984726458492e-09,0.000000000000000000e+00
1.000000000000000000e+00,6.018694305419921875e+01,2.482161331176757812e+01,1.168333339691162109e+01,2.000000000000000000e+00,-4.254369993559496410e-01,5.743399491305319904e-01,-3.331715945657669486e-01,-6.663431891315338973e-01,3.204402468950546547e-04,1.535386031913612995e-04,2.785615867099460483e-08,0.000000000000000000e+00
1.000000000000000000e+00,6.018109130859375000e+01,2.475987434387207031e+01,1.410000038146972656e+01,2.000000000000000000e+00,0.000000000000000000e+00,0.000000000000000000e+00,-4.254369993559496410e-01,5.743399491305319904e-01,0.000000000000000000e+00,3.204402468950546547e-04,1.026819518301635848e-07,0.000000000000000000e+00
1.000000000000000000e+00,6.018109130859375000e+01,2.475987434387207031e+01,1.410000038146972656e+01,2.000000000000000000e+00,0.000000000000000000e+00,0.000000000000000000e+00,0.000000000000000000e+00,0.000000000000000000e+00,0.000000000000000000e+00,0.000000000000000000e+00,0.000000000000000000e+00,0.000000000000000000e+00
1.000000000000000000e+00,6.018109130859375000e+01,2.475987434387207031e+01,1.410000038146972656e+01,2.000000000000000000e+00,0.000000000000000000e+00,0.000000000000000000e+00,0.000000000000000000e+00,0.000000000000000000e+00,0.000000000000000000e+00,0.000000000000000000e+00,0.000000000000000000e+00,0.000000000000000000e+00
1.000000000000000000e+00,6.018157958984375000e+01,2.475123977661132812e+01,1.410000038146972656e+01,2.000000000000000000e+00,5.352230689727705687e-02,-9.464667317342704278e-01,0.000000000000000000e+00,0.000000000000000000e+00,8.648362293485535937e-03,0.000000000000000000e+00,7.479417035938240588e-05,0.000000000000000000e+00
1.000000000000000000e+00,6.018160629272460938e+01,2.475102424621582031e+01,1.410000038146972656e+01,2.000000000000000000e+00,1.101907309622403713e-01,-8.893966141952258653e-01,5.352230689727705687e-02,-9.464667317342704278e-01,2.171782568167081990e-04,8.648362293485535937e-03,7.108486426017926409e-05,0.000000000000000000e+00
1.000000000000000000e+00,6.018160629272460938e+01,2.475102424621582031e+01,1.410000038146972656e+01,2.000000000000000000e+00,0.000000000000000000e+00,0.000000000000000000e+00,1.101907309622403713e-01,-8.893966141952258653e-01,0.000000000000000000e+00,2.171782568167081990e-04,4.716639523394405842e-08,0.000000000000000000e+00
1.000000000000000000e+00,6.018160629272460938e+01,2.475102424621582031e+01,1.411666679382324219e+01,2.000000000000000000e+00,0.000000000000000000e+00,0.000000000000000000e+00,0.000000000000000000e+00,0.000000000000000000e+00,0.000000000000000000e+00,0.000000000000000000e+00,0.000000000000000000e+00,0.000000000000000000e+00
1.000000000000000000e+00,6.017935180664062500e+01,2.474241256713867188e+01,1.411666679382324219e+01,2.000000000000000000e+00,-2.074757104260967766e-01,-7.925150867798873566e-01,0.000000000000000000e+00,0.000000000000000000e+00,8.901894406848204905e-03,0.000000000000000000e+00,7.924372403067535297e-05,0.000000000000000000e+00
1.000000000000000000e+00,6.017924118041992188e+01,2.474179840087890625e+01,1.411666679382324219e+01,2.000000000000000000e+00,-1.526105231931621509e-01,-8.472515253137622437e-01,-2.074757104260967766e-01,-7.925150867798873566e-01,6.240499622158098524e-04,8.901894406848204905e-03,6.852270864953139535e-05,0.000000000000000000e+00
1.000000000000000000e+00,6.017924118041992188e+01,2.474179840087890625e+01,1.411666679382324219e+01,2.000000000000000000e+00,0.000000000000000000e+00,0.000000000000000000e+00,-1.526105231931621509e-01,-8.472515253137622437e-01,0.000000000000000000e+00,6.240499622158098524e-04,3.894383553415536880e-07,0.000000000000000000e+00
1.000000000000000000e+00,6.017680740356445312e+01,2.474207115173339844e+01,1.411666679382324219e+01,2.000000000000000000e+00,-8.991915831320129726e-01,1.007714705234152436e-01,0.000000000000000000e+00,0.000000000000000000e+00,2.449012619575810772e-03,0.000000000000000000e+00,5.997662810841575265e-06,0.000000000000000000e+00
1.000000000000000000e+00,6.017652511596679688e+01,2.474214553833007812e+01,1.411666679382324219e+01,2.000000000000000000e+00,-7.912220170006153408e-01,2.084976936690810800e-01,-8.991915831320129726e-01,1.007714705234152436e-01,2.919240544321816816e-04,2.449012619575810772e-03,4.653031077873400380e-06,0.000000000000000000e+00
1.000000000000000000e+00,6.017554092407226562e+01,2.474272346496582031e+01,1.413333320617675781e+01,2.000000000000000000e+00,-6.299963004273065881e-01,3.699396880416160882e-01,-7.912220170006153408e-01,2.084976936690810800e-01,1.141329436035579559e-03,2.919240544321816816e-04,7.214895022968139277e-07,0.000000000000000000e+00
1.000000000000000000e+00,6.017546081542968750e+01,2.474302673339843750e+01,1.413333320617675781e+01,2.000000000000000000e+00,-2.089007342546463086e-01,7.908384939640181743e-01,-6.299963004273065881e-01,3.699396880416160882e-01,3.136704271011141838e-04,1.141329436035579559e-03,6.850194350703814408e-07,0.000000000000000000e+00
1.000000000000000000e+00,6.017533874511718750e+01,2.474280548095703125e+01,1.413333320617675781e+01,2.000000000000000000e+00,-3.554520226499716107e-01,-6.442567910530735409e-01,-2.089007342546463086e-01,7.908384939640181743e-01,2.526931024426146816e-04,3.136704271011141838e-04,3.718234122508051364e-09,0.000000000000000000e+00
1.000000000000000000e+00,6.017493057250976562e+01,2.474094772338867188e+01,1.413333320617675781e+01,2.000000000000000000e+00,-1.801267307842231158e-01,-8.198291391767912328e-01,-3.554520226499716107e-01,-6.442567910530735409e-01,1.902069415201798012e-03,2.526931024426146816e-04,2.720442221091079319e-06,0.000000000000000000e+00
1.000000000000000000e+00,6.017484283447265625e+01,2.473875045776367188e+01,1.413333320617675781e+01,2.000000000000000000e+00,-3.839564854943350314e-02,-9.615605897597259144e-01,-1.801267307842231158e-01,-8.198291391767912328e-01,2.199016641583788952e-03,1.902069415201798012e-03,8.817765525595737196e-08,0.000000000000000000e+00
1.000000000000000000e+00,6.017487335205078125e+01,2.473724174499511719e+01,1.413333320617675781e+01,2.000000000000000000e+00,1.982522997147815463e-02,-9.801098067149512927e-01,-3.839564854943350314e-02,-9.615605897597259144e-01,1.509021385062042728e-03,2.199016641583788952e-03,4.760934540225103831e-07,0.000000000000000000e+00
1.000000000000000000e+00,6.017426300048828125e+01,2.473711585998535156e+01,1.414999961853027344e+01,2.000000000000000000e+00,-8.289029575456462462e-01,-1.709612349937895404e-01,1.982522997147815463e-02,-9.801098067149512927e-01,6.231982553970147809e-04,1.509021385062042728e-03,7.846826170495448891e-07,0.000000000000000000e+00
1.000000000000000000e+00,6.017413330078125000e+01,2.473705673217773438e+01,1.414999961853027344e+01,2.000000000000000000e+00,-6.865051248495988023e-01,-3.129655716226112383e-01,-8.289029575456462462e-01,-1.709612349937895404e-01,1.425416137049360617e-04,6.231982553970147809e-04,2.310308072027073331e-07,0.000000000000000000e+00
1.000000000000000000e+00,6.017370986938476562e+01,2.473675918579101562e+01,1.414999961853027344e+01,2.000000000000000000e+00,-5.872201395575322724e-01,-4.126411791485361524e-01,-6.865051248495988023e-01,-3.129655716226112383e-01,5.175210138517004474e-04,1.425416137049360617e-04,1.406095505344272277e-07,0.000000000000000000e+00
1.000000000000000000e+00,6.017292404174804688e+01,2.473671913146972656e+01,1.414999961853027344e+01,2.000000000000000000e+00,-9.513859583738236703e-01,-4.849297360643275989e-02,-5.872201395575322724e-01,-4.126411791485361524e-01,7.868477764376685234e-04,5.175210138517004474e-04,7.253690504503841845e-08,0.000000000000000000e+00
1.000000000000000000e+00,6.017295074462890625e+01,2.473675537109375000e+01,1.414999961853027344e+01,2.000000000000000000e+00,4.235694775931261868e-01,5.748442910192427258e-01,-9.513859583738236703e-01,-4.849297360643275989e-02,4.501504410250071277e-05,7.868477764376685234e-04,5.503158027638606503e-07,0.000000000000000000e+00
1.000000000000000000e+00,6.017282867431640625e+01,2.473669052124023438e+01,1.414999961853027344e+01,2.000000000000000000e+00,-6.527120315453114330e-01,-3.467532667584466988e-01,4.235694775931261868e-01,5.748442910192427258e-01,1.382268595275378226e-04,4.501504410250071277e-05,8.688442534831187798e-09,0.000000000000000000e+00
1.000000000000000000e+00,6.017286682128906250e+01,2.473664855957031250e+01,1.416666698455810547e+01,2.000000000000000000e+00,4.755967864571950532e-01,-5.231564651029145807e-01,-6.527120315453114330e-01,-3.467532667584466988e-01,5.670955180098917399e-05,1.382268595275378226e-04,6.645071458984827268e-09,0.000000000000000000e+00
1.000000000000000000e+00,6.017292022705078125e+01,2.473656845092773438e+01,1.416666698455810547e+01,2.000000000000000000e+00,3.997006310793324024e-01,-5.995509466189985481e-01,4.755967864571950532e-01,-5.231564651029145807e-01,9.627860614108247836e-05,5.670955180098917399e-05,1.565710061369256700e-09,0.000000000000000000e+00
1.000000000000000000e+00,6.017243576049804688e+01,2.473489189147949219e+01,1.416666698455810547e+01,2.000000000000000000e+00,-2.241732099449341986e-01,-7.757805178803037771e-01,3.997006310793324024e-01,-5.995509466189985481e-01,1.745153123427419265e-03,9.627860614108247836e-05,2.718787173756250574e-06,0.000000000000000000e+00
1.000000000000000000e+00,6.017208862304687500e+01,2.473502159118652344e+01,1.416666698455810547e+01,2.000000000000000000e+00,-7.278473593454654056e-01,2.719429694257782804e-01,-2.241732099449341986e-01,-7.757805178803037771e-01,3.705758006266706957e-04,1.745153123427419265e-03,1.889462816358073097e-06,0.000000000000000000e+00
1.000000000000000000e+00,6.017203903198242188e+01,2.473735046386718750e+01,1.416666698455810547e+01,2.000000000000000000e+00,-2.084916351513704802e-02,9.791087943070129196e-01,-7.278473593454654056e-01,2.719429694257782804e-01,2.329400617415778359e-03,3.705758006266706957e-04,3.836994662868881500e-06,0.000000000000000000e+00
1.000000000000000000e+00,6.017194747924804688e+01,2.473753166198730469e+01,1.416666698455810547e+01,2.000000000000000000e+00,-3.355413144862312014e-01,6.640921849206659067e-01,-2.084916351513704802e-02,9.791087943070129196e-01,2.030139451011728213e-04,2.329400617415778359e-03,4.521520280197181344e-06,0.000000000000000000e+00
1.000000000000000000e+00,6.017230224609375000e+01,2.473984146118164062e+01,1.418333339691162109e+01,2.000000000000000000e+00,1.331374515126572122e-01,8.668250203324080472e-01,-3.355413144862312014e-01,6.640921849206659067e-01,2.336885070551200649e-03,2.030139451011728213e-04,4.553405980029368734e-06,0.000000000000000000e+00
1.000000000000000000e+00,6.017275619506835938e+01,2.474216079711914062e+01,1.418333339691162109e+01,2.000000000000000000e+00,1.636804803499531114e-01,8.362834626283319750e-01,1.331374515126572122e-01,8.668250203324080472e-01,2.363342730652476936e-03,2.336885070551200649e-03,7.000077780346671313e-10,0.000000000000000000e+00
1.000000000000000000e+00,6.017301559448242188e+01,2.474491500854492188e+01,1.418333339691162109e+01,2.000000000000000000e+00,8.607309322215828118e-02,9.138937250940922796e-01,1.636804803499531114e-01,8.362834626283319750e-01,2.766399941064190231e-03,2.363342730652476936e-03,1.624551148648721207e-07,0.000000000000000000e+00
1.000000000000000000e+00,6.017298126220703125e+01,2.474505424499511719e+01,1.418333339691162109e+01,2.000000000000000000e+00,-1.976883015338081750e-01,8.017358895537776142e-01,8.607309322215828118e-02,9.138937250940922796e-01,1.434067439017058625e-04,2.766399941064190231e-03,6.880093312360671584e-06,0.000000000000000000e+00
1.000000000000000000e+00,6.017293548583984375e+01,2.474521827697753906e+01,1.418333339691162109e+01,2.000000000000000000e+00,-2.180778767147027175e-01,7.814457248943514900e-01,-1.976883015338081750e-01,8.017358895537776142e-01,1.702996390193917402e-04,1.434067439017058625e-04,7.232278078108529208e-10,0.000000000000000000e+00
1.000000000000000000e+00,6.017111587524414062e+01,2.474692535400390625e+01,1.418333339691162109e+01,2.000000000000000000e+00,-5.159399404478368645e-01,4.840317051371215706e-01,-2.180778767147027175e-01,7.814457248943514900e-01,2.495013966683497491e-03,1.702996390193917402e-04,5.404296705246775728e-06,0.000000000000000000e+00
1.000000000000000000e+00,6.017064666748046875e+01,2.474694824218750000e+01,1.419999980926513672e+01,2.000000000000000000e+00,-9.532946507961719274e-01,4.650217808761814703e-02,-5.159399404478368645e-01,4.840317051371215706e-01,4.697656803537092148e-04,2.495013966683497491e-03,4.101630621281744173e-06,0.000000000000000000e+00
1.000000000000000000e+00,6.017052078247070312e+01,2.474670219421386719e+01,1.419999980926513672e+01,2.000000000000000000e+00,-3.383705622434166616e-01,-6.613606443848598637e-01,-9.532946507961719274e-01,4.650217808761814703e-02,2.763813326049802013e-04,4.697656803537092148e-04,3.739750595420135516e-08,0.000000000000000000e+00
1.000000000000000000e+00,6.017037963867187500e+01,2.474668502807617188e+01,1.419999980926513672e+01,2.000000000000000000e+00,-8.910034428758331071e-01,-1.083652835930067337e-01,-3.383705622434166616e-01,-6.613606443848598637e-01,1.421838536227255554e-04,2.763813326049802013e-04,1.800896336519267748e-08,0.000000000000000000e+00
1.000000000000000000e+00,6.017034530639648438e+01,2.474660491943359375e+01,1.419999980926513672e+01,2.000000000000000000e+00,-2.997380848649371932e-01,-6.993888646848535062e-01,-8.910034428758331071e-01,-1.083652835930067337e-01,8.715560652767839799e-05,1.421838536227255554e-04,3.028107978353565954e-09,0.000000000000000000e+00
1.000000000000000000e+00,6.017036819458007812e+01,2.474667358398437500e+01,1.419999980926513672e+01,2.000000000000000000e+00,2.497272312695253405e-01,7.491816938085760214e-01,-2.997380848649371932e-01,-6.993888646848535062e-01,7.237879166034803867e-05,8.715560652767839799e-05,2.183542576233555509e-10,0.000000000000000000e+00
1.000000000000000000e+00,6.017039108276367188e+01,2.474651718139648438e+01,1.419999980926513672e+01,2.000000000000000000e+00,1.275884116243045929e-01,-8.718541460994146952e-01,2.497272312695253405e-01,7.491816938085760214e-01,1.580684612663319389e-04,7.237879166034803867e-05,7.342719477182680956e-09,0.000000000000000000e+00
1.000000000000000000e+00,6.017032241821289062e+01,2.474659538269042969e+01,1.421666622161865234e+01,2.000000000000000000e+00,-4.672143443192798840e-01,5.321052254747354882e-01,1.275884116243045929e-01,-8.718541460994146952e-01,1.040685490852641344e-04,1.580684612663319389e-04,2.915990515563034853e-09,0.000000000000000000e+00
1.000000000000000000e+00,6.017034149169921875e+01,2.474662017822265625e+01,1.421666622161865234e+01,2.000000000000000000e+00,4.337937701384419475e-01,5.639319011799746040e-01,-4.672143443192798840e-01,5.321052254747354882e-01,3.128284352656693807e-05,1.040685490852641344e-04,5.297758933677364698e-09,0.000000000000000000e+00
1.000000000000000000e+00,6.017034149169921875e+01,2.474646377563476562e+01,1.421666622161865234e+01,2.000000000000000000e+00,0.000000000000000000e+00,-9.993610329302037298e-01,4.337937701384419475e-01,5.639319011799746040e-01,1.564025878906250000e-04,3.128284352656693807e-05,1.565495042972723766e-08,0.000000000000000000e+00
1.000000000000000000e+00,6.017039489746093750e+01,2.474641990661621094e+01,1.421666622161865234e+01,2.000000000000000000e+00,5.484557866911906610e-01,-4.505172533534780310e-01,0.000000000000000000e+00,-9.993610329302037298e-01,6.911342976376891128e-05,1.564025878906250000e-04,7.619397126495286004e-09,0.000000000000000000e+00
1.000000000000000000e+00,6.017032241821289062e+01,2.474658393859863281e+01,1.421666622161865234e+01,2.000000000000000000e+00,-3.063220959685071243e-01,6.932552698234635269e-01,5.484557866911906610e-01,-4.505172533534780310e-01,1.793313487784295533e-04,6.911342976376891128e-05,1.214798967192229115e-08,0.000000000000000000e+00
1.000000000000000000e+00,6.017054748535156250e+01,2.474739265441894531e+01,1.430000019073486328e+01,2.000000000000000000e+00,0.000000000000000000e+00,0.000000000000000000e+00,-3.063220959685071243e-01,6.932552698234635269e-01,0.000000000000000000e+00,1.793313487784295533e-04,3.215973265469074911e-08,0.000000000000000000e+00
1.000000000000000000e+00,6.017004394531250000e+01,2.474760818481445312e+01,1.431666660308837891e+01,2.000000000000000000e+00,-7.001678807379692060e-01,2.996930701643580330e-01,0.000000000000000000e+00,0.000000000000000000e+00,5.477279637984700921e-04,0.000000000000000000e+00,3.000059223268181615e-07,0.000000000000000000e+00
1.000000000000000000e+00,6.017006301879882812e+01,2.474769783020019531e+01,1.431666660308837891e+01,2.000000000000000000e+00,1.752773757460085458e-01,8.238036660062402206e-01,-7.001678807379692060e-01,2.996930701643580330e-01,9.165202161204500817e-05,5.477279637984700921e-04,2.080052650412353610e-07,0.000000000000000000e+00
1.000000000000000000e+00,6.016996002197265625e+01,2.474779129028320312e+01,1.431666660308837891e+01,2.000000000000000000e+00,-5.240051168983219654e-01,4.754861245929217772e-01,1.752773757460085458e-01,8.238036660062402206e-01,1.390795934611064168e-04,9.165202161204500817e-05,2.249374571497882174e-09,0.000000000000000000e+00
1.000000000000000000e+00,6.016909408569335938e+01,2.474834632873535156e+01,1.431666660308837891e+01,2.000000000000000000e+00,-6.093530904009315519e-01,3.905765403230640476e-01,-5.240051168983219654e-01,4.754861245929217772e-01,1.028549135027514690e-03,1.390795934611064168e-04,7.911560653743564993e-07,0.000000000000000000e+00
1.000000000000000000e+00,6.016897583007812500e+01,2.474844169616699219e+01,1.431666660308837891e+01,2.000000000000000000e+00,-5.533124151254452672e-01,4.462196896172945793e-01,-6.093530904009315519e-01,3.905765403230640476e-01,1.519188518656912053e-04,1.028549135027514690e-03,7.684806533563788915e-07,0.000000000000000000e+00
1.000000000000000000e+00,6.016836166381835938e+01,2.474978828430175781e+01,1.431666660308837891e+01,2.000000000000000000e+00,-3.132135978471995985e-01,6.867354039755371176e-01,-5.533124151254452672e-01,4.462196896172945793e-01,1.480033715604500092e-03,1.519188518656912053e-04,1.763889091283954758e-06,0.000000000000000000e+00
1.000000000000000000e+00,6.016690444946289062e+01,2.475239181518554688e+01,1.433333301544189453e+01,2.000000000000000000e+00,-3.588450851023025634e-01,6.411302894825170462e-01,-3.132135978471995985e-01,6.867354039755371176e-01,2.983596276413359033e-03,1.480033715604500092e-03,2.260700374266093806e-06,0.000000000000000000e+00
1.000000000000000000e+00,6.016568374633789062e+01,2.475252914428710938e+01,1.433333301544189453e+01,2.000000000000000000e+00,-8.988102197454367337e-01,1.011161497213616395e-01,-3.588450851023025634e-01,6.411302894825170462e-01,1.228403598790205878e-03,2.983596276413359033e-03,3.080701335581933945e-06,0.000000000000000000e+00
1.000000000000000000e+00,6.016550445556640625e+01,2.475258445739746094e+01,1.433333301544189453e+01,2.000000000000000000e+00,-7.639020287261489850e-01,2.356719024793438311e-01,-8.988102197454367337e-01,1.011161497213616395e-01,1.876292112551414747e-04,1.228403598790205878e-03,1.083211325748988207e-06,0.000000000000000000e+00
1.000000000000000000e+00,6.016486358642578125e+01,2.475230979919433594e+01,1.433333301544189453e+01,2.000000000000000000e+00,-6.999235496837465931e-01,-2.999672355787485478e-01,-7.639020287261489850e-01,2.356719024793438311e-01,6.972448522214271839e-04,1.876292112551414747e-04,2.597081015174782431e-07,0.000000000000000000e+00
1.000000000000000000e+00,6.016487884521484375e+01,2.475233268737792969e+01,1.433333301544189453e+01,2.000000000000000000e+00,3.989541655921500785e-01,5.984312483882251454e-01,-6.999235496837465931e-01,-2.999672355787485478e-01,2.750817318316642094e-05,6.972448522214271839e-04,4.485472192491982577e-07,0.000000000000000000e+00
1.000000000000000000e+00,6.016494369506835938e+01,2.475241279602050781e+01,1.433333301544189453e+01,2.000000000000000000e+00,4.470600155244482954e-01,5.522506074125538289e-01,3.989541655921500785e-01,5.984312483882251454e-01,1.030674445045951540e-04,2.750817318316642094e-05,5.709203482625281721e-09,0.000000000000000000e+00
1.000000000000000000e+00,6.016487121582031250e+01,2.475263023376464844e+01,1.435000038146972656e+01,2.000000000000000000e+00,-2.499137981543376741e-01,7.497413944630130223e-01,4.470600155244482954e-01,5.522506074125538289e-01,2.291995069244354513e-04,1.030674445045951540e-04,1.590929717028248680e-08,0.000000000000000000e+00
1.000000000000000000e+00,6.016482543945312500e+01,2.475296783447265625e+01,1.435000038146972656e+01,2.000000000000000000e+00,-1.193718481455121744e-01,8.803673800731522947e-01,-2.499137981543376741e-01,7.497413944630130223e-01,3.406900553879744727e-04,2.291995069244354513e-04,1.243014239670074400e-08,0.000000000000000000e+00
1.000000000000000000e+00,6.016594314575195312e+01,2.475739479064941406e+01,1.435000038146972656e+01,2.000000000000000000e+00,2.015787517949562679e-01,7.984032131673950428e-01,-1.193718481455121744e-01,8.803673800731522947e-01,4.565874326060038492e-03,3.406900553879744727e-04,1.785218212113461788e-05,0.000000000000000000e+00
1.000000000000000000e+00,6.016653442382812500e+01,2.476080513000488281e+01,1.435000038146972656e+01,2.000000000000000000e+00,1.477560788017615312e-01,8.522189319275794706e-01,2.015787517949562679e-01,7.984032131673950428e-01,3.461217167821245121e-03,4.565874326060038492e-03,1.220267437248206621e-06,0.000000000000000000e+00
1.000000000000000000e+00,6.016695785522460938e+01,2.476558685302734375e+01,1.435000038146972656e+01,2.000000000000000000e+00,8.134691648178275780e-02,9.186338721613935832e-01,1.477560788017615312e-01,8.522189319275794706e-01,4.800434273173800545e-03,3.461217167821245121e-03,1.793502455268877451e-06,0.000000000000000000e+00
1.000000000000000000e+00,6.016737365722656250e+01,2.476853370666503906e+01,1.435000038146972656e+01,2.000000000000000000e+00,1.236491873065732050e-01,8.763210751773192753e-01,8.134691648178275780e-02,9.186338721613935832e-01,2.976043962515729276e-03,4.800434273173800545e-03,3.328400005623053816e-06,0.000000000000000000e+00
1.000000000000000000e+00,6.016792678833007812e+01,2.477414894104003906e+01,1.436666679382324219e+01,2.000000000000000000e+00,8.967077880911315801e-02,9.103130097035487811e-01,1.236491873065732050e-01,8.763210751773192753e-01,5.642411816223453364e-03,2.976043962515729276e-03,7.109517531285935065e-06,0.000000000000000000e+00
1.000000000000000000e+00,6.016792678833007812e+01,2.477414894104003906e+01,1.436666679382324219e+01,2.000000000000000000e+00,0.000000000000000000e+00,0.000000000000000000e+00,8.967077880911315801e-02,9.103130097035487811e-01,0.000000000000000000e+00,5.642411816223453364e-03,3.183681110385804691e-05,0.000000000000000000e+00
1.000000000000000000e+00,6.016852569580078125e+01,2.478218841552734375e+01,1.436666679382324219e+01,2.000000000000000000e+00,6.933017555798007270e-02,9.306582483340317680e-01,0.000000000000000000e+00,0.000000000000000000e+00,8.061751682512118683e-03,0.000000000000000000e+00,6.499184019048698246e-05,0.000000000000000000e+00
1.000000000000000000e+00,6.016818237304687500e+01,2.478561210632324219e+01,1.436666679382324219e+01,2.000000000000000000e+00,-9.113682116750905504e-02,9.088366333093264027e-01,6.933017555798007270e-02,9.306582483340317680e-01,3.440861691389156783e-03,8.061751682512118683e-03,2.135262431006036614e-05,0.000000000000000000e+00
1.000000000000000000e+00,6.016865539550781250e+01,2.478989028930664062e+01,1.436666679382324219e+01,2.000000000000000000e+00,9.955631488634206216e-02,9.004226382663921280e-01,-9.113682116750905504e-02,9.088366333093264027e-01,4.304253696982941919e-03,3.440861691389156783e-03,7.454457553232587438e-07,0.000000000000000000e+00
1.000000000000000000e+00,6.016860198974609375e+01,2.479434967041015625e+01,1.436666679382324219e+01,2.000000000000000000e+00,-1.183405729272062924e-02,9.881437839421726155e-01,9.955631488634206216e-02,9.004226382663921280e-01,4.459700887030092209e-03,4.304253696982941919e-03,2.416382889355486070e-08,0.000000000000000000e+00
1.000000000000000000e+00,6.016890716552734375e+01,2.479869461059570312e+01,1.438333320617675781e+01,2.000000000000000000e+00,6.562615229679509554e-02,9.343523433256202271e-01,-1.183405729272062924e-02,9.881437839421726155e-01,4.355644323569322039e-03,4.459700887030092209e-03,1.082776839926528994e-08,0.000000000000000000e+00
1.000000000000000000e+00,6.016914749145507812e+01,2.480226325988769531e+01,1.438333320617675781e+01,2.000000000000000000e+00,6.309298553354034111e-02,9.368807613750316232e-01,6.562615229679509554e-02,9.343523433256202271e-01,3.576732352410189573e-03,4.355644323569322039e-03,6.067038588150052207e-07,0.000000000000000000e+00
1.000000000000000000e+00,6.016966629028320312e+01,2.480715942382812500e+01,1.438333320617675781e+01,2.000000000000000000e+00,9.580661393948540494e-02,9.041749190538935776e-01,6.309298553354034111e-02,9.368807613750316232e-01,4.923573250762888417e-03,3.576732352410189573e-03,1.813980405475504902e-06,0.000000000000000000e+00
1.000000000000000000e+00,6.016971588134765625e+01,2.480754852294921875e+01,1.438333320617675781e+01,2.000000000000000000e+00,1.130177157251556069e-01,8.867543849204516659e-01,9.580661393948540494e-02,9.041749190538935776e-01,3.922466057335904140e-04,4.923573250762888417e-03,2.053292116395247178e-05,0.000000000000000000e+00
1.000000000000000000e+00,6.016973114013671875e+01,2.481512641906738281e+01,1.438333320617675781e+01,2.000000000000000000e+00,2.009518875492785975e-03,9.979773115416047391e-01,1.130177157251556069e-01,8.867543849204516659e-01,7.577911480634332356e-03,3.922466057335904140e-04,5.163377969438229183e-05,0.000000000000000000e+00
1.000000000000000000e+00,6.016954803466796875e+01,2.481943511962890625e+01,1.438333320617675781e+01,2.000000000000000000e+00,-4.076342370386892150e-02,9.592143140316655714e-01,2.009518875492785975e-03,9.979773115416047391e-01,4.312589493744859587e-03,7.577911480634332356e-03,1.066232767806381482e-05,0.000000000000000000e+00
1.000000000000000000e+00,6.016920852661132812e+01,2.482429313659667969e+01,1.439999961853027344e+01,2.000000000000000000e+00,-6.531984416842349928e-02,9.346609162751385869e-01,-4.076342370386892150e-02,9.592143140316655714e-01,4.869865971430683421e-03,4.312589493744859587e-03,3.105570725819185327e-07,0.000000000000000000e+00
1.000000000000000000e+00,6.016869354248046875e+01,2.482844924926757812e+01,1.439999961853027344e+01,2.000000000000000000e+00,-1.102467210684811849e-01,8.897318711415573844e-01,-6.531984416842349928e-02,9.346609162751385869e-01,4.187896988733071958e-03,4.869865971430683421e-03,4.650816933616150741e-07,0.000000000000000000e+00
1.000000000000000000e+00,6.016828918457031250e+01,2.483205032348632812e+01,1.439999961853027344e+01,2.000000000000000000e+00,-1.009498606285462174e-01,8.990251738995059805e-01,-1.102467210684811849e-01,8.897318711415573844e-01,3.623705403099409389e-03,4.187896988733071958e-03,3.183121452998264179e-07,0.000000000000000000e+00
1.000000000000000000e+00,6.016741180419921875e+01,2.483650970458984375e+01,1.439999961853027344e+01,2.000000000000000000e+00,-1.644000645825210716e-01,8.355811978129006334e-01,-1.009498606285462174e-01,8.990251738995059805e-01,4.544873611220980568e-03,3.623705403099409389e-03,8.485508676539062390e-07,0.000000000000000000e+00
1.000000000000000000e+00,6.016672134399414062e+01,2.483930206298828125e+01,1.439999961853027344e+01,2.000000000000000000e+00,-1.982418436024261654e-01,8.017294448451709465e-01,-1.644000645825210716e-01,8.355811978129006334e-01,2.876456278152158316e-03,4.544873611220980568e-03,2.783616397284481515e-06,0.000000000000000000e+00
1.000000000000000000e+00,6.016582107543945312e+01,2.484333610534667969e+01,1.439999961853027344e+01,2.000000000000000000e+00,-1.824470175963679164e-01,8.175327165599960422e-01,-1.982418436024261654e-01,8.017294448451709465e-01,4.133277297727790643e-03,2.876456278152158316e-03,1.579599075247132043e-06,0.000000000000000000e+00
1.000000000000000000e+00,6.016569519042968750e+01,2.484417343139648438e+01,1.441666698455810547e+01,2.000000000000000000e+00,-1.306795022386396665e-01,8.692166891327699485e-01,-1.824470175963679164e-01,8.175327165599960422e-01,8.467360564929389674e-04,4.133277297727790643e-03,1.080135333033751928e-05,0.000000000000000000e+00
1.000000000000000000e+00,6.016530609130859375e+01,2.484823608398437500e+01,1.441666698455810547e+01,2.000000000000000000e+00,-8.740163566286381081e-02,9.125759017740192602e-01,-1.306795022386396665e-01,8.692166891327699485e-01,4.081242969480048007e-03,8.467360564929389674e-04,1.046203497016139743e-05,0.000000000000000000e+00
1.000000000000000000e+00,6.016386032104492188e+01,2.485741806030273438e+01,1.441666698455810547e+01,2.000000000000000000e+00,-1.360360494962613576e-01,8.639545412598972352e-01,-8.740163566286381081e-02,9.125759017740192602e-01,9.295103053018305764e-03,4.081242969480048007e-03,2.718433697071356934e-05,0.000000000000000000e+00
1.000000000000000000e+00,6.016305541992187500e+01,2.485973167419433594e+01,1.441666698455810547e+01,2.000000000000000000e+00,-2.580956992979820397e-01,7.418722351859057262e-01,-1.360360494962613576e-01,8.639545412598972352e-01,2.449627534400658068e-03,9.295103053018305764e-03,4.686053507599354504e-05,0.000000000000000000e+00
1.000000000000000000e+00,6.016239929199218750e+01,2.486372947692871094e+01,1.441666698455810547e+01,2.000000000000000000e+00,-1.409805772776680233e-01,8.589979359709075668e-01,-2.580956992979820397e-01,7.418722351859057262e-01,4.051287519183529272e-03,2.449627534400658068e-03,2.565314706854667266e-06,0.000000000000000000e+00
1.000000000000000000e+00,6.016233825683593750e+01,2.486791038513183594e+01,1.441666698455810547e+01,2.000000000000000000e+00,-1.438815002093533219e-02,9.855882764340703206e-01,-1.409805772776680233e-01,8.589979359709075668e-01,4.181353691480353511e-03,4.051287519183529272e-03,1.691720917594716842e-08,0.000000000000000000e+00
1.000000000000000000e+00,6.016300582885742188e+01,2.487169075012207031e+01,1.443333339691162109e+01,2.000000000000000000e+00,1.500823890910972513e-01,8.498951290815850435e-01,-1.438815002093533219e-02,9.855882764340703206e-01,3.838855540816622346e-03,4.181353691480353511e-03,1.173049832080758886e-07,0.000000000000000000e+00
1.000000000000000000e+00,6.016373825073242188e+01,2.487481117248535156e+01,1.443333339691162109e+01,2.000000000000000000e+00,1.900940760374783545e-01,8.098799697846733592e-01,1.500823890910972513e-01,8.498951290815850435e-01,3.205226595460023992e-03,3.838855540816622346e-03,4.014856403937150921e-07,0.000000000000000000e+00
1.000000000000000000e+00,6.016415405273437500e+01,2.487842369079589844e+01,1.443333339691162109e+01,2.000000000000000000e+00,1.032171346825232622e-01,8.967580416912801500e-01,1.900940760374783545e-01,8.098799697846733592e-01,3.636369047396685074e-03,3.205226595460023992e-03,1.858838138619561147e-07,0.000000000000000000e+00
1.000000000000000000e+00,6.016446304321289062e+01,2.487941360473632812e+01,1.443333339691162109e+01,2.000000000000000000e+00,2.378671496487290704e-01,7.620558683190764571e-01,1.032171346825232622e-01,8.967580416912801500e-01,1.037017225156046255e-03,3.636369047396685074e-03,6.756629895785731005e-06,0.000000000000000000e+00
1.000000000000000000e+00,6.016532516479492188e+01,2.488621711730957031e+01,1.443333339691162109e+01,2.000000000000000000e+00,1.124643203858271545e-01,8.875226345492156499e-01,2.378671496487290704e-01,7.620558683190764571e-01,6.857917829521479117e-03,1.037017225156046255e-03,3.388288384590186074e-05,0.000000000000000000e+00
1.000000000000000000e+00,6.016562271118164062e+01,2.488729858398437500e+01,1.443333339691162109e+01,2.000000000000000000e+00,2.157519894634782887e-01,7.841755001653345492e-01,1.124643203858271545e-01,8.875226345492156499e-01,1.121652361902961267e-03,6.857917829521479117e-03,3.290474151499269366e-05,0.000000000000000000e+00
1.000000000000000000e+00,6.016626739501953125e+01,2.489334106445312500e+01,1.444999980926513672e+01,2.000000000000000000e+00,9.640471922882386246e-02,9.035803269731184084e-01,2.157519894634782887e-01,7.841755001653345492e-01,6.076774429420809739e-03,1.121652361902961267e-03,2.455323470400235425e-05,0.000000000000000000e+00
1.000000000000000000e+00,6.016658782958984375e+01,2.489698219299316406e+01,1.444999980926513672e+01,2.000000000000000000e+00,8.088385139948567337e-02,9.190909066762984470e-01,9.640471922882386246e-02,9.035803269731184084e-01,3.655201137959216383e-03,6.076774429420809739e-03,5.864017205920135002e-06,0.000000000000000000e+00
1.000000000000000000e+00,6.016690063476562500e+01,2.490085983276367188e+01,1.444999980926513672e+01,2.000000000000000000e+00,7.464546491936678574e-02,9.253306718358089711e-01,8.088385139948567337e-02,9.190909066762984470e-01,3.890236145508318543e-03,3.655201137959216383e-03,5.524145477360651046e-08,0.000000000000000000e+00
1.000000000000000000e+00,6.016696548461914062e+01,2.490516090393066406e+01,1.444999980926513672e+01,2.000000000000000000e+00,1.485330767099291190e-02,9.851237881790887441e-01,7.464546491936678574e-02,9.253306718358089711e-01,4.301560029458212191e-03,3.890236145508318543e-03,1.691873375076255712e-07,0.000000000000000000e+00
1.000000000000000000e+00,6.016696166992187500e+01,2.490551567077636719e+01,1.444999980926513672e+01,2.000000000000000000e+00,-1.063533192717795901e-02,9.890858692275502628e-01,1.485330767099291190e-02,9.851237881790887441e-01,3.547873542354254605e-04,4.301560029458212191e-03,1.557701454988523270e-05,0.000000000000000000e+00
1.000000000000000000e+00,6.016574478149414062e+01,2.491072082519531250e+01,1.444999980926513672e+01,2.000000000000000000e+00,-1.894832389727236499e-01,8.105011899005687415e-01,-1.063533192717795901e-02,9.890858692275502628e-01,5.345507456792081800e-03,3.547873542354254605e-04,2.490728714206312481e-05,0.000000000000000000e+00
1.000000000000000000e+00,6.016555786132812500e+01,2.491108894348144531e+01,1.446666622161865234e+01,2.000000000000000000e+00,-3.367090953477039350e-01,6.631107694092536198e-01,-1.894832389727236499e-01,8.105011899005687415e-01,4.128561747735741590e-04,5.345507456792081800e-03,2.433104866999882200e-05,0.000000000000000000e+00
1.000000000000000000e+00,6.016487121582031250e+01,2.491203117370605469e+01,1.446666622161865234e+01,2.000000000000000000e+00,-4.215197894885958640e-01,5.784188222426842607e-01,-3.367090953477039350e-01,6.631107694092536198e-01,1.165881576133064772e-03,4.128561747735741590e-04,5.670472550926219217e-07,0.000000000000000000e+00
1.000000000000000000e+00,6.016478729248046875e+01,2.491188621520996094e+01,1.446666622161865234e+01,2.000000000000000000e+00,-3.665065375170485362e-01,-6.330567466203566029e-01,-4.215197894885958640e-01,5.784188222426842607e-01,1.674995300300609552e-04,1.165881576133064772e-03,9.967667099808202902e-07,0.000000000000000000e+00
1.000000000000000000e+00,6.016434097290039062e+01,2.491236495971679688e+01,1.446666622161865234e+01,2.000000000000000000e+00,-4.824220766792293169e-01,5.174698343866946937e-01,-3.665065375170485362e-01,-6.330567466203566029e-01,6.545207944646974944e-04,1.674995300300609552e-04,2.371897120115121663e-07,0.000000000000000000e+00
1.000000000000000000e+00,6.016441345214843750e+01,2.491602516174316406e+01,1.446666622161865234e+01,2.000000000000000000e+00,1.941695554027663209e-02,9.805562547839700160e-01,-4.824220766792293169e-01,5.174698343866946937e-01,3.660919572350628155e-03,6.545207944646974944e-04,9.038433611674016085e-06,0.000000000000000000e+00
1.000000000000000000e+00,6.016407394409179688e+01,2.491760063171386719e+01,1.446666622161865234e+01,2.000000000000000000e+00,-1.772815790234558708e-01,8.226662037830030361e-01,1.941695554027663209e-02,9.805562547839700160e-01,1.611636233494146602e-03,3.660919572350628155e-03,4.199562202914769636e-06,0.000000000000000000e+00
1.000000000000000000e+00,6.016404342651367188e+01,2.491902351379394531e+01,1.448333358764648438e+01,2.000000000000000000e+00,-2.099593071987857287e-02,9.789352698143385378e-01,-1.772815790234558708e-01,8.226662037830030361e-01,1.423209308704122744e-03,1.611636233494146602e-03,3.550470598582530552e-08,0.000000000000000000e+00
1.000000000000000000e+00,6.016404342651367188e+01,2.491902351379394531e+01,1.448333358764648438e+01,2.000000000000000000e+00,0.000000000000000000e+00,0.000000000000000000e+00,-2.099593071987857287e-02,9.789352698143385378e-01,0.000000000000000000e+00,1.423209308704122744e-03,2.025524736382066780e-06,0.000000000000000000e+00
1.000000000000000000e+00,6.016427230834960938e+01,2.492059326171875000e+01,1.448333358764648438e+01,2.000000000000000000e+00,1.272463718191104709e-01,8.726980333927325528e-01,0.000000000000000000e+00,0.000000000000000000e+00,1.586346570661891419e-03,0.000000000000000000e+00,2.516495442250743085e-06,0.000000000000000000e+00
1.000000000000000000e+00,6.016436767578125000e+01,2.492041206359863281e+01,1.448333358764648438e+01,2.000000000000000000e+00,3.447029492276932894e-01,-6.549356035326172609e-01,1.272463718191104709e-01,8.726980333927325528e-01,2.047625594480885383e-04,1.586346570661891419e-03,1.908774380041621153e-06,0.000000000000000000e+00
1.000000000000000000e+00,6.016437911987304688e+01,2.492041206359863281e+01,1.448333358764648438e+01,2.000000000000000000e+00,9.913375602204522741e-01,0.000000000000000000e+00,3.447029492276932894e-01,-6.549356035326172609e-01,1.144409179687500000e-05,2.047625594480885383e-04,3.737202993501329802e-08,0.000000000000000000e+00
1.000000000000000000e+00,6.016443634033203125e+01,2.492039108276367188e+01,1.448333358764648438e+01,2.000000000000000000e+00,7.307728404123070565e-01,-2.679500414845125689e-01,9.913375602204522741e-01,0.000000000000000000e+00,6.094568370311911719e-05,1.144409179687500000e-05,2.450407601252332918e-09,0.000000000000000000e+00
1.000000000000000000e+00,6.016438674926757812e+01,2.492034912109375000e+01,1.450000000000000000e+01,2.000000000000000000e+00,-5.410756677506382006e-01,-4.578332573274631057e-01,7.307728404123070565e-01,-2.679500414845125689e-01,6.496195360537110385e-05,6.094568370311911719e-05,1.613042392773518103e-11,0.000000000000000000e+00
1.000000000000000000e+00,6.016438674926757812e+01,2.492039489746093750e+01,1.450000000000000000e+01,2.000000000000000000e+00,0.000000000000000000e+00,9.978202284502760699e-01,-5.410756677506382006e-01,-4.578332573274631057e-01,4.577636718750000000e-05,6.496195360537110385e-05,3.680867261976001641e-10,0.000000000000000000e+00
1.000000000000000000e+00,6.016441726684570312e+01,2.492056465148925781e+01,1.450000000000000000e+01,2.000000000000000000e+00,1.523049032065786901e-01,8.471960240865940017e-01,0.000000000000000000e+00,9.978202284502760699e-01,1.724753684025314403e-04,4.577636718750000000e-05,1.605263690888653692e-08,0.000000000000000000e+00
1.000000000000000000e+00,6.016395187377929688e+01,2.492129135131835938e+01,1.450000000000000000e+01,2.000000000000000000e+00,-3.903672536213333433e-01,6.095488673349508391e-01,1.523049032065786901e-01,8.471960240865940017e-01,8.629503739354032815e-04,1.724753684025314403e-04,4.767557332656194425e-07,0.000000000000000000e+00
1.000000000000000000e+00,6.016394805908203125e+01,2.492143630981445312e+01,1.450000000000000000e+01,2.000000000000000000e+00,-2.562380224098804657e-02,9.737044851575458182e-01,-3.903672536213333433e-01,6.095488673349508391e-01,1.450086807918412137e-04,8.629503739354032815e-04,5.154402747538445560e-07,0.000000000000000000e+00
1.000000000000000000e+00,6.016382217407226562e+01,2.492109298706054688e+01,1.450000000000000000e+01,2.000000000000000000e+00,-2.682355151781375402e-01,-7.315514050312841299e-01,-2.562380224098804657e-02,9.737044851575458182e-01,3.656741022187146896e-04,1.450086807918412137e-04,4.869322821349967490e-08,0.000000000000000000e+00
1.000000000000000000e+00,6.016328430175781250e+01,2.492108535766601562e+01,1.451666641235351562e+01,2.000000000000000000e+00,-9.858332655415650292e-01,-1.398345057505766091e-02,-2.682355151781375402e-01,-7.315514050312841299e-01,5.379264209128185826e-04,3.656741022187146896e-04,2.967086129549513328e-08,0.000000000000000000e+00
1.000000000000000000e+00,6.016246414184570312e+01,2.492247390747070312e+01,1.451666641235351562e+01,2.000000000000000000e+00,-3.713130677905280286e-01,6.286416589569869817e-01,-9.858332655415650292e-01,-1.398345057505766091e-02,1.612678778160409792e-03,5.379264209128185826e-04,1.155092629409254143e-06,0.000000000000000000e+00
1.000000000000000000e+00,6.016245651245117188e+01,2.492248153686523438e+01,1.451666641235351562e+01,2.000000000000000000e+00,-4.967445350153236183e-01,4.967445350153236183e-01,-3.713130677905280286e-01,6.286416589569869817e-01,1.078959321878887288e-05,1.612678778160409792e-03,2.566048960832930502e-06,0.000000000000000000e+00
1.000000000000000000e+00,6.016226196289062500e+01,2.492276573181152344e+01,1.451666641235351562e+01,2.000000000000000000e+00,-4.062896363422873747e-01,5.935015275980473071e-01,-4.967445350153236183e-01,4.967445350153236183e-01,3.444071703742901131e-04,1.078959321878887288e-05,1.113006877871068366e-07,0.000000000000000000e+00
1.000000000000000000e+00,6.016136169433593750e+01,2.492432022094726562e+01,1.451666641235351562e+01,2.000000000000000000e+00,-3.667294272076199180e-01,6.332298372334962400e-01,-4.062896363422873747e-01,5.935015275980473071e-01,1.796362976600111676e-03,3.444071703742901131e-04,2.108175663232875522e-06,0.000000000000000000e+00
1.000000000000000000e+00,6.016125106811523438e+01,2.492460441589355469e+01,1.451666641235351562e+01,2.000000000000000000e+00,-2.801222875585026584e-01,7.196244973485671492e-01,-3.667294272076199180e-01,6.332298372334962400e-01,3.049670936401166119e-04,1.796362976600111676e-03,2.224261679710023293e-06,0.000000000000000000e+00
1.000000000000000000e+00,6.016134262084960938e+01,2.492749595642089844e+01,1.453333377838134766e+01,2.000000000000000000e+00,3.068950830300964591e-02,9.692769705700546856e-01,-2.801222875585026584e-01,7.196244973485671492e-01,2.892989547931846921e-03,3.049670936401166119e-04,6.697860223918191429e-06,0.000000000000000000e+00
1.000000000000000000e+00,6.016180801391601562e+01,2.492906379699707031e+01,1.453333377838134766e+01,2.000000000000000000e+00,2.288818011274156294e-01,7.710690185521953399e-01,3.068950830300964591e-02,9.692769705700546856e-01,1.635455526313684110e-03,2.892989547931846921e-03,1.581391815527149969e-06,0.000000000000000000e+00
1.000000000000000000e+00,6.016127014160156250e+01,2.492952728271484375e+01,1.453333377838134766e+01,2.000000000000000000e+00,-5.370892210602796757e-01,4.628109245306665787e-01,2.288818011274156294e-01,7.710690185521953399e-01,7.100180541613853149e-04,1.635455526313684110e-03,8.564345148636368208e-07,0.000000000000000000e+00
1.000000000000000000e+00,6.016066360473632812e+01,2.492986679077148438e+01,1.453333377838134766e+01,2.000000000000000000e+00,-6.410612700138844655e-01,3.588330379323001473e-01,-5.370892210602796757e-01,4.628109245306665787e-01,6.950918568162313578e-04,7.100180541613853149e-04,2.227913671864810266e-10,0.000000000000000000e+00
1.000000000000000000e+00,6.016050720214843750e+01,2.493172073364257812e+01,1.453333377838134766e+01,2.000000000000000000e+00,-7.779499174756800139e-02,9.221552680321475348e-01,-6.410612700138844655e-01,3.588330379323001473e-01,1.860528403109778378e-03,6.950918568162313578e-04,1.358242343436631026e-06,0.000000000000000000e+00
1.000000000000000000e+00,6.016050720214843750e+01,2.493172073364257812e+01,1.453333377838134766e+01,2.000000000000000000e+00,0.000000000000000000e+00,0.000000000000000000e+00,-7.779499174756800139e-02,9.221552680321475348e-01,0.000000000000000000e+00,1.860528403109778378e-03,3.461565938778222031e-06,0.000000000000000000e+00
1.000000000000000000e+00,6.016255187988281250e+01,2.493482780456542969e+01,1.455000019073486328e+01,2.000000000000000000e+00,3.968823368883138691e-01,6.030982526036038349e-01,0.000000000000000000e+00,0.000000000000000000e+00,3.719488776307645298e-03,0.000000000000000000e+00,1.383459675707854500e-05,0.000000000000000000e+00
1.000000000000000000e+00,6.016261672973632812e+01,2.493472099304199219e+01,1.455000019073486328e+01,2.000000000000000000e+00,3.775578343979101859e-01,-6.218599625377344564e-01,3.968823368883138691e-01,6.030982526036038349e-01,1.249568126995788452e-04,3.719488776307645298e-03,1.292066003740006086e-05,0.000000000000000000e+00
1.000000000000000000e+00,6.016254043579101562e+01,2.493486213684082031e+01,1.455000019073486328e+01,2.000000000000000000e+00,-3.507158981256170982e-01,6.488244115323916761e-01,3.775578343979101859e-01,-6.218599625377344564e-01,1.604441897950217508e-04,1.249568126995788452e-04,1.259353933114165776e-09,0.000000000000000000e+00
1.000000000000000000e+00,6.016251373291015625e+01,2.493499755859375000e+01,1.455000019073486328e+01,2.000000000000000000e+00,-1.646043528388927146e-01,8.347792179686701619e-01,-3.507158981256170982e-01,6.488244115323916761e-01,1.380293266401720121e-04,1.604441897950217508e-04,5.024260902506404256e-10,0.000000000000000000e+00
1.000000000000000000e+00,6.016245651245117188e+01,2.493494033813476562e+01,1.455000019073486328e+01,2.000000000000000000e+00,-4.995634747748953775e-01,-4.995634747748953775e-01,-1.646043528388927146e-01,8.347792179686701619e-01,8.092194914091654402e-05,1.380293266401720121e-04,3.261252564842469898e-09,0.000000000000000000e+00
1.000000000000000000e+00,6.016248321533203125e+01,2.493505668640136719e+01,1.455000019073486328e+01,2.000000000000000000e+00,1.865362683639093522e-01,8.127651692998907329e-01,-4.995634747748953775e-01,-4.995634747748953775e-01,1.193732088342197437e-04,8.092194914091654402e-05,1.478499372001843358e-09,0.000000000000000000e+00
1.000000000000000000e+00,6.016280746459960938e+01,2.493604469299316406e+01,1.456666660308837891e+01,2.000000000000000000e+00,2.470741950529685982e-01,7.528496061025748975e-01,1.865362683639093522e-01,8.127651692998907329e-01,1.039853168942147903e-03,1.193732088342197437e-04,8.472833569602930034e-07,0.000000000000000000e+00
1.000000000000000000e+00,6.016280746459960938e+01,2.493604469299316406e+01,1.456666660308837891e+01,2.000000000000000000e+00,0.000000000000000000e+00,0.000000000000000000e+00,2.470741950529685982e-01,7.528496061025748975e-01,0.000000000000000000e+00,1.039853168942147903e-03,1.081294612959027290e-06,0.000000000000000000e+00
1.000000000000000000e+00,6.016371536254882812e+01,2.493839073181152344e+01,1.456666660308837891e+01,2.000000000000000000e+00,2.790066658940886235e-01,7.209626030456491863e-01,0.000000000000000000e+00,0.000000000000000000e+00,2.515586775176850004e-03,0.000000000000000000e+00,6.328176823444663631e-06,0.000000000000000000e+00
1.000000000000000000e+00,6.016433715820312500e+01,2.493965339660644531e+01,1.456666660308837891e+01,2.000000000000000000e+00,3.299420056038224747e-01,6.700049316249401254e-01,2.790066658940886235e-01,7.209626030456491863e-01,1.407463043933154063e-03,2.515586775176850004e-03,1.227938203745450948e-06,0.000000000000000000e+00
1.000000000000000000e+00,6.016484451293945312e+01,2.494146156311035156e+01,1.456666660308837891e+01,2.000000000000000000e+00,2.191009166407427156e-01,7.808558984038499462e-01,3.299420056038224747e-01,6.700049316249401254e-01,1.877997586346460707e-03,1.407463043933154063e-03,2.214027556040998733e-07,0.000000000000000000e+00
1.000000000000000000e+00,6.016485214233398438e+01,2.494165039062500000e+01,1.456666660308837891e+01,2.000000000000000000e+00,3.881519384432014635e-02,9.606760476469236032e-01,2.191009166407427156e-01,7.808558984038499462e-01,1.889815809787275143e-04,1.877997586346460707e-03,2.852775066388374348e-06,0.000000000000000000e+00
1.000000000000000000e+00,6.016488265991210938e+01,2.494217872619628906e+01,1.458333301544189453e+01,2.000000000000000000e+00,5.459773892855038918e-02,9.452233552005285810e-01,3.881519384432014635e-02,9.606760476469236032e-01,5.292162114523284080e-04,1.889815809787275143e-04,1.157596037735077360e-07,0.000000000000000000e+00
1.000000000000000000e+00,6.016527557373046875e+01,2.494258499145507812e+01,1.458333301544189453e+01,2.000000000000000000e+00,4.915852667645963514e-01,5.082896204896069081e-01,5.459773892855038918e-02,9.452233552005285810e-01,5.651838012157530582e-04,5.292162114523284080e-04,1.293667513390009709e-09,0.000000000000000000e+00
1.000000000000000000e+00,6.016638946533203125e+01,2.494366836547851562e+01,1.458333301544189453e+01,2.000000000000000000e+00,5.069213738894727816e-01,4.930331170705831156e-01,4.915852667645963514e-01,5.082896204896069081e-01,1.553851271740840740e-03,5.651838012157530582e-04,9.774633672744748363e-07,0.000000000000000000e+00
1.000000000000000000e+00,6.016690063476562500e+01,2.494547653198242188e+01,1.458333301544189453e+01,2.000000000000000000e+00,2.203852347587203220e-01,7.795716513106972778e-01,5.069213738894727816e-01,4.930331170705831156e-01,1.879031744194095861e-03,1.553851271740840740e-03,1.057423396649222073e-07,0.000000000000000000e+00
1.000000000000000000e+00,6.016724777221679688e+01,2.494573402404785156e+01,1.458333301544189453e+01,2.000000000000000000e+00,5.740375517350397860e-01,4.257970850781888639e-01,2.203852347587203220e-01,7.795716513106972778e-01,4.322112605721331515e-04,1.879031744194095861e-03,2.093289511828090007e-06,0.000000000000000000e+00
1.000000000000000000e+00,6.016717910766601562e+01,2.494570922851562500e+01,1.458333301544189453e+01,2.000000000000000000e+00,-7.339086133080529040e-01,-2.650225548056857616e-01,5.740375517350397860e-01,4.257970850781888639e-01,7.300437625505309556e-05,4.322112605721331515e-04,1.290295857407841400e-07,0.000000000000000000e+00
1.000000000000000000e+00,6.016715240478515625e+01,2.494569396972656250e+01,1.460000038146972656e+01,2.000000000000000000e+00,-6.348507063312680554e-01,-3.627718321892960396e-01,-7.339086133080529040e-01,-2.650225548056857616e-01,3.075507258719844487e-05,7.300437625505309556e-05,1.785003660418596514e-09,0.000000000000000000e+00
1.000000000000000000e+00,6.016714477539062500e+01,2.494588088989257812e+01,1.460000038146972656e+01,2.000000000000000000e+00,-3.919553945981146120e-02,9.602907167653809140e-01,-6.348507063312680554e-01,-3.627718321892960396e-01,1.870758031500126489e-04,3.075507258719844487e-05,2.443617080369195466e-08,0.000000000000000000e+00
1.000000000000000000e+00,6.016739273071289062e+01,2.494749832153320312e+01,1.460000038146972656e+01,2.000000000000000000e+00,1.329172099286135833e-01,8.670291847651101502e-01,-3.919553945981146120e-02,9.602907167653809140e-01,1.636327275924571523e-03,1.870758031500126489e-04,2.100329831339227732e-06,0.000000000000000000e+00
1.000000000000000000e+00,6.016747283935546875e+01,2.494810295104980469e+01,1.460000038146972656e+01,2.000000000000000000e+00,1.169745603458789418e-01,8.828794197534196586e-01,1.329172099286135833e-01,8.670291847651101502e-01,6.099133110217786575e-04,1.636327275924571523e-03,1.053525627347472030e-06,0.000000000000000000e+00
1.000000000000000000e+00,6.016724777221679688e+01,2.494961357116699219e+01,1.460000038146972656e+01,2.000000000000000000e+00,-1.296628592658067292e-01,8.702795299874485080e-01,1.169745603458789418e-01,8.828794197534196586e-01,1.527294456010864056e-03,6.099133110217786575e-04,8.415881651814853535e-07,0.000000000000000000e+00
1.000000000000000000e+00,6.016728973388671875e+01,2.495002555847167969e+01,1.460000038146972656e+01,2.000000000000000000e+00,9.241661641891216195e-02,9.073631430220467919e-01,-1.296628592658067292e-01,8.702795299874485080e-01,4.141187281037931266e-04,1.527294456010864056e-03,1.239160201201437009e-06,0.000000000000000000e+00
1.000000000000000000e+00,6.016729736328125000e+01,2.495095634460449219e+01,1.461666679382324219e+01,2.000000000000000000e+00,8.129215030510179851e-03,9.917642337222419835e-01,9.241661641891216195e-02,9.073631430220467919e-01,9.308174002976965901e-04,4.141187281037931266e-04,2.669775178469429683e-07,0.000000000000000000e+00
1.000000000000000000e+00,6.016766738891601562e+01,2.495242118835449219e+01,1.461666679382324219e+01,2.000000000000000000e+00,2.016522116595897418e-01,7.982932915183759137e-01,8.129215030510179851e-03,9.917642337222419835e-01,1.510856109064581459e-03,9.308174002976965901e-04,3.364449036679551060e-07,0.000000000000000000e+00
1.000000000000000000e+00,6.016777038574218750e+01,2.495246124267578125e+01,1.461666679382324219e+01,2.000000000000000000e+00,7.194970351179360568e-01,2.798044025458640283e-01,2.016522116595897418e-01,7.982932915183759137e-01,1.105110621404340739e-04,1.510856109064581459e-03,1.960966250444992695e-06,0.000000000000000000e+00
1.000000000000000000e+00,6.016800308227539062e+01,2.495492362976074219e+01,1.461666679382324219e+01,2.000000000000000000e+00,8.633791465445164737e-02,9.136249821221071876e-01,7.194970351179360568e-01,2.798044025458640283e-01,2.473357603086779113e-03,1.105110621404340739e-04,5.583043776062107986e-06,0.000000000000000000e+00
1.000000000000000000e+00,6.016795349121093750e+01,2.495589065551757812e+01,1.461666679382324219e+01,2.000000000000000000e+00,-4.877568996079958974e-02,9.511259542355919860e-01,8.633791465445164737e-02,9.136249821221071876e-01,9.682964876822138401e-04,2.473357603086779113e-03,2.265208961102834176e-06,0.000000000000000000e+00
1.000000000000000000e+00,6.016809082031250000e+01,2.495698928833007812e+01,1.461666679382324219e+01,2.000000000000000000e+00,1.111021219893003759e-01,8.888169759144030069e-01,-4.877568996079958974e-02,9.511259542355919860e-01,1.107182613139144015e-03,9.682964876822138401e-04,1.928935584443814674e-08,0.000000000000000000e+00
1.000000000000000000e+00,6.016842651367187500e+01,2.495782089233398438e+01,1.463333320617675781e+01,2.000000000000000000e+00,2.875570649152858760e-01,7.123572744492309150e-01,1.111021219893003759e-01,8.888169759144030069e-01,8.968027937296912770e-04,1.107182613139144015e-03,4.425966841475394491e-08,0.000000000000000000e+00
1.000000000000000000e+00,6.016853332519531250e+01,2.495792007446289062e+01,1.463333320617675781e+01,2.000000000000000000e+00,5.182669248800818584e-01,4.812478588172189320e-01,2.875570649152858760e-01,7.123572744492309150e-01,1.457593778575347831e-04,8.968027937296912770e-04,5.640662125249169762e-07,0.000000000000000000e+00
1.000000000000000000e+00,6.016915130615234375e+01,2.495841789245605469e+01,1.463333320617675781e+01,2.000000000000000000e+00,5.537965215605648028e-01,4.461138645904549338e-01,5.182669248800818584e-01,4.812478588172189320e-01,7.935510176234129073e-04,1.457593778575347831e-04,4.196340085505651556e-07,0.000000000000000000e+00
1.000000000000000000e+00,6.016969680786132812e+01,2.495949745178222656e+01,1.463333320617675781e+01,2.000000000000000000e+00,3.356600959436171205e-01,6.642783716926129456e-01,5.537965215605648028e-01,4.461138645904549338e-01,1.209553824031633007e-03,7.935510176234129073e-04,1.730583349395150559e-07,0.000000000000000000e+00
1.000000000000000000e+00,6.017102432250976562e+01,2.495994949340820312e+01,1.463333320617675781e+01,2.000000000000000000e+00,7.459387902726178909e-01,2.540050191014517900e-01,3.356600959436171205e-01,6.642783716926129456e-01,1.402368273112192774e-03,1.209553824031633007e-03,3.717741177423977416e-08,0.000000000000000000e+00
1.000000000000000000e+00,6.017234802246093750e+01,2.496129798889160156e+01,1.463333320617675781e+01,2.000000000000000000e+00,4.953419199268726536e-01,5.046206590609495501e-01,7.459387902726178909e-01,2.540050191014517900e-01,1.889608856212949151e-03,1.402368273112192774e-03,2.374033858203650864e-07,0.000000000000000000e+00
1.000000000000000000e+00,6.017281341552734375e+01,2.496112823486328125e+01,1.464999961853027344e+01,2.000000000000000000e+00,7.326173866353140607e-01,-2.672251943055038992e-01,4.953419199268726536e-01,5.046206590609495501e-01,4.953858459725970836e-04,1.889608856212949151e-03,1.943857802283668539e-06,0.000000000000000000e+00
1.000000000000000000e+00,6.017430114746093750e+01,2.496187973022460938e+01,1.464999961853027344e+01,2.000000000000000000e+00,6.643655605714633428e-01,3.355897831604571224e-01,7.326173866353140607e-01,-2.672251943055038992e-01,1.666760805974356685e-03,4.953858459725970836e-04,1.372119296919124207e-06,0.000000000000000000e+00
1.000000000000000000e+00,6.017425918579101562e+01,2.496180534362792969e+01,1.464999961853027344e+01,2.000000000000000000e+00,-3.603460244320370043e-01,-6.387952251295201389e-01,6.643655605714633428e-01,3.355897831604571224e-01,8.540578146834606110e-05,1.666760805974356685e-03,2.500683713530405830e-06,0.000000000000000000e+00
1.000000000000000000e+00,6.017424392700195312e+01,2.496183013916015625e+01,1.464999961853027344e+01,2.000000000000000000e+00,-3.800036601952549997e-01,6.175059478172892913e-01,-3.603460244320370043e-01,-6.387952251295201389e-01,2.911441330427884521e-05,8.540578146834606110e-05,3.168718129782560621e-09,0.000000000000000000e+00
1.000000000000000000e+00,6.017421722412109375e+01,2.496187591552734375e+01,1.464999961853027344e+01,2.000000000000000000e+00,-3.679134405213051462e-01,6.307087551793802982e-01,-3.800036601952549997e-01,6.175059478172892913e-01,5.299546809940263353e-05,2.911441330427884521e-05,5.703047781277048893e-10,0.000000000000000000e+00
1.000000000000000000e+00,6.017417144775390625e+01,2.496183967590332031e+01,1.464999961853027344e+01,2.000000000000000000e+00,-5.574598383634049581e-01,-4.413223720376955872e-01,-3.679134405213051462e-01,6.307087551793802982e-01,5.838481088643633496e-05,5.299546809940263353e-05,2.904501567615218352e-11,0.000000000000000000e+00
1.000000000000000000e+00,6.017415237426757812e+01,2.496182060241699219e+01,1.466666698455810547e+01,2.000000000000000000e+00,-4.986927069901875842e-01,-4.986927069901875842e-01,-5.574598383634049581e-01,-4.413223720376955872e-01,2.697398304697218134e-05,5.838481088643633496e-05,9.866401055604563990e-10,0.000000000000000000e+00
1.000000000000000000e+00,6.017425155639648438e+01,2.496168327331542969e+01,1.466666698455810547e+01,2.000000000000000000e+00,4.191776050095361028e-01,-5.803997607824346039e-01,-4.986927069901875842e-01,-4.986927069901875842e-01,1.694000496763192623e-04,2.697398304697218134e-05,2.028518445550721572e-08,0.000000000000000000e+00
1.000000000000000000e+00,6.017420578002929688e+01,2.496175193786621094e+01,1.466666698455810547e+01,2.000000000000000000e+00,-3.996507798199162576e-01,5.994761697298743863e-01,4.191776050095361028e-01,-5.803997607824346039e-01,8.252451954949927297e-05,1.694000496763192623e-04,7.547357734816008379e-09,0.000000000000000000e+00
1.000000000000000000e+00,6.017421340942382812e+01,2.496172332763671875e+01,1.466666698455810547e+01,2.000000000000000000e+00,2.099469858667048217e-01,-7.873011970001430049e-01,-3.996507798199162576e-01,5.994761697298743863e-01,2.961001338245396465e-05,8.252451954949927297e-05,2.799944962902275593e-09,0.000000000000000000e+00
1.000000000000000000e+00,6.017444992065429688e+01,2.496031570434570312e+01,1.466666698455810547e+01,2.000000000000000000e+00,1.438427592769633556e-01,-8.560964221483786663e-01,2.099469858667048217e-01,-7.873011970001430049e-01,1.427354508013864518e-03,2.961001338245396465e-05,1.953689672272417066e-06,0.000000000000000000e+00
1.000000000000000000e+00,6.017432403564453125e+01,2.495961570739746094e+01,1.466666698455810547e+01,2.000000000000000000e+00,-1.524064884773601025e-01,-8.474724435028962999e-01,1.438427592769633556e-01,-8.560964221483786663e-01,7.112262391335595494e-04,1.427354508013864518e-03,5.128396974895023431e-07,0.000000000000000000e+00
1.000000000000000000e+00,6.017433547973632812e+01,2.495949554443359375e+01,1.468333339691162109e+01,2.000000000000000000e+00,8.689049906380701127e-02,-9.123502401699735698e-01,-1.524064884773601025e-01,-8.474724435028962999e-01,1.207066904624690254e-04,7.112262391335595494e-04,3.487133373627084403e-07,0.000000000000000000e+00
1.000000000000000000e+00,6.017412567138671875e+01,2.495821952819824219e+01,1.468333339691162109e+01,2.000000000000000000e+00,-1.411971722743186886e-01,-8.587355295592654647e-01,8.689049906380701127e-02,-9.123502401699735698e-01,1.293150020858594654e-03,1.207066904624690254e-04,1.374623362990358522e-06,0.000000000000000000e+00
1.000000000000000000e+00,6.017410278320312500e+01,2.495824241638183594e+01,1.468333339691162109e+01,2.000000000000000000e+00,-4.989101142251380350e-01,4.989101142251380350e-01,-1.411971722743186886e-01,-8.587355295592654647e-01,3.236877965636661354e-05,1.293150020858594654e-03,1.589569338167430613e-06,0.000000000000000000e+00
1.000000000000000000e+00,6.017419433593750000e+01,2.495832824707031250e+01,1.468333339691162109e+01,2.000000000000000000e+00,5.158382281795959035e-01,4.835983389183711179e-01,-4.989101142251380350e-01,4.989101142251380350e-01,1.254942638366392509e-04,3.236877965636661354e-05,8.672355803810209723e-09,0.000000000000000000e+00
1.000000000000000000e+00,6.017421722412109375e+01,2.495817565917968750e+01,1.468333339691162109e+01,2.000000000000000000e+00,1.303604929976600324e-01,-8.690699533177336233e-01,5.158382281795959035e-01,4.835983389183711179e-01,1.542949555676016596e-04,1.254942638366392509e-04,8.294798441819264867e-10,0.000000000000000000e+00
1.000000000000000000e+00,6.017420578002929688e+01,2.495810699462890625e+01,1.468333339691162109e+01,2.000000000000000000e+00,-1.426790359371585271e-01,-8.560742156229510513e-01,1.303604929976600324e-01,-8.690699533177336233e-01,6.961169277532447397e-05,1.542949555676016596e-04,7.171254997145877368e-09,0.000000000000000000e+00
1.000000000000000000e+00,6.017413711547851562e+01,2.495771026611328125e+01,1.469999980926513672e+01,2.000000000000000000e+00,-1.475092879714868799e-01,-8.522758860574798367e-01,-1.426790359371585271e-01,-8.560742156229510513e-01,4.026267944933704023e-04,6.961169277532447397e-05,1.108990579722804675e-07,0.000000000000000000e+00
1.000000000000000000e+00,6.017413330078125000e+01,2.495722198486328125e+01,1.469999980926513672e+01,2.000000000000000000e+00,-7.750363014603024216e-03,-9.920464658691870996e-01,-1.475092879714868799e-01,-8.522758860574798367e-01,4.882961509338271111e-04,4.026267944933704023e-04,7.339238632922021178e-09,0.000000000000000000e+00
1.000000000000000000e+00,6.017408752441406250e+01,2.495641517639160156e+01,1.469999980926513672e+01,2.000000000000000000e+00,-5.368497843624734506e-02,-9.461977449388594419e-01,-7.750363014603024216e-03,-9.920464658691870996e-01,8.081060485895387013e-04,4.882961509338271111e-04,1.022783706385567281e-07,0.000000000000000000e+00
1.000000000000000000e+00,6.017277145385742188e+01,2.495647239685058594e+01,1.469999980926513672e+01,2.000000000000000000e+00,-9.582635547107538621e-01,4.166363281351103537e-02,-5.368497843624734506e-02,-9.461977449388594419e-01,1.317313892351685027e-03,8.081060485895387013e-04,2.592926281488944078e-07,0.000000000000000000e+00
1.000000000000000000e+00,6.017247390747070312e+01,2.495635604858398438e+01,1.469999980926513672e+01,2.000000000000000000e+00,-7.187203610780327212e-01,-2.810380899087179252e-01,-9.582635547107538621e-01,4.166363281351103537e-02,3.194851661510627922e-04,1.317313892351685027e-03,9.956621668311564054e-07,0.000000000000000000e+00
1.000000000000000000e+00,6.017211151123046875e+01,2.495636940002441406e+01,1.471666622161865234e+01,2.000000000000000000e+00,-9.642103939395848533e-01,3.552354082935312712e-02,-7.187203610780327212e-01,-2.810380899087179252e-01,3.626421044191618904e-04,3.194851661510627922e-04,1.862521320676516470e-09,0.000000000000000000e+00
1.000000000000000000e+00,6.017195510864257812e+01,2.495665359497070312e+01,1.471666622161865234e+01,2.000000000000000000e+00,-3.548978057745481030e-01,6.448752812244836763e-01,-9.642103939395848533e-01,3.552354082935312712e-02,3.243894834841718204e-04,3.626421044191618904e-04,1.463263008396040481e-09,0.000000000000000000e+00
1.000000000000000000e+00,6.017156219482421875e+01,2.495865058898925781e+01,1.471666622161865234e+01,2.000000000000000000e+00,-1.643985481096575385e-01,8.355596110233565188e-01,-3.548978057745481030e-01,6.448752812244836763e-01,2.035280417731410215e-03,3.243894834841718204e-04,2.927147788889388432e-06,0.000000000000000000e+00
1.000000000000000000e+00,6.017148971557617188e+01,2.495870208740234375e+01,1.471666622161865234e+01,2.000000000000000000e+00,-5.841442156883771553e-01,4.150498374627943354e-01,-1.643985481096575385e-01,8.355596110233565188e-01,8.891191116948444367e-05,2.035280417731410215e-03,3.788350363336101461e-06,0.000000000000000000e+00
1.000000000000000000e+00,6.017081451416015625e+01,2.495847129821777344e+01,1.471666622161865234e+01,2.000000000000000000e+00,-7.451809074931310395e-01,-2.547087282674261322e-01,-5.841442156883771553e-01,4.150498374627943354e-01,7.135549032163782416e-04,8.891191116948444367e-05,3.901788675132957556e-07,0.000000000000000000e+00
1.000000000000000000e+00,6.017059326171875000e+01,2.495858192443847656e+01,1.471666622161865234e+01,2.000000000000000000e+00,-6.664658505472116357e-01,3.332329252736058178e-01,-7.451809074931310395e-01,-2.547087282674261322e-01,2.473677495860820801e-04,7.135549032163782416e-04,2.173304622099173526e-07,0.000000000000000000e+00
1.000000000000000000e+00,6.016996002197265625e+01,2.495889282226562500e+01,1.473333358764648438e+01,2.000000000000000000e+00,-6.706360391055211645e-01,3.292580553439757307e-01,-6.664658505472116357e-01,3.332329252736058178e-01,7.054431479279508555e-04,2.473677495860820801e-04,2.098330705660617552e-07,0.000000000000000000e+00
1.000000000000000000e+00,6.016982650756835938e+01,2.495869255065917969e+01,1.473333358764648438e+01,2.000000000000000000e+00,-3.998801986345247306e-01,-5.998202979517871514e-01,-6.706360391055211645e-01,3.292580553439757307e-01,2.406965153527061891e-04,7.054431479279508555e-04,2.159894324900294659e-07,0.000000000000000000e+00
1.000000000000000000e+00,6.016979980468750000e+01,2.495857810974121094e+01,1.473333358764648438e+01,2.000000000000000000e+00,-1.890552440597329797e-01,-8.102367602559985560e-01,-3.998801986345247306e-01,-5.998202979517871514e-01,1.175149673519085915e-04,2.406965153527061891e-04,1.517369376787280703e-08,0.000000000000000000e+00
1.000000000000000000e+00,6.016967010498046875e+01,2.495836257934570312e+01,1.473333358764648438e+01,2.000000000000000000e+00,-3.755818160004711359e-01,-6.241286060007829040e-01,-1.890552440597329797e-01,-8.102367602559985560e-01,2.515459508553977196e-04,1.175149673519085915e-04,1.796430453891257850e-08,0.000000000000000000e+00
1.000000000000000000e+00,6.016956329345703125e+01,2.495835113525390625e+01,1.473333358764648438e+01,2.000000000000000000e+00,-9.024626607363352981e-01,-9.669242793603592678e-02,-3.755818160004711359e-01,-6.241286060007829040e-01,1.074228503443048333e-04,2.515459508553977196e-04,2.077146810093058795e-08,0.000000000000000000e+00
1.000000000000000000e+00,6.016953277587890625e+01,2.495837974548339844e+01,1.473333358764648438e+01,2.000000000000000000e+00,-5.152576020076085062e-01,4.830540018821329329e-01,-9.024626607363352981e-01,-9.669242793603592678e-02,4.183142127887975483e-05,1.074228503443048333e-04,4.302235566844689504e-09,0.000000000000000000e+00
1.000000000000000000e+00,6.016952514648437500e+01,2.495839118957519531e+01,1.475000000000000000e+01,2.000000000000000000e+00,-3.979137857708577308e-01,5.968706786562865130e-01,-5.152576020076085062e-01,4.830540018821329329e-01,1.375408659158321047e-05,4.183142127887975483e-05,7.883367231424656176e-10,0.000000000000000000e+00
1.000000000000000000e+00,6.016952514648437500e+01,2.495835113525390625e+01,1.475000000000000000e+01,2.000000000000000000e+00,0.000000000000000000e+00,-9.975096080125442910e-01,-3.979137857708577308e-01,5.968706786562865130e-01,4.005432128906250000e-05,1.375408659158321047e-05,6.917023451424934440e-10,0.000000000000000000e+00
1.000000000000000000e+00,6.016934967041015625e+01,2.495848846435546875e+01,1.475000000000000000e+01,2.000000000000000000e+00,-5.607963300083734781e-01,4.388840843543792558e-01,0.000000000000000000e+00,-9.975096080125442910e-01,2.228253458634984400e-04,4.005432128906250000e-05,3.340524742398906805e-08,0.000000000000000000e+00
1.000000000000000000e+00,6.016852188110351562e+01,2.495777893066406250e+01,1.475000000000000000e+01,2.000000000000000000e+00,-5.384265148187838967e-01,-4.615084412732433639e-01,-5.607963300083734781e-01,4.388840843543792558e-01,1.090262901977842288e-03,2.228253458634984400e-04,7.524479137576253814e-07,0.000000000000000000e+00
1.000000000000000000e+00,6.016801071166992188e+01,2.495672035217285156e+01,1.475000000000000000e+01,2.000000000000000000e+00,-3.256171668076365266e-01,-6.743191327546204095e-01,-5.384265148187838967e-01,-4.615084412732433639e-01,1.175535032185336549e-03,1.090262901977842288e-03,7.271336190123855431e-09,0.000000000000000000e+00
1.000000000000000000e+00,6.016784667968750000e+01,2.495544624328613281e+01,1.475000000000000000e+01,2.000000000000000000e+00,-1.140504250306049738e-01,-8.858800455865595280e-01,-3.256171668076365266e-01,-6.743191327546204095e-01,1.284624437908972157e-03,1.175535032185336549e-03,1.190049844113598211e-08,0.000000000000000000e+00
1.000000000000000000e+00,6.016787338256835938e+01,2.495533561706542969e+01,1.476666641235351562e+01,2.000000000000000000e+00,1.943029573487465855e-01,-8.049693947305215369e-01,-1.140504250306049738e-01,-8.858800455865595280e-01,1.138033591474632149e-04,1.284624437908972157e-03,1.370821998472263468e-06,0.000000000000000000e+00
1.000000000000000000e+00,6.016802597045898438e+01,2.495430183410644531e+01,1.476666641235351562e+01,2.000000000000000000e+00,1.286065230133862369e-01,-8.713091934156916851e-01,1.943029573487465855e-01,-8.049693947305215369e-01,1.044983382954904746e-03,1.138033591474632149e-04,8.670962367380274634e-07,0.000000000000000000e+00
1.000000000000000000e+00,6.016798019409179688e+01,2.495288085937500000e+01,1.476666641235351562e+01,2.000000000000000000e+00,-3.120723516529124233e-02,-9.687245915892489512e-01,1.286065230133862369e-01,-8.713091934156916851e-01,1.421711877702005675e-03,1.044983382954904746e-03,1.419243587544164548e-07,0.000000000000000000e+00
1.000000000000000000e+00,6.016798782348632812e+01,2.495274925231933594e+01,1.476666641235351562e+01,2.000000000000000000e+00,5.475519521672631701e-02,-9.445271174885290222e-01,-3.120723516529124233e-02,-9.687245915892489512e-01,1.318280120516012116e-04,1.421711877702005675e-03,1.663800386865231007e-06,0.000000000000000000e+00
1.000000000000000000e+00,6.016799545288085938e+01,2.495270538330078125e+01,1.476666641235351562e+01,2.000000000000000000e+00,1.478610305038488837e-01,-8.502009253971309910e-01,5.475519521672631701e-02,-9.445271174885290222e-01,4.452750217410565275e-05,1.318280120516012116e-04,7.621379024870701434e-09,0.000000000000000000e+00
1.000000000000000000e+00,6.016801452636718750e+01,2.495265197753906250e+01,1.476666641235351562e+01,2.000000000000000000e+00,2.627953146580750965e-01,-7.358268810426102924e-01,1.478610305038488837e-01,-8.502009253971309910e-01,5.670955180098917399e-05,4.452750217410565275e-05,1.484023331118529347e-10,0.000000000000000000e+00
1.000000000000000000e+00,6.016799163818359375e+01,2.495276641845703125e+01,1.478333377838134766e+01,2.000000000000000000e+00,-1.665453920132113630e-01,8.327269600660567317e-01,2.627953146580750965e-01,-7.358268810426102924e-01,1.167072947752254887e-04,5.670955180098917399e-05,3.599729162002523114e-09,0.000000000000000000e+00
1.000000000000000000e+00,6.016800308227539062e+01,2.495281410217285156e+01,1.478333377838134766e+01,2.000000000000000000e+00,1.932216007528531898e-01,8.050900031368882770e-01,-1.665453920132113630e-01,8.327269600660567317e-01,4.903778126595474685e-05,1.167072947752254887e-04,4.579163058581375032e-09,0.000000000000000000e+00
1.000000000000000000e+00,6.016772842407226562e+01,2.494716072082519531e+01,1.480000019073486328e+01,2.000000000000000000e+00,-4.633126477071608518e-02,-9.536518665305726561e-01,1.932216007528531898e-01,8.050900031368882770e-01,5.660049274570977396e-03,4.903778126595474685e-05,3.148344997800105774e-05,0.000000000000000000e+00
1.000000000000000000e+00,6.016774368286132812e+01,2.494662666320800781e+01,1.480000019073486328e+01,2.000000000000000000e+00,2.777272190804732158e-02,-9.720452667816561476e-01,-4.633126477071608518e-02,-9.536518665305726561e-01,5.342755554202758151e-04,5.660049274570977396e-03,2.627355621993601631e-05,0.000000000000000000e+00
1.000000000000000000e+00,6.016775512695312500e+01,2.494636154174804688e+01,1.480000019073486328e+01,2.000000000000000000e+00,4.136435390732319528e-02,-9.582741988529873689e-01,2.777272190804732158e-02,-9.720452667816561476e-01,2.653683398012548805e-04,5.342755554202758151e-04,7.231109061197462113e-08,0.000000000000000000e+00
1.000000000000000000e+00,6.016772460937500000e+01,2.494599723815917969e+01,1.480000019073486328e+01,2.000000000000000000e+00,-7.727511380924211026e-02,-9.224716710978277945e-01,4.136435390732319528e-02,-9.582741988529873689e-01,3.655795774330511806e-04,2.653683398012548805e-04,1.004229214769634618e-08,0.000000000000000000e+00
1.000000000000000000e+00,6.016758728027343750e+01,2.494526290893554688e+01,1.480000019073486328e+01,2.000000000000000000e+00,-1.575311615541293564e-01,-8.423541277547195172e-01,-7.727511380924211026e-02,-9.224716710978277945e-01,7.470600316019674822e-04,3.655795774330511806e-04,1.455273369129226390e-07,0.000000000000000000e+00
1.000000000000000000e+00,6.016765213012695312e+01,2.494474220275878906e+01,1.481666660308837891e+01,2.000000000000000000e+00,1.107302753893735087e-01,-8.890989759205578657e-01,-1.575311615541293564e-01,-8.423541277547195172e-01,5.247289071651535649e-04,7.470600316019674822e-04,4.943112889333803702e-08,0.000000000000000000e+00
1.000000000000000000e+00,6.016772460937500000e+01,2.494450759887695312e+01,1.481666660308837891e+01,2.000000000000000000e+00,2.359480094968924857e-01,-7.637264517925730356e-01,1.107302753893735087e-01,-8.890989759205578657e-01,2.455447469809341312e-04,5.247289071651535649e-04,7.794379529776789176e-08,0.000000000000000000e+00
1.000000000000000000e+00,6.016777420043945312e+01,2.494448661804199219e+01,1.481666660308837891e+01,2.000000000000000000e+00,7.017083857131654057e-01,-2.968766247248007528e-01,2.359480094968924857e-01,-7.637264517925730356e-01,5.384671864888421569e-05,2.455447469809341312e-04,3.674813406639541436e-08,0.000000000000000000e+00
1.000000000000000000e+00,6.016775894165039062e+01,2.494436836242675781e+01,1.481666660308837891e+01,2.000000000000000000e+00,-1.142001803083806805e-01,-8.850513973899503117e-01,7.017083857131654057e-01,-2.968766247248007528e-01,1.192359894415877096e-04,5.384671864888421569e-05,4.275756734801506598e-09,0.000000000000000000e+00
1.000000000000000000e+00,6.016641616821289062e+01,2.493906402587890625e+01,1.483333301544189453e+01,2.000000000000000000e+00,-2.020055693229288463e-01,-7.979793867713993460e-01,-1.142001803083806805e-01,-8.850513973899503117e-01,5.471656670271755722e-03,1.192359894415877096e-04,2.864840714457848251e-05,0.000000000000000000e+00
1.000000000000000000e+00,6.016638183593750000e+01,2.493802261352539062e+01,1.483333301544189453e+01,2.000000000000000000e+00,-3.191192712048827179e-02,-9.679951226548109133e-01,-2.020055693229288463e-01,-7.979793867713993460e-01,1.041978116463321237e-03,5.471656670271755722e-03,1.962205209007038186e-05,0.000000000000000000e+00
1.000000000000000000e+00,6.016528701782226562e+01,2.493602180480957031e+01,1.483333301544189453e+01,2.000000000000000000e+00,-3.536546261936748259e-01,-6.463130712145730428e-01,-3.191192712048827179e-02,-9.679951226548109133e-01,2.280759132996704186e-03,1.041978116463321237e-03,1.534578406923481597e-06,0.000000000000000000e+00
1.000000000000000000e+00,6.016529464721679688e+01,2.493527603149414062e+01,1.485000038146972656e+01,2.000000000000000000e+00,1.012523834406052481e-02,-9.897420481319162411e-01,-3.536546261936748259e-01,-6.463130712145730428e-01,7.458123394446498997e-04,2.280759132996704186e-03,2.356061659035732639e-06,0.000000000000000000e+00
1.000000000000000000e+00,6.016538238525390625e+01,2.493549346923828125e+01,1.485000038146972656e+01,2.000000000000000000e+00,2.874058228599652431e-01,7.122666044790443296e-01,1.012523834406052481e-02,-9.897420481319162411e-01,2.344720361424149893e-04,7.458123394446498997e-04,2.614689057812215807e-07,0.000000000000000000e+00
1.000000000000000000e+00,6.016532135009765625e+01,2.493556022644042969e+01,1.485000038146972656e+01,2.000000000000000000e+00,-4.772384919187296903e-01,5.219796005361105884e-01,2.874058228599652431e-01,7.122666044790443296e-01,9.045338212111950552e-05,2.344720361424149893e-04,2.074137270610561359e-08,0.000000000000000000e+00
1.000000000000000000e+00,6.016533660888671875e+01,2.493553161621093750e+01,1.485000038146972656e+01,2.000000000000000000e+00,3.470350161107535469e-01,-6.506906552076628936e-01,-4.772384919187296903e-01,5.219796005361105884e-01,3.242492675781250000e-05,9.045338212111950552e-05,3.367301631851313515e-09,0.000000000000000000e+00
1.000000000000000000e+00,6.016538238525390625e+01,2.493548011779785156e+01,1.485000038146972656e+01,2.000000000000000000e+00,4.701049600210205903e-01,-5.288680800236481572e-01,3.470350161107535469e-01,-6.506906552076628936e-01,6.890255687022568470e-05,3.242492675781250000e-05,1.330617498618033209e-09,0.000000000000000000e+00
1.000000000000000000e+00,6.016537857055664062e+01,2.493545722961425781e+01,1.485000038146972656e+01,2.000000000000000000e+00,-1.423241511104471890e-01,-8.539449066626831897e-01,4.701049600210205903e-01,-5.288680800236481572e-01,2.320389759177482353e-05,6.890255687022568470e-05,2.088367459847943269e-09,0.000000000000000000e+00
1.000000000000000000e+00,6.016537857055664062e+01,2.493545722961425781e+01,1.486666679382324219e+01,2.000000000000000000e+00,0.000000000000000000e+00,0.000000000000000000e+00,-1.423241511104471890e-01,-8.539449066626831897e-01,0.000000000000000000e+00,2.320389759177482353e-05,5.384208634495734134e-10,0.000000000000000000e+00
1.000000000000000000e+00,6.016436386108398438e+01,2.493318939208984375e+01,1.486666679382324219e+01,2.000000000000000000e+00,-3.091131862676234077e-01,-6.908563505116620540e-01,0.000000000000000000e+00,0.000000000000000000e+00,2.484496397871976785e-03,0.000000000000000000e+00,6.172722351038827645e-06,0.000000000000000000e+00
1.000000000000000000e+00,6.016436767578125000e+01,2.493301391601562500e+01,1.486666679382324219e+01,2.000000000000000000e+00,2.126473527071743100e-02,-9.781778224530018884e-01,-3.091131862676234077e-01,-6.908563505116620540e-01,1.755175334217428729e-04,2.484496397871976785e-03,5.331383396477890711e-06,0.000000000000000000e+00
1.000000000000000000e+00,6.016353607177734375e+01,2.493018913269042969e+01,1.486666679382324219e+01,2.000000000000000000e+00,-2.274324861698847622e-01,-7.725401651779801870e-01,2.126473527071743100e-02,-9.781778224530018884e-01,2.944650412801898612e-03,1.755175334217428729e-04,7.668096903664231164e-06,0.000000000000000000e+00
1.000000000000000000e+00,6.016355133056640625e+01,2.493005943298339844e+01,1.486666679382324219e+01,2.000000000000000000e+00,1.051905918881054780e-01,-8.941200310488965908e-01,-2.274324861698847622e-01,-7.725401651779801870e-01,1.305941983690161903e-04,2.944650412801898612e-03,7.918912377988324828e-06,0.000000000000000000e+00
1.000000000000000000e+00,6.016389083862304688e+01,2.492954254150390625e+01,1.486666679382324219e+01,2.000000000000000000e+00,3.963902399451847969e-01,-6.034930057592420294e-01,1.051905918881054780e-01,-8.941200310488965908e-01,6.184193739652052001e-04,1.305941983690161903e-04,2.379734019454526518e-07,0.000000000000000000e+00
1.000000000000000000e+00,6.016479110717773438e+01,2.492841720581054688e+01,1.488333320617675781e+01,2.000000000000000000e+00,4.444225042009526949e-01,-5.555281302511908548e-01,3.963902399451847969e-01,-6.034930057592420294e-01,1.441132850679542783e-03,6.184193739652052001e-04,6.768574647673928974e-07,0.000000000000000000e+00
1.000000000000000000e+00,6.016479110717773438e+01,2.492841720581054688e+01,1.488333320617675781e+01,2.000000000000000000e+00,0.000000000000000000e+00,0.000000000000000000e+00,4.444225042009526949e-01,-5.555281302511908548e-01,0.000000000000000000e+00,1.441132850679542783e-03,2.076863893307745457e-06,0.000000000000000000e+00
1.000000000000000000e+00,6.016410827636718750e+01,2.492729377746582031e+01,1.488333320617675781e+01,2.000000000000000000e+00,-3.780149747924916315e-01,-6.219296652312222839e-01,0.000000000000000000e+00,0.000000000000000000e+00,1.314666939406010371e-03,0.000000000000000000e+00,1.728349161567166448e-06,0.000000000000000000e+00
1.000000000000000000e+00,6.016524124145507812e+01,2.492561721801757812e+01,1.488333320617675781e+01,2.000000000000000000e+00,4.032443030448639165e-01,-5.967201050108339455e-01,-3.780149747924916315e-01,-6.219296652312222839e-01,2.023477569401044632e-03,1.314666939406010371e-03,5.024125091939573160e-07,0.000000000000000000e+00
1.000000000000000000e+00,6.016485977172851562e+01,2.492342376708984375e+01,1.488333320617675781e+01,2.000000000000000000e+00,-1.481423948681540315e-01,-8.518187704918857017e-01,4.032443030448639165e-01,-5.967201050108339455e-01,2.226375108705282678e-03,2.023477569401044632e-03,4.116741145571482569e-08,0.000000000000000000e+00
1.000000000000000000e+00,6.016479492187500000e+01,2.492313575744628906e+01,1.488333320617675781e+01,2.000000000000000000e+00,-1.837317144145475811e-01,-8.159849669587260212e-01,-1.481423948681540315e-01,-8.518187704918857017e-01,2.952203554660419731e-04,2.226375108705282678e-03,3.729358680958512926e-06,0.000000000000000000e+00
1.000000000000000000e+00,6.016440582275390625e+01,2.491957473754882812e+01,1.489999961853027344e+01,2.000000000000000000e+00,-9.850064496831727190e-02,-9.014740399796488113e-01,-1.837317144145475811e-01,-8.159849669587260212e-01,3.582214515652103713e-03,2.952203554660419731e-04,1.080433060909727201e-05,0.000000000000000000e+00
1.000000000000000000e+00,6.016453170776367188e+01,2.491757392883300781e+01,1.489999961853027344e+01,2.000000000000000000e+00,5.919004191670884651e-02,-9.407629389489027272e-01,-9.850064496831727190e-02,-9.014740399796488113e-01,2.004764962030766273e-03,3.582214515652103713e-03,2.488347094220156897e-06,0.000000000000000000e+00
1.000000000000000000e+00,6.016452789306640625e+01,2.491725158691406250e+01,1.489999961853027344e+01,2.000000000000000000e+00,-1.169232155328507085e-02,-9.880011712525884615e-01,5.919004191670884651e-02,-9.407629389489027272e-01,3.223644903282226913e-04,2.004764962030766273e-03,2.830471347184940938e-06,0.000000000000000000e+00
1.000000000000000000e+00,6.016449737548828125e+01,2.491676712036132812e+01,1.489999961853027344e+01,2.000000000000000000e+00,-5.924775448640586667e-02,-9.405581024716931360e-01,-1.169232155328507085e-02,-9.880011712525884615e-01,4.854267846884269852e-04,3.223644903282226913e-04,2.658931184201391368e-08,0.000000000000000000e+00
1.000000000000000000e+00,6.016456222534179688e+01,2.491624641418457031e+01,1.489999961853027344e+01,2.000000000000000000e+00,1.107302753893735087e-01,-8.890989759205578657e-01,-5.924775448640586667e-02,-9.405581024716931360e-01,5.247289071651535649e-04,4.854267846884269852e-04,1.544656831175616654e-09,0.000000000000000000e+00
1.000000000000000000e+00,6.016443252563476562e+01,2.491320228576660156e+01,1.489999961853027344e+01,2.000000000000000000e+00,-4.086409708198732865e-02,-9.591043962184084837e-01,1.107302753893735087e-01,-8.890989759205578657e-01,3.046890191504924780e-03,5.247289071651535649e-04,6.361297544222443521e-06,0.000000000000000000e+00
1.000000000000000000e+00,6.016515350341796875e+01,2.491198921203613281e+01,1.491666698455810547e+01,2.000000000000000000e+00,3.727617914660626974e-01,-6.271865062762325138e-01,-4.086409708198732865e-02,-9.591043962184084837e-01,1.411154435002017014e-03,3.046890191504924780e-03,2.675631465102139843e-06,0.000000000000000000e+00
1.000000000000000000e+00,6.016625213623046875e+01,2.491008186340332031e+01,1.491666698455810547e+01,2.000000000000000000e+00,3.654700754076843361e-01,-6.344966586938963760e-01,3.727617914660626974e-01,-6.271865062762325138e-01,2.201129906160327783e-03,1.411154435002017014e-03,6.240612450317950832e-07,0.000000000000000000e+00
1.000000000000000000e+00,6.016705703735351562e+01,2.490641212463378906e+01,1.491666698455810547e+01,2.000000000000000000e+00,1.798766279983998184e-01,-8.201010243339366124e-01,3.654700754076843361e-01,-6.344966586938963760e-01,3.756973310323464665e-03,2.201129906160327783e-03,2.420648698277938194e-06,0.000000000000000000e+00
1.000000000000000000e+00,6.016744613647460938e+01,2.490270614624023438e+01,1.491666698455810547e+01,2.000000000000000000e+00,9.501398161665608466e-02,-9.049615994174645683e-01,1.798766279983998184e-01,-8.201010243339366124e-01,3.726348612184602043e-03,3.756973310323464665e-03,9.378721360964557024e-10,0.000000000000000000e+00
1.000000000000000000e+00,6.016700744628906250e+01,2.489914894104003906e+01,1.491666698455810547e+01,2.000000000000000000e+00,-1.097824554833402994e-01,-8.901925194627376969e-01,9.501398161665608466e-02,-9.049615994174645683e-01,3.584153723711041694e-03,3.726348612184602043e-03,2.021938630800826604e-08,0.000000000000000000e+00
1.000000000000000000e+00,6.016652679443359375e+01,2.489534187316894531e+01,1.491666698455810547e+01,2.000000000000000000e+00,-1.120970297541131755e-01,-8.878796483698805364e-01,-1.097824554833402994e-01,-8.901925194627376969e-01,3.837289666063776420e-03,3.584153723711041694e-03,6.407780531080703423e-08,0.000000000000000000e+00
1.000000000000000000e+00,6.016614532470703125e+01,2.489157295227050781e+01,1.493333339691162109e+01,2.000000000000000000e+00,-9.190955022636630722e-02,-9.080663562364991170e-01,-1.120970297541131755e-01,-8.878796483698805364e-01,3.788176855818983692e-03,3.837289666063776420e-03,2.412068130141017408e-09,0.000000000000000000e+00
1.000000000000000000e+00,6.016568756103515625e+01,2.488807868957519531e+01,1.493333339691162109e+01,2.000000000000000000e+00,-1.158271849998470382e-01,-8.841475121654990277e-01,-9.190955022636630722e-02,-9.080663562364991170e-01,3.524119657892032988e-03,3.788176855818983692e-03,6.972620377703281471e-08,0.000000000000000000e+00
1.000000000000000000e+00,6.016520309448242188e+01,2.488382339477539062e+01,1.493333339691162109e+01,2.000000000000000000e+00,-1.022111232166853512e-01,-8.977677791197834489e-01,-1.158271849998470382e-01,-8.841475121654990277e-01,4.282784336615975962e-03,3.524119657892032988e-03,5.755720947433036356e-07,0.000000000000000000e+00
1.000000000000000000e+00,6.016487884521484375e+01,2.488044357299804688e+01,1.493333339691162109e+01,2.000000000000000000e+00,-8.753625673486246928e-02,-9.124367466716252206e-01,-1.022111232166853512e-01,-8.977677791197834489e-01,3.395339870194442802e-03,4.282784336615975962e-03,7.875576809821997064e-07,0.000000000000000000e+00
1.000000000000000000e+00,6.016410827636718750e+01,2.487662124633789062e+01,1.493333339691162109e+01,2.000000000000000000e+00,-1.677704335537762714e-01,-8.322077941627912256e-01,-8.753625673486246928e-02,-9.124367466716252206e-01,3.899225236623233681e-03,3.395339870194442802e-03,2.539004625010768442e-07,0.000000000000000000e+00
1.000000000000000000e+00,6.016355514526367188e+01,2.487347793579101562e+01,1.493333339691162109e+01,2.000000000000000000e+00,-1.496347548139147776e-01,-8.503381928735570527e-01,-1.677704335537762714e-01,-8.322077941627912256e-01,3.191606995194117696e-03,3.899225236623233681e-03,5.007235756032346282e-07,0.000000000000000000e+00
1.000000000000000000e+00,6.016293334960937500e+01,2.487065124511718750e+01,1.494999980926513672e+01,2.000000000000000000e+00,-1.803045060017233192e-01,-8.196664966090612126e-01,-1.496347548139147776e-01,-8.503381928735570527e-01,2.894271929382133662e-03,3.191606995194117696e-03,8.840814136141687701e-08,0.000000000000000000e+00
1.000000000000000000e+00,6.016260147094726562e+01,2.486684799194335938e+01,1.494999980926513672e+01,2.000000000000000000e+00,-8.025636174135679368e-02,-9.197194558176174928e-01,-1.803045060017233192e-01,-8.196664966090612126e-01,3.817705875338907491e-03,2.894271929382133662e-03,8.527302525452978423e-07,0.000000000000000000e+00
1.000000000000000000e+00,6.016245269775390625e+01,2.486281013488769531e+01,1.494999980926513672e+01,2.000000000000000000e+00,-3.553445875670557114e-02,-9.644416562557140971e-01,-8.025636174135679368e-02,-9.197194558176174928e-01,4.040596869899099400e-03,3.817705875338907491e-03,4.968039545603149662e-08,0.000000000000000000e+00
1.000000000000000000e+00,6.016313171386718750e+01,2.485958671569824219e+01,1.494999980926513672e+01,2.000000000000000000e+00,1.739935863758839962e-01,-8.259807892563031384e-01,-3.553445875670557114e-02,-9.644416562557140971e-01,3.294160614334130412e-03,4.040596869899099400e-03,5.571670836218517385e-07,0.000000000000000000e+00
1.000000000000000000e+00,6.016373443603515625e+01,2.485590934753417969e+01,1.494999980926513672e+01,2.000000000000000000e+00,1.408166743096015694e-01,-8.591599622433918615e-01,1.739935863758839962e-01,-8.259807892563031384e-01,3.726434036155927033e-03,3.294160614334130412e-03,1.868603112135249195e-07,0.000000000000000000e+00
1.000000000000000000e+00,6.016439437866210938e+01,2.485225868225097656e+01,1.494999980926513672e+01,2.000000000000000000e+00,1.530937935735024180e-01,-8.468830083805884978e-01,1.408166743096015694e-01,-8.591599622433918615e-01,3.709835748500780322e-03,3.726434036155927033e-03,2.755031530829957189e-10,0.000000000000000000e+00
1.000000000000000000e+00,6.016518783569335938e+01,2.484846305847167969e+01,1.496666622161865234e+01,2.000000000000000000e+00,1.728973130512690970e-01,-8.270808965673690505e-01,1.530937935735024180e-01,-8.468830083805884978e-01,3.877671199883243706e-03,3.709835748500780322e-03,2.816873874075523186e-08,0.000000000000000000e+00
1.000000000000000000e+00,6.016569900512695312e+01,2.484462165832519531e+01,1.496666622161865234e+01,2.000000000000000000e+00,1.174381432336003561e-01,-8.825388823599669141e-01,1.728973130512690970e-01,-8.270808965673690505e-01,3.875261188004072016e-03,3.877671199883243706e-03,5.808157257748662644e-12,0.000000000000000000e+00
1.000000000000000000e+00,6.016658782958984375e+01,2.484049415588378906e+01,1.496666622161865234e+01,2.000000000000000000e+00,1.771827796652020726e-01,-8.227972858272474266e-01,1.174381432336003561e-01,-8.825388823599669141e-01,4.222118583086856107e-03,3.875261188004072016e-03,1.203100525236145657e-07,0.000000000000000000e+00
1.000000000000000000e+00,6.016722869873046875e+01,2.483751106262207031e+01,1.496666622161865234e+01,2.000000000000000000e+00,1.768372255981403018e-01,-8.231351810580102013e-01,1.771827796652020726e-01,-8.227972858272474266e-01,3.051156938526308499e-03,4.222118583086856107e-03,1.371151173031942154e-06,0.000000000000000000e+00
1.000000000000000000e+00,6.016820526123046875e+01,2.483376884460449219e+01,1.496666622161865234e+01,2.000000000000000000e+00,2.069479183383100274e-01,-7.930308901948520672e-01,1.768372255981403018e-01,-8.231351810580102013e-01,3.867540563134742437e-03,3.051156938526308499e-03,6.664822225288043464e-07,0.000000000000000000e+00
1.000000000000000000e+00,6.016882705688476562e+01,2.482993507385253906e+01,1.496666622161865234e+01,2.000000000000000000e+00,1.395516624459759991e-01,-8.604258942221219009e-01,2.069479183383100274e-01,-7.930308901948520672e-01,3.883867661781707607e-03,3.867540563134742437e-03,2.665741502277318908e-10,0.000000000000000000e+00
1.000000000000000000e+00,6.016920089721679688e+01,2.482625579833984375e+01,1.498333358764648438e+01,2.000000000000000000e+00,9.223301850989135131e-02,-9.077423097223491499e-01,1.395516624459759991e-01,-8.604258942221219009e-01,3.698219151452843308e-03,3.883867661781707607e-03,3.446536938732643484e-08,0.000000000000000000e+00
1.000000000000000000e+00,6.017048263549804688e+01,2.482440948486328125e+01,1.498333358764648438e+01,2.000000000000000000e+00,4.097429985769976968e-01,-5.902250336644847550e-01,9.223301850989135131e-02,-9.077423097223491499e-01,2.247604608323717189e-03,3.698219151452843308e-03,2.104282552737723491e-06,0.000000000000000000e+00
1.000000000000000000e+00,6.017150878906250000e+01,2.482595443725585938e+01,1.498333358764648438e+01,2.000000000000000000e+00,3.990942700047008795e-01,6.008668377394196236e-01,4.097429985769976968e-01,-5.902250336644847550e-01,1.854688392472634857e-03,2.247604608323717189e-03,1.543831526787343122e-07,0.000000000000000000e+00
1.000000000000000000e+00,6.017266845703125000e+01,2.482683372497558594e+01,1.498333358764648438e+01,2.000000000000000000e+00,5.687279534853810770e-01,4.312230042051984902e-01,3.990942700047008795e-01,6.008668377394196236e-01,1.455327005111459182e-03,1.854688392472634857e-03,1.594895177150430082e-07,0.000000000000000000e+00
1.000000000000000000e+00,6.017317962646484375e+01,2.482702827453613281e+01,1.498333358764648438e+01,2.000000000000000000e+00,7.242217025005512898e-01,2.756366181158814155e-01,5.687279534853810770e-01,4.312230042051984902e-01,5.469403270463217646e-04,1.455327005111459182e-03,8.251663568862156191e-07,0.000000000000000000e+00
1.000000000000000000e+00,6.017321395874023438e+01,2.482704162597656250e+01,1.498333358764648438e+01,2.000000000000000000e+00,7.184932105265577906e-01,2.794140263158835791e-01,7.242217025005512898e-01,2.756366181158814155e-01,3.683702071347802465e-05,5.469403270463217646e-04,2.602053831316990709e-07,0.000000000000000000e+00
1.000000000000000000e+00,6.017320251464843750e+01,2.482701492309570312e+01,1.500000000000000000e+01,2.000000000000000000e+00,-2.992156241941125727e-01,-6.981697897862626512e-01,7.184932105265577906e-01,2.794140263158835791e-01,2.905186884255946600e-05,3.683702071347802465e-05,6.060858965326673308e-11,0.000000000000000000e+00
1.000000000000000000e+00,6.017372512817382812e+01,2.482735252380371094e+01,1.500000000000000000e+01,2.000000000000000000e+00,6.074681844169685929e-01,3.924155789846840992e-01,-2.992156241941125727e-01,-6.981697897862626512e-01,6.221729140428678079e-04,2.905186884255946600e-05,3.517925742595063001e-07,0.000000000000000000e+00
1.000000000000000000e+00,6.017585754394531250e+01,2.482824516296386719e+01,1.500000000000000000e+01,2.000000000000000000e+00,7.048947309048754217e-01,2.950722129369245939e-01,6.074681844169685929e-01,3.924155789846840992e-01,2.311709690406595508e-03,6.221729140428678079e-04,2.854534518685537231e-06,0.000000000000000000e+00
1.000000000000000000e+00,6.017596817016601562e+01,2.482835769653320312e+01,1.500000000000000000e+01,2.000000000000000000e+00,4.955044555213876656e-01,5.040476357889978054e-01,7.048947309048754217e-01,2.950722129369245939e-01,1.578035643911213288e-04,2.311709690406595508e-03,4.639311599686987799e-06,0.000000000000000000e+00
1.000000000000000000e+00,6.017834854125976562e+01,2.483134078979492188e+01,1.500000000000000000e+01,2.000000000000000000e+00,4.438039587094628757e-01,5.561773969724358446e-01,4.955044555213876656e-01,5.040476357889978054e-01,3.816413493330142633e-03,1.578035643911213288e-04,1.338542661213119033e-05,0.000000000000000000e+00
1.000000000000000000e+00,6.017841720581054688e+01,2.483153343200683594e+01,1.500000000000000000e+01,2.000000000000000000e+00,2.626731997032656918e-01,7.369442547230509177e-01,4.438039587094628757e-01,5.561773969724358446e-01,2.045136727584085507e-04,3.816413493330142633e-03,1.304582031384612661e-05,0.000000000000000000e+00
1.000000000000000000e+00,6.017958831787109375e+01,2.483458137512207031e+01,1.501666641235351562e+01,2.000000000000000000e+00,2.775702745585846287e-01,7.224060240140361966e-01,2.626731997032656918e-01,7.369442547230509177e-01,3.265189227604270873e-03,2.045136727584085507e-04,9.367734852031027570e-06,0.000000000000000000e+00
1.000000000000000000e+00,6.017951965332031250e+01,2.483462524414062500e+01,1.501666641235351562e+01,2.000000000000000000e+00,-6.096277618305175894e-01,3.894844033917195802e-01,2.775702745585846287e-01,7.224060240140361966e-01,8.148196931188135842e-05,3.265189227604270873e-03,1.013599190650364504e-05,0.000000000000000000e+00
1.000000000000000000e+00,6.017950057983398438e+01,2.483459472656250000e+01,1.501666641235351562e+01,2.000000000000000000e+00,-3.838413714424967482e-01,-6.141461943079947750e-01,-6.096277618305175894e-01,3.894844033917195802e-01,3.598778202841416610e-05,8.148196931188135842e-05,2.069721076583187808e-09,0.000000000000000000e+00
1.000000000000000000e+00,6.017954254150390625e+01,2.483446693420410156e+01,1.501666641235351562e+01,2.000000000000000000e+00,2.470454797971776417e-01,-7.523657793823137485e-01,-3.838413714424967482e-01,-6.141461943079947750e-01,1.345052735310667616e-04,3.598778202841416610e-05,9.705696131975227503e-09,0.000000000000000000e+00
1.000000000000000000e+00,6.017955398559570312e+01,2.483463478088378906e+01,1.501666641235351562e+01,2.000000000000000000e+00,6.379420581215229646e-02,9.356483519115670333e-01,2.470454797971776417e-01,-7.523657793823137485e-01,1.682363668151851263e-04,1.345052735310667616e-04,1.137786654141894977e-09,0.000000000000000000e+00
1.000000000000000000e+00,6.017955780029296875e+01,2.483452033996582031e+01,1.501666641235351562e+01,2.000000000000000000e+00,3.223080931201197097e-02,-9.669242793603591846e-01,6.379420581215229646e-02,9.356483519115670333e-01,1.145044786056795836e-04,1.682363668151851263e-04,2.887115810558800624e-09,0.000000000000000000e+00
1.000000000000000000e+00,6.017987060546875000e+01,2.483442306518554688e+01,1.503333377838134766e+01,2.000000000000000000e+00,7.626047327859800662e-01,-2.371514717810059847e-01,3.223080931201197097e-02,-9.669242793603591846e-01,3.275812279004769933e-04,1.145044786056795836e-04,4.540170109003794709e-08,0.000000000000000000e+00
1.000000000000000000e+00,6.018170166015625000e+01,2.483392524719238281e+01,1.503333377838134766e+01,2.000000000000000000e+00,7.862070271163118518e-01,-2.137500354972472760e-01,7.626047327859800662e-01,-2.371514717810059847e-01,1.897520493415978194e-03,3.275812279004769933e-04,2.464709297407351740e-06,0.000000000000000000e+00
1.000000000000000000e+00,6.018170166015625000e+01,2.483392524719238281e+01,1.503333377838134766e+01,2.000000000000000000e+00,0.000000000000000000e+00,0.000000000000000000e+00,7.862070271163118518e-01,-2.137500354972472760e-01,0.000000000000000000e+00,1.897520493415978194e-03,3.600584022933617234e-06,0.000000000000000000e+00
1.000000000000000000e+00,6.018322372436523438e+01,2.483138275146484375e+01,1.503333377838134766e+01,2.000000000000000000e+00,3.744628659602501353e-01,-6.255125317356058368e-01,0.000000000000000000e+00,0.000000000000000000e+00,2.963269137426706445e-03,0.000000000000000000e+00,8.780963980825616215e-06,0.000000000000000000e+00
1.000000000000000000e+00,6.018407821655273438e+01,2.482973670959472656e+01,1.503333377838134766e+01,2.000000000000000000e+00,3.417102094155397563e-01,-6.582498007268098306e-01,3.744628659602501353e-01,-6.255125317356058368e-01,1.854618757771370977e-03,2.963269137426706445e-03,1.229105664309919423e-06,0.000000000000000000e+00
1.000000000000000000e+00,6.018414688110351562e+01,2.482811737060546875e+01,1.503333377838134766e+01,2.000000000000000000e+00,4.067555641738723748e-02,-9.592652055100489017e-01,3.417102094155397563e-01,-6.582498007268098306e-01,1.620794120998871567e-03,1.854618757771370977e-03,5.467396076179128127e-08,0.000000000000000000e+00
1.000000000000000000e+00,6.018424606323242188e+01,2.482784843444824219e+01,1.505000019073486328e+01,2.000000000000000000e+00,2.693568805284049517e-01,-7.303715414327902611e-01,4.067555641738723748e-02,-9.592652055100489017e-01,2.866422009372771094e-04,1.620794120998871567e-03,1.779961345804039004e-06,0.000000000000000000e+00
1.000000000000000000e+00,6.018563842773437500e+01,2.482495498657226562e+01,1.505000019073486328e+01,2.000000000000000000e+00,3.248700344699317899e-01,-6.751066332751870513e-01,2.693568805284049517e-01,-7.303715414327902611e-01,3.211030911917924120e-03,2.866422009372771094e-04,8.552049332911051106e-06,0.000000000000000000e+00
1.000000000000000000e+00,6.018606185913085938e+01,2.482385635375976562e+01,1.505000019073486328e+01,2.000000000000000000e+00,2.781772124092306009e-01,-7.217570916563821326e-01,3.248700344699317899e-01,-6.751066332751870513e-01,1.177407407922324931e-03,3.211030911917924120e-03,4.135624556003338561e-06,0.000000000000000000e+00
1.000000000000000000e+00,6.018615722656250000e+01,2.482354927062988281e+01,1.505000019073486328e+01,2.000000000000000000e+00,2.369079582940104012e-01,-7.628436257067134907e-01,2.781772124092306009e-01,-7.217570916563821326e-01,3.215509223689983279e-04,1.177407407922324931e-03,7.324903238636915676e-07,0.000000000000000000e+00
1.000000000000000000e+00,6.018640518188476562e+01,2.482238006591796875e+01,1.505000019073486328e+01,2.000000000000000000e+00,1.749540072292675164e-01,-8.249754340887768267e-01,2.369079582940104012e-01,-7.628436257067134907e-01,1.195207722616405946e-03,3.215509223689983279e-04,7.632762046185386469e-07,0.000000000000000000e+00
1.000000000000000000e+00,6.018667221069335938e+01,2.482092666625976562e+01,1.505000019073486328e+01,2.000000000000000000e+00,1.552016219126441943e-01,-8.447402564102490796e-01,1.749540072292675164e-01,-8.249754340887768267e-01,1.477726277455996932e-03,1.195207722616405946e-03,7.981673382865098587e-08,0.000000000000000000e+00
1.000000000000000000e+00,6.018746185302734375e+01,2.482041168212890625e+01,1.506666660308837891e+01,2.000000000000000000e+00,6.052167678525169903e-01,-3.947065877299023584e-01,1.552016219126441943e-01,-8.447402564102490796e-01,9.427320248391252763e-04,1.477726277455996932e-03,2.862188503330851074e-07,0.000000000000000000e+00
1.000000000000000000e+00,6.018748474121093750e+01,2.482049179077148438e+01,1.506666660308837891e+01,2.000000000000000000e+00,2.220066751191021315e-01,7.770233629168574740e-01,6.052167678525169903e-01,-3.947065877299023584e-01,8.331424586426374455e-05,9.427320248391252763e-04,7.385989188180839044e-07,0.000000000000000000e+00
1.000000000000000000e+00,6.018743133544921875e+01,2.482106590270996094e+01,1.506666660308837891e+01,2.000000000000000000e+00,-8.509282275201976442e-02,9.147478445842124328e-01,2.220066751191021315e-01,7.770233629168574740e-01,5.765905768273326239e-04,8.331424586426374455e-05,2.433215386883870693e-07,0.000000000000000000e+00
1.000000000000000000e+00,6.018734359741210938e+01,2.482107543945312500e+01,1.506666660308837891e+01,2.000000000000000000e+00,-9.010345067069560621e-01,9.793853333771261604e-02,-8.509282275201976442e-02,9.147478445842124328e-01,8.825481644637507854e-05,5.765905768273326239e-04,2.384718148668479660e-07,0.000000000000000000e+00
1.000000000000000000e+00,6.018738174438476562e+01,2.482104110717773438e+01,1.506666660308837891e+01,2.000000000000000000e+00,5.255906293161501930e-01,-4.730315663845351959e-01,-9.010345067069560621e-01,9.793853333771261604e-02,5.132150286511882723e-05,8.825481644637507854e-05,1.364069652091407393e-09,0.000000000000000000e+00
1.000000000000000000e+00,6.018747711181640625e+01,2.482102966308593750e+01,1.506666660308837891e+01,2.000000000000000000e+00,8.920220063684376477e-01,-1.070426407642125211e-01,5.255906293161501930e-01,-4.730315663845351959e-01,9.605162286387765487e-05,5.132150286511882723e-05,2.000783635103364440e-09,0.000000000000000000e+00
1.000000000000000000e+00,6.018745040893554688e+01,2.482108879089355469e+01,1.508333301544189453e+01,2.000000000000000000e+00,-3.107490622126015123e-01,6.880872091850461780e-01,8.920220063684376477e-01,-1.070426407642125211e-01,6.487789669683437493e-05,9.605162286387765487e-05,9.718012031377988781e-10,0.000000000000000000e+00
1.000000000000000000e+00,6.018746185302734375e+01,2.482106018066406250e+01,1.508333301544189453e+01,2.000000000000000000e+00,2.850027451464412498e-01,-7.125068628661030967e-01,-3.107490622126015123e-01,6.880872091850461780e-01,3.081416019707395617e-05,6.487789669683437493e-05,1.160338144325110219e-09,0.000000000000000000e+00
1.000000000000000000e+00,6.018743896484375000e+01,2.482108497619628906e+01,1.508333301544189453e+01,2.000000000000000000e+00,-4.789954736843718419e-01,5.189117631580695278e-01,2.850027451464412498e-01,-7.125068628661030967e-01,3.374444201079202974e-05,3.081416019707395617e-05,8.586551507806883020e-12,0.000000000000000000e+00
1.000000000000000000e+00,6.018735122680664062e+01,2.482097625732421875e+01,1.508333301544189453e+01,2.000000000000000000e+00,-4.463747292096816865e-01,-5.531165122815620006e-01,-4.789954736843718419e-01,5.189117631580695278e-01,1.397059637239836773e-04,3.374444201079202974e-05,1.122784408377518444e-08,0.000000000000000000e+00
1.000000000000000000e+00,6.018690109252929688e+01,2.482177543640136719e+01,1.510000038146972656e+01,2.000000000000000000e+00,-3.602765055498409197e-01,6.396434568872175763e-01,-4.463747292096816865e-01,-5.531165122815620006e-01,9.172284693529787584e-04,1.397059637239836773e-04,6.045412467595906713e-07,0.000000000000000000e+00
1.000000000000000000e+00,6.018690490722656250e+01,2.482178688049316406e+01,1.511666679382324219e+01,2.000000000000000000e+00,2.483722675076618092e-01,7.451168025229853997e-01,-3.602765055498409197e-01,6.396434568872175763e-01,1.206313194339134034e-05,9.172284693529787584e-04,8.193242880478123075e-07,0.000000000000000000e+00
1.000000000000000000e+00,6.018689727783203125e+01,2.482182121276855469e+01,1.511666679382324219e+01,2.000000000000000000e+00,-1.813859160946480198e-01,8.162366224259161029e-01,2.483722675076618092e-01,7.451168025229853997e-01,3.516977103154330091e-05,1.206313194339134034e-05,5.339167699501119484e-10,0.000000000000000000e+00
1.000000000000000000e+00,6.018689727783203125e+01,2.482182884216308594e+01,1.511666679382324219e+01,2.000000000000000000e+00,0.000000000000000000e+00,9.870623760249654932e-01,-1.813859160946480198e-01,8.162366224259161029e-01,7.629394531250000000e-06,3.516977103154330091e-05,7.584723377779074450e-10,0.000000000000000000e+00
1.000000000000000000e+00,6.018689727783203125e+01,2.482182884216308594e+01,1.511666679382324219e+01,2.000000000000000000e+00,0.000000000000000000e+00,0.000000000000000000e+00,0.000000000000000000e+00,9.870623760249654932e-01,0.000000000000000000e+00,7.629394531250000000e-06,5.820766091346740723e-11,0.000000000000000000e+00
1.000000000000000000e+00,6.018693161010742188e+01,2.482177925109863281e+01,1.511666679382324219e+01,2.000000000000000000e+00,4.086040313854386041e-01,-5.902058231123001875e-01,0.000000000000000000e+00,0.000000000000000000e+00,6.031565971695669663e-05,0.000000000000000000e+00,3.637978807091712952e-09,0.000000000000000000e+00
1.000000000000000000e+00,6.018697738647460938e+01,2.482170677185058594e+01,1.511666679382324219e+01,2.000000000000000000e+00,3.867697117441437071e-01,-6.123853769282274762e-01,4.086040313854386041e-01,-5.902058231123001875e-01,8.572465917298977315e-05,6.031565971695669663e-05,6.456172533566891464e-10,0.000000000000000000e+00
1.000000000000000000e+00,6.018699264526367188e+01,2.482167625427246094e+01,1.513333320617675781e+01,2.000000000000000000e+00,3.326067428167586715e-01,-6.652134856335173430e-01,3.867697117441437071e-01,-6.123853769282274762e-01,3.411968959808028877e-05,8.572465917298977315e-05,2.663072884827333405e-09,0.000000000000000000e+00
1.000000000000000000e+00,6.018699645996093750e+01,2.482167434692382812e+01,1.513333320617675781e+01,2.000000000000000000e+00,6.552159382063228454e-01,-3.276079691031614227e-01,3.326067428167586715e-01,-6.652134856335173430e-01,4.264961199760036097e-06,3.411968959808028877e-05,8.913048077374697766e-10,0.000000000000000000e+00
1.000000000000000000e+00,6.018695831298828125e+01,2.482164764404296875e+01,1.546666622161865234e+01,2.000000000000000000e+00,0.000000000000000000e+00,0.000000000000000000e+00,6.552159382063228454e-01,-3.276079691031614227e-01,0.000000000000000000e+00,4.264961199760036097e-06,1.818989403545856799e-11,0.000000000000000000e+00
1.000000000000000000e+00,6.018696212768554688e+01,2.482164573669433594e+01,1.546666622161865234e+01,2.000000000000000000e+00,6.552159382063228454e-01,-3.276079691031614227e-01,0.000000000000000000e+00,0.000000000000000000e+00,4.264961199760036097e-06,0.000000000000000000e+00,1.818989403545856799e-11,0.000000000000000000e+00
1.000000000000000000e+00,6.018696212768554688e+01,2.482164192199707031e+01,1.546666622161865234e+01,2.000000000000000000e+00,0.000000000000000000e+00,-9.744552405423272390e-01,6.552159382063228454e-01,-3.276079691031614227e-01,3.814697265625000000e-06,4.264961199760036097e-06,2.027376103827601237e-13,0.000000000000000000e+00
1.000000000000000000e+00,6.018696212768554688e+01,2.482163810729980469e+01,1.548333358764648438e+01,2.000000000000000000e+00,0.000000000000000000e+00,-9.744552405423272390e-01,0.000000000000000000e+00,-9.744552405423272390e-01,3.814697265625000000e-06,3.814697265625000000e-06,0.000000000000000000e+00,0.000000000000000000e+00
1.000000000000000000e+00,6.018696212768554688e+01,2.482164001464843750e+01,1.548333358764648438e+01,2.000000000000000000e+00,0.000000000000000000e+00,9.501830432614539745e-01,0.000000000000000000e+00,-9.744552405423272390e-01,1.907348632812500000e-06,3.814697265625000000e-06,3.637978807091712952e-12,0.000000000000000000e+00
1.000000000000000000e+00,6.018696212768554688e+01,2.482164192199707031e+01,1.548333358764648438e+01,2.000000000000000000e+00,0.000000000000000000e+00,9.501830432614539745e-01,0.000000000000000000e+00,9.501830432614539745e-01,1.907348632812500000e-06,1.907348632812500000e-06,0.000000000000000000e+00,0.000000000000000000e+00
1.000000000000000000e+00,6.018696212768554688e+01,2.482164382934570312e+01,1.548333358764648438e+01,2.000000000000000000e+00,0.000000000000000000e+00,9.501830432614539745e-01,0.000000000000000000e+00,9.501830432614539745e-01,1.907348632812500000e-06,1.907348632812500000e-06,0.000000000000000000e+00,0.000000000000000000e+00
1.000000000000000000e+00,6.018695831298828125e+01,2.482164382934570312e+01,1.548333358764648438e+01,2.000000000000000000e+00,-9.744552405423272390e-01,0.000000000000000000e+00,0.000000000000000000e+00,9.501830432614539745e-01,3.814697265625000000e-06,1.907348632812500000e-06,3.637978807091712952e-12,0.000000000000000000e+00
1.000000000000000000e+00,6.018695831298828125e+01,2.482164382934570312e+01,1.548333358764648438e+01,2.000000000000000000e+00,0.000000000000000000e+00,0.000000000000000000e+00,-9.744552405423272390e-01,0.000000000000000000e+00,0.000000000000000000e+00,3.814697265625000000e-06,1.455191522836685181e-11,0.000000000000000000e+00
1.000000000000000000e+00,6.018730545043945312e+01,2.482154273986816406e+01,1.550000000000000000e+01,2.000000000000000000e+00,7.742953388278283056e-01,-2.254816096586532981e-01,0.000000000000000000e+00,0.000000000000000000e+00,3.615570390342670646e-04,0.000000000000000000e+00,1.307234924752265215e-07,0.000000000000000000e+00
1.000000000000000000e+00,6.018720626831054688e+01,2.482192039489746094e+01,1.550000000000000000e+01,2.000000000000000000e+00,-2.079563883844186833e-01,7.918339403868249748e-01,7.742953388278283056e-01,-2.254816096586532981e-01,3.904617981923449435e-04,3.615570390342670646e-04,8.354851019864870272e-10,0.000000000000000000e+00
1.000000000000000000e+00,6.018720626831054688e+01,2.482179832458496094e+01,1.550000000000000000e+01,2.000000000000000000e+00,0.000000000000000000e+00,-9.991814705393341489e-01,-2.079563883844186833e-01,7.918339403868249748e-01,1.220703125000000000e-04,3.904617981923449435e-04,7.203398959214419791e-08,0.000000000000000000e+00
1.000000000000000000e+00,6.018696212768554688e+01,2.482164573669433594e+01,1.550000000000000000e+01,2.000000000000000000e+00,-6.152295396803365568e-01,-3.845184623002103619e-01,0.000000000000000000e+00,-9.991814705393341489e-01,2.879022562273133288e-04,1.220703125000000000e-04,2.750023356037881605e-08,0.000000000000000000e+00
1.000000000000000000e+00,6.018695831298828125e+01,2.482164955139160156e+01,1.551666641235351562e+01,2.000000000000000000e+00,-4.935311880124827466e-01,4.935311880124827466e-01,-6.152295396803365568e-01,-3.845184623002103619e-01,5.394796609394436438e-06,2.879022562273133288e-04,7.981046473977008173e-08,0.000000000000000000e+00
1.000000000000000000e+00,6.018695831298828125e+01,2.482165145874023438e+01,1.551666641235351562e+01,2.000000000000000000e+00,0.000000000000000000e+00,9.501830432614539745e-01,-4.935311880124827466e-01,4.935311880124827466e-01,1.907348632812500000e-06,5.394796609394436438e-06,1.216229338936544193e-11,0.000000000000000000e+00
1.000000000000000000e+00,6.018695831298828125e+01,2.482164955139160156e+01,1.551666641235351562e+01,2.000000000000000000e+00,0.000000000000000000e+00,-9.501830432614539745e-01,0.000000000000000000e+00,9.501830432614539745e-01,1.907348632812500000e-06,1.907348632812500000e-06,0.000000000000000000e+00,0.000000000000000000e+00
1.000000000000000000e+00,6.018696212768554688e+01,2.482164764404296875e+01,1.551666641235351562e+01,2.000000000000000000e+00,6.552159382063228454e-01,-3.276079691031614227e-01,0.000000000000000000e+00,-9.501830432614539745e-01,4.264961199760036097e-06,1.907348632812500000e-06,5.558337015828950221e-12,0.000000000000000000e+00
1.000000000000000000e+00,6.018696212768554688e+01,2.482164764404296875e+01,1.551666641235351562e+01,2.000000000000000000e+00,0.000000000000000000e+00,0.000000000000000000e+00,6.552159382063228454e-01,-3.276079691031614227e-01,0.000000000000000000e+00,4.264961199760036097e-06,1.818989403545856799e-11,0.000000000000000000e+00
1.000000000000000000e+00,6.018719863891601562e+01,2.482142066955566406e+01,1.551666641235351562e+01,2.000000000000000000e+00,5.101779916876930665e-01,-4.896062984744796176e-01,0.000000000000000000e+00,0.000000000000000000e+00,3.278032642074631912e-04,0.000000000000000000e+00,1.074549800250679122e-07,0.000000000000000000e+00
1.000000000000000000e+00,6.018716430664062500e+01,2.482144355773925781e+01,1.553333377838134766e+01,2.000000000000000000e+00,-5.989532533224070088e-01,3.993021688816046355e-01,5.101779916876930665e-01,-4.896062984744796176e-01,4.126225977474963649e-05,3.278032642074631912e-04,8.210574722130836412e-08,0.000000000000000000e+00
1.000000000000000000e+00,6.018727874755859375e+01,2.482183837890625000e+01,1.560000038146972656e+01,2.000000000000000000e+00,2.246749833716547295e-01,7.751286926322087378e-01,-5.989532533224070088e-01,3.993021688816046355e-01,4.110723508223375539e-04,4.126225977474963649e-05,1.367595034406252542e-07,0.000000000000000000e+00
1.000000000000000000e+00,6.018725585937500000e+01,2.482169342041015625e+01,1.560000038146972656e+01,2.000000000000000000e+00,-1.362824417626967155e-01,-8.631221311637459204e-01,2.246749833716547295e-01,7.751286926322087378e-01,1.467543339666087601e-04,4.110723508223375539e-04,6.986401403454531954e-08,0.000000000000000000e+00
1.000000000000000000e+00,6.018735885620117188e+01,2.482172966003417969e+01,1.563333320617675781e+01,2.000000000000000000e+00,7.391951354258052831e-01,2.600871772794500214e-01,-1.362824417626967155e-01,-8.631221311637459204e-01,1.091863386639534833e-04,1.467543339666087601e-04,1.411354271060329004e-09,0.000000000000000000e+00
1.000000000000000000e+00,6.018729019165039062e+01,2.482169342041015625e+01,1.564999961853027344e+01,2.000000000000000000e+00,-6.539221027065748038e-01,-3.451255542062478532e-01,7.391951354258052831e-01,2.600871772794500214e-01,7.764103865450904798e-05,1.091863386639534833e-04,9.951059526858550777e-10,0.000000000000000000e+00
1.000000000000000000e+00,6.018722152709960938e+01,2.482177352905273438e+01,1.564999961853027344e+01,2.000000000000000000e+00,-4.612284403377848174e-01,5.380998470607489814e-01,-6.539221027065748038e-01,-3.451255542062478532e-01,1.055093130946299027e-04,7.764103865450904798e-05,7.766407202698933383e-10,0.000000000000000000e+00
1.000000000000000000e+00,6.018722152709960938e+01,2.482163810729980469e+01,1.564999961853027344e+01,2.000000000000000000e+00,0.000000000000000000e+00,-9.992621110793048489e-01,-4.612284403377848174e-01,5.380998470607489814e-01,1.354217529296875000e-04,1.055093130946299027e-04,8.947540568859405777e-10,0.000000000000000000e+00
1.000000000000000000e+00,6.018715667724609375e+01,2.482166862487792969e+01,1.564999961853027344e+01,2.000000000000000000e+00,-6.792877152047414047e-01,3.196648071551724257e-01,0.000000000000000000e+00,-9.992621110793048489e-01,7.167165461752294739e-05,1.354217529296875000e-04,4.064075034810645330e-09,0.000000000000000000e+00
1.000000000000000000e+00,6.018715667724609375e+01,2.482166862487792969e+01,1.564999961853027344e+01,2.000000000000000000e+00,0.000000000000000000e+00,0.000000000000000000e+00,-6.792877152047414047e-01,3.196648071551724257e-01,0.000000000000000000e+00,7.167165461752294739e-05,5.136826075613498688e-09,0.000000000000000000e+00
1.000000000000000000e+00,6.018695068359375000e+01,2.482166671752929688e+01,1.566666698455810547e+01,2.000000000000000000e+00,-9.903493318619236430e-01,-9.169901220943736664e-03,0.000000000000000000e+00,0.000000000000000000e+00,2.060024824722382652e-04,0.000000000000000000e+00,4.243702278472483158e-08,0.000000000000000000e+00
1.000000000000000000e+00,6.018695068359375000e+01,2.482166671752929688e+01,1.566666698455810547e+01,2.000000000000000000e+00,0.000000000000000000e+00,0.000000000000000000e+00,-9.903493318619236430e-01,-9.169901220943736664e-03,0.000000000000000000e+00,2.060024824722382652e-04,4.243702278472483158e-08,0.000000000000000000e+00
1.000000000000000000e+00,6.018695068359375000e+01,2.482166671752929688e+01,1.566666698455810547e+01,2.000000000000000000e+00,0.000000000000000000e+00,0.000000000000000000e+00,0.000000000000000000e+00,0.000000000000000000e+00,0.000000000000000000e+00,0.000000000000000000e+00,0.000000000000000000e+00,0.000000000000000000e+00
1.000000000000000000e+00,6.018695068359375000e+01,2.482166862487792969e+01,1.566666698455810547e+01,2.000000000000000000e+00,0.000000000000000000e+00,9.501830432614539745e-01,0.000000000000000000e+00,0.000000000000000000e+00,1.907348632812500000e-06,0.000000000000000000e+00,3.637978807091712952e-12,0.000000000000000000e+00
1.000000000000000000e+00,6.018695068359375000e+01,2.482166862487792969e+01,1.566666698455810547e+01,2.000000000000000000e+00,0.000000000000000000e+00,0.000000000000000000e+00,0.000000000000000000e+00,9.501830432614539745e-01,0.000000000000000000e+00,1.907348632812500000e-06,3.637978807091712952e-12,0.000000000000000000e+00
1.000000000000000000e+00,6.018695068359375000e+01,2.482167053222656250e+01,1.566666698455810547e+01,2.000000000000000000e+00,0.000000000000000000e+00,9.501830432614539745e-01,0.000000000000000000e+00,0.000000000000000000e+00,1.907348632812500000e-06,0.000000000000000000e+00,3.637978807091712952e-12,0.000000000000000000e+00
1.000000000000000000e+00,6.018694686889648438e+01,2.482167053222656250e+01,1.568333339691162109e+01,2.000000000000000000e+00,-9.744552405423272390e-01,0.000000000000000000e+00,0.000000000000000000e+00,9.501830432614539745e-01,3.814697265625000000e-06,1.907348632812500000e-06,3.637978807091712952e-12,0.000000000000000000e+00
1.000000000000000000e+00,6.018694686889648438e+01,2.482167434692382812e+01,1.569999980926513672e+01,2.000000000000000000e+00,0.000000000000000000e+00,9.744552405423272390e-01,-9.744552405423272390e-01,0.000000000000000000e+00,3.814697265625000000e-06,3.814697265625000000e-06,0.000000000000000000e+00,0.000000000000000000e+00
1.000000000000000000e+00,6.018694686889648438e+01,2.482167434692382812e+01,1.569999980926513672e+01,2.000000000000000000e+00,0.000000000000000000e+00,0.000000000000000000e+00,0.000000000000000000e+00,9.744552405423272390e-01,0.000000000000000000e+00,3.814697265625000000e-06,1.455191522836685181e-11,0.000000000000000000e+00
1.000000000000000000e+00,6.018730163574218750e+01,2.482147979736328125e+01,1.569999980926513672e+01,2.000000000000000000e+00,6.457157843621001980e-01,-3.541022043276033093e-01,0.000000000000000000e+00,0.000000000000000000e+00,4.046097457045827201e-04,0.000000000000000000e+00,1.637090463191270828e-07,0.000000000000000000e+00
1.000000000000000000e+00,6.018733215332031250e+01,2.482148170471191406e+01,1.569999980926513672e+01,2.000000000000000000e+00,9.382827623945275697e-01,5.864267264965797311e-02,6.457157843621001980e-01,-3.541022043276033093e-01,3.057712467552451806e-05,4.046097457045827201e-04,1.399004015938670821e-07,0.000000000000000000e+00
1.000000000000000000e+00,6.018732452392578125e+01,2.482156372070312500e+01,1.569999980926513672e+01,2.000000000000000000e+00,-8.501155204978494417e-02,9.138741845351880944e-01,9.382827623945275697e-01,5.864267264965797311e-02,8.237008240390466249e-05,3.057712467552451806e-05,2.682510470253772704e-09,0.000000000000000000e+00
1.000000000000000000e+00,6.018735885620117188e+01,2.482158660888671875e+01,1.571666622161865234e+01,2.000000000000000000e+00,5.989532533224070088e-01,3.993021688816046355e-01,-8.501155204978494417e-02,9.138741845351880944e-01,4.126225977474963649e-05,8.237008240390466249e-05,1.689853081310070023e-09,0.000000000000000000e+00
1.000000000000000000e+00,6.018735885620117188e+01,2.482156372070312500e+01,1.571666622161865234e+01,2.000000000000000000e+00,0.000000000000000000e+00,-9.956499390396731375e-01,5.989532533224070088e-01,3.993021688816046355e-01,2.288818359375000000e-05,4.126225977474963649e-05,3.376066755051781843e-10,0.000000000000000000e+00
1.000000000000000000e+00,6.018733596801757812e+01,2.482153892517089844e+01,1.571666622161865234e+01,2.000000000000000000e+00,-4.789954736843718419e-01,-5.189117631580695278e-01,0.000000000000000000e+00,-9.956499390396731375e-01,3.374444201079202974e-05,2.288818359375000000e-05,1.178583468175959244e-10,0.000000000000000000e+00
1.000000000000000000e+00,6.018732070922851562e+01,2.482162857055664062e+01,1.571666622161865234e+01,2.000000000000000000e+00,-1.453160228236833051e-01,8.537316340891394351e-01,-4.789954736843718419e-01,-5.189117631580695278e-01,9.093473389480756269e-05,3.374444201079202974e-05,3.270729485778893134e-09,0.000000000000000000e+00
1.000000000000000000e+00,6.018730163574218750e+01,2.482164764404296875e+01,1.571666622161865234e+01,2.000000000000000000e+00,-4.986927069901875842e-01,4.986927069901875842e-01,-1.453160228236833051e-01,8.537316340891394351e-01,2.697398304697218134e-05,9.093473389480756269e-05,4.090977649018874816e-09,0.000000000000000000e+00
1.000000000000000000e+00,6.018733978271484375e+01,2.482162284851074219e+01,1.571666622161865234e+01,2.000000000000000000e+00,6.050992537044660446e-01,-3.933145149079029235e-01,-4.986927069901875842e-01,4.986927069901875842e-01,4.549736191511750548e-05,2.697398304697218134e-05,3.431155646928527350e-10,0.000000000000000000e+00
1.000000000000000000e+00,6.018732070922851562e+01,2.482168197631835938e+01,1.573333358764648438e+01,2.000000000000000000e+00,-2.435909468041023707e-01,7.551319350927173657e-01,6.050992537044660446e-01,-3.933145149079029235e-01,6.212805738411838411e-05,4.549736191511750548e-05,2.765800317826463601e-10,0.000000000000000000e+00
1.000000000000000000e+00,6.018694305419921875e+01,2.482168006896972656e+01,1.573333358764648438e+01,2.000000000000000000e+00,-9.947128060363561453e-01,-5.023802050688667628e-03,-2.435909468041023707e-01,7.551319350927173657e-01,3.776598458031123597e-04,6.212805738411838411e-05,9.956030950288877662e-08,0.000000000000000000e+00
1.000000000000000000e+00,6.018719863891601562e+01,2.482178688049316406e+01,1.575000000000000000e+01,2.000000000000000000e+00,7.050686005229310771e-01,2.946555345468965803e-01,-9.947128060363561453e-01,-5.023802050688667628e-03,2.770058645573743490e-04,3.776598458031123597e-04,1.013122394061737893e-08,0.000000000000000000e+00
1.000000000000000000e+00,6.018717193603515625e+01,2.482178306579589844e+01,1.575000000000000000e+01,2.000000000000000000e+00,-8.721421645551854507e-01,-1.245917377935979314e-01,7.050686005229310771e-01,2.946555345468965803e-01,2.697398304697218134e-05,2.770058645573743490e-04,6.251594177163179464e-08,0.000000000000000000e+00
1.000000000000000000e+00,6.018716812133789062e+01,2.482172584533691406e+01,1.575000000000000000e+01,2.000000000000000000e+00,-6.239776749773171677e-02,-9.359665124659757307e-01,-8.721421645551854507e-01,-1.245917377935979314e-01,5.734747458790934795e-05,2.697398304697218134e-05,9.225489883873816510e-10,0.000000000000000000e+00
1.000000000000000000e+00,6.018714523315429688e+01,2.482168579101562500e+01,1.575000000000000000e+01,2.000000000000000000e+00,-3.630595522226796046e-01,-6.353542163896893635e-01,-6.239776749773171677e-02,-9.359665124659757307e-01,4.613260888079766730e-05,5.734747458790934795e-05,1.257732128285495853e-10,0.000000000000000000e+00
1.000000000000000000e+00,6.018719863891601562e+01,2.482171249389648438e+01,1.575000000000000000e+01,2.000000000000000000e+00,6.658355010400730523e-01,3.329177505200365261e-01,-3.630595522226796046e-01,-6.353542163896893635e-01,5.970945679664050535e-05,4.613260888079766730e-05,1.843307993299260028e-10,0.000000000000000000e+00
1.000000000000000000e+00,6.018725585937500000e+01,2.482179832458496094e+01,1.575000000000000000e+01,2.000000000000000000e+00,3.997205750655200562e-01,5.995808625982801399e-01,6.658355010400730523e-01,3.329177505200365261e-01,1.031556494368740810e-04,5.970945679664050535e-05,1.887571654932286124e-09,0.000000000000000000e+00
1.000000000000000000e+00,6.018722534179687500e+01,2.482164955139160156e+01,1.576666641235351562e+01,2.000000000000000000e+00,-1.701178821657394480e-01,-8.293246755579798402e-01,3.997205750655200562e-01,5.995808625982801399e-01,1.518709506026793036e-04,1.031556494368740810e-04,2.373180567675103551e-09,0.000000000000000000e+00
1.000000000000000000e+00,6.018717956542968750e+01,2.482160949707031250e+01,1.576666641235351562e+01,2.000000000000000000e+00,-5.327126780787454496e-01,-4.661235933189022407e-01,-1.701178821657394480e-01,-8.293246755579798402e-01,6.082618224755086887e-05,1.518709506026793036e-04,8.289149844838998076e-09,0.000000000000000000e+00
1.000000000000000000e+00,6.018714904785156250e+01,2.482163810729980469e+01,1.576666641235351562e+01,2.000000000000000000e+00,-5.152576020076085062e-01,4.830540018821329329e-01,-5.327126780787454496e-01,-4.661235933189022407e-01,4.183142127887975483e-05,6.082618224755086887e-05,3.608009442569516239e-10,0.000000000000000000e+00
1.000000000000000000e+00,6.018712997436523438e+01,2.482156562805175781e+01,1.576666641235351562e+01,2.000000000000000000e+00,-2.081060260579377652e-01,-7.908028990201635411e-01,-5.152576020076085062e-01,4.830540018821329329e-01,7.494690973048591333e-05,4.183142127887975483e-05,1.096635575388460854e-09,0.000000000000000000e+00
1.000000000000000000e+00,6.018693923950195312e+01,2.482168388366699219e+01,1.581666660308837891e+01,2.000000000000000000e+00,-6.170842408256457245e-01,3.825922293119003448e-01,-2.081060260579377652e-01,-7.908028990201635411e-01,2.244196484387623279e-04,7.494690973048591333e-05,2.234209961695267073e-08,0.000000000000000000e+00
1.000000000000000000e+00,6.018693923950195312e+01,2.482168388366699219e+01,1.581666660308837891e+01,2.000000000000000000e+00,0.000000000000000000e+00,0.000000000000000000e+00,-6.170842408256457245e-01,3.825922293119003448e-01,0.000000000000000000e+00,2.244196484387623279e-04,5.036417860537768072e-08,0.000000000000000000e+00
1.000000000000000000e+00,6.018693923950195312e+01,2.482168197631835938e+01,1.581666660308837891e+01,2.000000000000000000e+00,0.000000000000000000e+00,-9.501830432614539745e-01,0.000000000000000000e+00,0.000000000000000000e+00,1.907348632812500000e-06,0.000000000000000000e+00,3.637978807091712952e-12,0.000000000000000000e+00
1.000000000000000000e+00,6.018693923950195312e+01,2.482168197631835938e+01,1.581666660308837891e+01,2.000000000000000000e+00,0.000000000000000000e+00,0.000000000000000000e+00,0.000000000000000000e+00,-9.501830432614539745e-01,0.000000000000000000e+00,1.907348632812500000e-06,3.637978807091712952e-12,0.000000000000000000e+00
1.000000000000000000e+00,6.018711471557617188e+01,2.482149887084960938e+01,1.581666660308837891e+01,2.000000000000000000e+00,4.892252686501861181e-01,-5.104959325045420604e-01,0.000000000000000000e+00,0.000000000000000000e+00,2.536128256011148277e-04,0.000000000000000000e+00,6.431946530938148499e-08,0.000000000000000000e+00
1.000000000000000000e+00,6.018725967407226562e+01,2.482169914245605469e+01,1.585000038146972656e+01,2.000000000000000000e+00,4.197679120005265441e-01,5.799425100007274958e-01,4.892252686501861181e-01,-5.104959325045420604e-01,2.472279958620137125e-04,2.536128256011148277e-04,4.076605079731001512e-11,0.000000000000000000e+00
1.000000000000000000e+00,6.018725204467773438e+01,2.482157325744628906e+01,1.585000038146972656e+01,2.000000000000000000e+00,-5.710009015419034023e-02,-9.421514875441406867e-01,4.197679120005265441e-01,5.799425100007274958e-01,1.261159916291545167e-04,2.472279958620137125e-04,1.466811756930010360e-08,0.000000000000000000e+00
1.000000000000000000e+00,6.018693923950195312e+01,2.482168388366699219e+01,1.586666679382324219e+01,2.000000000000000000e+00,-7.385643151316884092e-01,2.611995748636458670e-01,-5.710009015419034023e-02,-9.421514875441406867e-01,3.317909563303304030e-04,1.261159916291545167e-04,4.230219110482994424e-08,0.000000000000000000e+00
1.000000000000000000e+00,6.018693923950195312e+01,2.482168388366699219e+01,1.586666679382324219e+01,2.000000000000000000e+00,0.000000000000000000e+00,0.000000000000000000e+00,-7.385643151316884092e-01,2.611995748636458670e-01,0.000000000000000000e+00,3.317909563303304030e-04,1.100852387025952207e-07,0.000000000000000000e+00
1.000000000000000000e+00,6.018693923950195312e+01,2.482168388366699219e+01,1.586666679382324219e+01,2.000000000000000000e+00,0.000000000000000000e+00,0.000000000000000000e+00,0.000000000000000000e+00,0.000000000000000000e+00,0.000000000000000000e+00,0.000000000000000000e+00,0.000000000000000000e+00,0.000000000000000000e+00
1.000000000000000000e+00,6.018693923950195312e+01,2.482168388366699219e+01,1.586666679382324219e+01,2.000000000000000000e+00,0.000000000000000000e+00,0.000000000000000000e+00,0.000000000000000000e+00,0.000000000000000000e+00,0.000000000000000000e+00,0.000000000000000000e+00,0.000000000000000000e+00,0.000000000000000000e+00
1.000000000000000000e+00,6.018693923950195312e+01,2.482168388366699219e+01,1.586666679382324219e+01,2.000000000000000000e+00,0.000000000000000000e+00,0.000000000000000000e+00,0.000000000000000000e+00,0.000000000000000000e+00,0.000000000000000000e+00,0.000000000000000000e+00,0.000000000000000000e+00,0.000000000000000000e+00
1.000000000000000000e+00,6.018693923950195312e+01,2.482168388366699219e+01,1.588333320617675781e+01,2.000000000000000000e+00,0.000000000000000000e+00,0.000000000000000000e+00,0.000000000000000000e+00,0.000000000000000000e+00,0.000000000000000000e+00,0.000000000000000000e+00,0.000000000000000000e+00,0.000000000000000000e+00
1.000000000000000000e+00,6.018693923950195312e+01,2.482168388366699219e+01,1.588333320617675781e+01,2.000000000000000000e+00,0.000000000000000000e+00,0.000000000000000000e+00,0.000000000000000000e+00,0.000000000000000000e+00,0.000000000000000000e+00,0.000000000000000000e+00,0.000000000000000000e+00,0.000000000000000000e+00
1.000000000000000000e+00,6.018693923950195312e+01,2.482168579101562500e+01,1.588333320617675781e+01,2.000000000000000000e+00,0.000000000000000000e+00,9.501830432614539745e-01,0.000000000000000000e+00,0.000000000000000000e+00,1.907348632812500000e-06,0.000000000000000000e+00,3.637978807091712952e-12,0.000000000000000000e+00
1.000000000000000000e+00,6.018693923950195312e+01,2.482168579101562500e+01,1.588333320617675781e+01,2.000000000000000000e+00,0.000000000000000000e+00,0.000000000000000000e+00,0.000000000000000000e+00,9.501830432614539745e-01,0.000000000000000000e+00,1.907348632812500000e-06,3.637978807091712952e-12,0.000000000000000000e+00
1.000000000000000000e+00,6.018684005737304688e+01,2.482132911682128906e+01,1.591666698455810547e+01,2.000000000000000000e+00,-2.175255037609557240e-01,-7.822551769865138116e-01,0.000000000000000000e+00,0.000000000000000000e+00,3.702074764231080514e-04,0.000000000000000000e+00,1.370535755995661020e-07,0.000000000000000000e+00
1.000000000000000000e+00,6.018711090087890625e+01,2.482024002075195312e+01,1.594999980926513672e+01,2.000000000000000000e+00,1.991438416933416777e-01,-8.007826310344936527e-01,-2.175255037609557240e-01,-7.822551769865138116e-01,1.122268440663456730e-03,3.702074764231080514e-04,5.655956939341230510e-07,0.000000000000000000e+00
1.000000000000000000e+00,6.018698120117187500e+01,2.482028388977050781e+01,1.594999980926513672e+01,2.000000000000000000e+00,-7.468224724610531551e-01,2.526017186265326897e-01,1.991438416933416777e-01,-8.007826310344936527e-01,1.369178760898064583e-04,1.122268440663456730e-03,9.709157351056113518e-07,0.000000000000000000e+00
1.000000000000000000e+00,6.018703460693359375e+01,2.482026290893554688e+01,1.596666622161865234e+01,2.000000000000000000e+00,7.169848549855111219e-01,-2.816726216014507900e-01,-7.468224724610531551e-01,2.526017186265326897e-01,5.737918455692796161e-05,1.369178760898064583e-04,6.326403450762397745e-09,0.000000000000000000e+00
1.000000000000000000e+00,6.018679046630859375e+01,2.482068252563476562e+01,1.596666622161865234e+01,2.000000000000000000e+00,-3.677606860590308946e-01,6.320886791639593882e-01,7.169848549855111219e-01,-2.816726216014507900e-01,4.854717489603586986e-04,5.737918455692796161e-05,1.832632436975054793e-07,0.000000000000000000e+00
1.000000000000000000e+00,6.018676757812500000e+01,2.482076835632324219e+01,1.596666622161865234e+01,2.000000000000000000e+00,-2.103328508952102549e-01,7.887481908570385114e-01,-3.677606860590308946e-01,6.320886791639593882e-01,8.883004014736189057e-05,4.854717489603586986e-04,1.573246451700941389e-07,0.000000000000000000e+00
1.000000000000000000e+00,6.018679809570312500e+01,2.482073211669921875e+01,1.596666622161865234e+01,2.000000000000000000e+00,4.564590970654792135e-01,-5.420451777652566250e-01,-2.103328508952102549e-01,7.887481908570385114e-01,4.737755717611015819e-05,8.883004014736189057e-05,1.718308344481914866e-09,0.000000000000000000e+00
1.000000000000000000e+00,6.018685531616210938e+01,2.482065010070800781e+01,1.596666622161865234e+01,2.000000000000000000e+00,4.106639641254473672e-01,-5.886183485798078818e-01,4.564590970654792135e-01,-5.420451777652566250e-01,1.000040186227289557e-04,4.737755717611015819e-05,2.769544444392454641e-09,0.000000000000000000e+00
1.000000000000000000e+00,6.018684387207031250e+01,2.482067871093750000e+01,1.596666622161865234e+01,2.000000000000000000e+00,-2.850027451464412498e-01,7.125068628661030967e-01,4.106639641254473672e-01,-5.886183485798078818e-01,3.081416019707395617e-05,1.000040186227289557e-04,4.787236508962182050e-09,0.000000000000000000e+00
1.000000000000000000e+00,6.018683242797851562e+01,2.482069969177246094e+01,1.598333358764648438e+01,2.000000000000000000e+00,-3.518560358979478386e-01,6.450693991462377319e-01,-2.850027451464412498e-01,7.125068628661030967e-01,2.389900986889203582e-05,3.081416019707395617e-05,4.781930406135452079e-11,0.000000000000000000e+00
1.000000000000000000e+00,6.018682479858398438e+01,2.482072067260742188e+01,1.598333358764648438e+01,2.000000000000000000e+00,-2.657378455761238989e-01,7.307790753343407220e-01,-3.518560358979478386e-01,6.450693991462377319e-01,2.232494337219166885e-05,2.389900986889203582e-05,2.477685336034566596e-12,0.000000000000000000e+00
1.000000000000000000e+00,6.018681335449218750e+01,2.482074737548828125e+01,1.598333358764648438e+01,2.000000000000000000e+00,-2.992156241941125727e-01,6.981697897862626512e-01,-2.657378455761238989e-01,7.307790753343407220e-01,2.905186884255946600e-05,2.232494337219166885e-05,4.525152628388301042e-11,0.000000000000000000e+00
1.000000000000000000e+00,6.018727874755859375e+01,2.482032585144042969e+01,1.801666641235351562e+01,2.000000000000000000e+00,0.000000000000000000e+00,0.000000000000000000e+00,-2.992156241941125727e-01,6.981697897862626512e-01,0.000000000000000000e+00,2.905186884255946600e-05,8.440110832452775082e-10,0.000000000000000000e+00
1.000000000000000000e+00,6.018724060058593750e+01,2.482029533386230469e+01,1.803333282470703125e+01,2.000000000000000000e+00,-5.547476457397511052e-01,-4.437981165918008508e-01,0.000000000000000000e+00,0.000000000000000000e+00,4.885196103998450112e-05,0.000000000000000000e+00,2.386514097452163696e-09,0.000000000000000000e+00
1.000000000000000000e+00,6.018687820434570312e+01,2.482118034362792969e+01,1.803333282470703125e+01,2.000000000000000000e+00,-2.904965896214098398e-01,7.094232504438641174e-01,-5.547476457397511052e-01,-4.437981165918008508e-01,9.563332683681083010e-04,4.885196103998450112e-05,8.235223231499606331e-07,0.000000000000000000e+00
1.000000000000000000e+00,6.018690490722656250e+01,2.482119941711425781e+01,1.803333282470703125e+01,2.000000000000000000e+00,5.820617999293277167e-01,4.157584285209483532e-01,-2.904965896214098398e-01,7.094232504438641174e-01,3.281526667420435592e-05,9.563332683681083010e-04,8.528854994527015634e-07,0.000000000000000000e+00
1.000000000000000000e+00,6.018691635131835938e+01,2.482127380371093750e+01,1.803333282470703125e+01,2.000000000000000000e+00,1.331781695196863624e-01,8.656581018779613279e-01,5.820617999293277167e-01,4.157584285209483532e-01,7.526176321773094099e-05,3.281526667420435592e-05,1.801705068819614233e-09,0.000000000000000000e+00
1.000000000000000000e+00,6.018695449829101562e+01,2.482137680053710938e+01,1.803333282470703125e+01,2.000000000000000000e+00,2.700789200853328520e-01,7.292130842303986560e-01,1.331781695196863624e-01,8.656581018779613279e-01,1.098341373358762248e-04,7.526176321773094099e-05,1.195249052165001831e-09,0.000000000000000000e+00
1.000000000000000000e+00,6.018694686889648438e+01,2.482149505615234375e+01,1.803333282470703125e+01,2.000000000000000000e+00,-6.055795483481146019e-02,9.386482999395776572e-01,2.700789200853328520e-01,7.292130842303986560e-01,1.185014691696858720e-04,1.098341373358762248e-04,7.512264111737010554e-11,0.000000000000000000e+00
1.000000000000000000e+00,6.018692398071289062e+01,2.482165718078613281e+01,1.804999923706054688e+01,2.000000000000000000e+00,-1.236445099661431651e-01,8.758152789268474070e-01,-6.055795483481146019e-02,9.386482999395776572e-01,1.637322992859345061e-04,1.185014691696858720e-04,2.045827993004944606e-09,0.000000000000000000e+00
1.000000000000000000e+00,6.018693923950195312e+01,2.482164764404296875e+01,1.804999923706054688e+01,2.000000000000000000e+00,6.129127477025578807e-01,-3.830704673140986616e-01,-1.236445099661431651e-01,8.758152789268474070e-01,1.799389101420708305e-05,1.637322992859345061e-04,2.123968364557671075e-08,0.000000000000000000e+00
1.000000000000000000e+00,6.018695449829101562e+01,2.482163810729980469e+01,1.804999923706054688e+01,2.000000000000000000e+00,6.129127477025578807e-01,-3.830704673140986616e-01,6.129127477025578807e-01,-3.830704673140986616e-01,1.799389101420708305e-05,1.799389101420708305e-05,0.000000000000000000e+00,0.000000000000000000e+00
1.000000000000000000e+00,6.018694686889648438e+01,2.482165527343750000e+01,1.804999923706054688e+01,2.000000000000000000e+00,-3.064563738512789404e-01,6.895268411653776575e-01,6.129127477025578807e-01,-3.830704673140986616e-01,1.878520546302052293e-05,1.799389101420708305e-05,6.261785569009181763e-13,0.000000000000000000e+00
1.000000000000000000e+00,6.018696212768554688e+01,2.482163810729980469e+01,1.804999923706054688e+01,2.000000000000000000e+00,4.691413811972637848e-01,-5.277840538469217302e-01,-3.064563738512789404e-01,6.895268411653776575e-01,2.296751895674189716e-05,1.878520546302052293e-05,1.749174615976388875e-11,0.000000000000000000e+00
1.000000000000000000e+00,6.018743133544921875e+01,2.482102394104003906e+01,1.848333358764648438e+01,2.000000000000000000e+00,0.000000000000000000e+00,0.000000000000000000e+00,4.691413811972637848e-01,-5.277840538469217302e-01,0.000000000000000000e+00,2.296751895674189716e-05,5.275069270282983780e-10,0.000000000000000000e+00
1.000000000000000000e+00,6.018742752075195312e+01,2.482113265991210938e+01,1.850000000000000000e+01,2.000000000000000000e+00,-3.386820899058431283e-02,9.652439562316529331e-01,0.000000000000000000e+00,0.000000000000000000e+00,1.087857759979186966e-04,0.000000000000000000e+00,1.183434505946934389e-08,0.000000000000000000e+00
1.000000000000000000e+00,6.018740463256835938e+01,2.482121849060058594e+01,1.850000000000000000e+01,2.000000000000000000e+00,-2.103328508952102549e-01,7.887481908570385114e-01,-3.386820899058431283e-02,9.652439562316529331e-01,8.883004014736189057e-05,1.087857759979186966e-04,3.982313933371981609e-10,0.000000000000000000e+00
1.000000000000000000e+00,6.018733215332031250e+01,2.482117652893066406e+01,1.850000000000000000e+01,2.000000000000000000e+00,-6.327804013815341300e-01,-3.663465481682565694e-01,-2.103328508952102549e-01,7.887481908570385114e-01,8.374976501503047762e-05,8.883004014736189057e-05,2.580919542018495511e-11,0.000000000000000000e+00
1.000000000000000000e+00,6.018729782104492188e+01,2.482062911987304688e+01,1.850000000000000000e+01,2.000000000000000000e+00,-5.900625040360275853e-02,-9.408218814352217185e-01,-6.327804013815341300e-01,-3.663465481682565694e-01,5.484846228426418441e-04,8.374976501503047762e-05,2.159784880800501458e-07,0.000000000000000000e+00
1.000000000000000000e+00,6.018672180175781250e+01,2.482063293457031250e+01,1.850000000000000000e+01,2.000000000000000000e+00,-9.932497536424876872e-01,6.577812938029719593e-03,-5.900625040360275853e-02,-9.408218814352217185e-01,5.760319184187807657e-04,5.484846228426418441e-04,7.588534935591630197e-10,0.000000000000000000e+00
1.000000000000000000e+00,6.018642807006835938e+01,2.482240104675292969e+01,1.850000000000000000e+01,2.000000000000000000e+00,-1.424537755036955344e-01,8.574977265709465835e-01,-9.932497536424876872e-01,6.577812938029719593e-03,1.792344552732063646e-03,5.760319184187807657e-04,1.479416424390117799e-06,0.000000000000000000e+00
1.000000000000000000e+00,6.018609619140625000e+01,2.482389259338378906e+01,1.851666641235351562e+01,2.000000000000000000e+00,-1.819983870742298837e-01,8.179467740922284902e-01,-1.424537755036955344e-01,8.574977265709465835e-01,1.528023166837290175e-03,1.792344552732063646e-03,6.986579504133374792e-08,0.000000000000000000e+00
1.000000000000000000e+00,6.018526840209960938e+01,2.482535934448242188e+01,1.851666641235351562e+01,2.000000000000000000e+00,-3.607490327191300028e-01,6.392073874677672851e-01,-1.819983870742298837e-01,8.179467740922284902e-01,1.684219083590115769e-03,1.528023166837290175e-03,2.439716441025562295e-08,0.000000000000000000e+00
1.000000000000000000e+00,6.018460464477539062e+01,2.482643318176269531e+01,1.851666641235351562e+01,2.000000000000000000e+00,-3.819758215873162999e-01,6.179666309013192027e-01,-3.607490327191300028e-01,6.392073874677672851e-01,1.262418429031788138e-03,1.684219083590115769e-03,1.779157921858336318e-07,0.000000000000000000e+00
1.000000000000000000e+00,6.018405914306640625e+01,2.482796669006347656e+01,1.851666641235351562e+01,2.000000000000000000e+00,-2.623727010221400535e-01,7.375792014748273617e-01,-3.819758215873162999e-01,6.179666309013192027e-01,1.627642412531041987e-03,1.262418429031788138e-03,1.333885581230632354e-07,0.000000000000000000e+00
1.000000000000000000e+00,6.018397140502929688e+01,2.482804298400878906e+01,1.851666641235351562e+01,2.000000000000000000e+00,-5.345578345837461720e-01,4.648328996380401978e-01,-2.623727010221400535e-01,7.375792014748273617e-01,1.162700702982190788e-04,1.627642412531041987e-03,2.284246356866329310e-06,0.000000000000000000e+00
1.000000000000000000e+00,6.018296813964843750e+01,2.482724380493164062e+01,1.851666641235351562e+01,2.000000000000000000e+00,-5.565828772779298772e-01,-4.433616455883129803e-01,-5.345578345837461720e-01,4.648328996380401978e-01,1.282664656791764404e-03,1.162700702982190788e-04,1.360476331401448878e-06,0.000000000000000000e+00
1.000000000000000000e+00,6.018237686157226562e+01,2.482561874389648438e+01,1.853333282470703125e+01,2.000000000000000000e+00,-2.667693748724601632e-01,-7.331855077139872723e-01,-5.565828772779298772e-01,-4.433616455883129803e-01,1.729286885205753334e-03,1.282664656791764404e-03,1.994714149134773015e-07,0.000000000000000000e+00
1.000000000000000000e+00,6.018120956420898438e+01,2.482431411743164062e+01,1.853333282470703125e+01,2.000000000000000000e+00,-4.722031195656519742e-01,-5.277564277498463241e-01,-2.667693748724601632e-01,-7.331855077139872723e-01,1.750609421628382140e-03,1.729286885205753334e-03,4.546505594943320727e-10,0.000000000000000000e+00
1.000000000000000000e+00,6.018010330200195312e+01,2.482502746582031250e+01,1.853333282470703125e+01,2.000000000000000000e+00,-6.079330469600288112e-01,3.920119992466393199e-01,-4.722031195656519742e-01,-5.277564277498463241e-01,1.316313790221166225e-03,1.750609421628382140e-03,1.886126954593923439e-07,0.000000000000000000e+00
1.000000000000000000e+00,6.017922592163085938e+01,2.482444381713867188e+01,1.853333282470703125e+01,2.000000000000000000e+00,-6.004810933379289839e-01,-3.994504664378397130e-01,-6.079330469600288112e-01,3.920119992466393199e-01,1.053775165375160031e-03,1.316313790221166225e-03,6.892652953603198050e-08,0.000000000000000000e+00
1.000000000000000000e+00,6.017921447753906250e+01,2.482379531860351562e+01,1.853333282470703125e+01,2.000000000000000000e+00,-1.733841320173968095e-02,-9.825100814319152054e-01,-6.004810933379289839e-01,-3.994504664378397130e-01,6.485995045764815373e-04,1.053775165375160031e-03,1.641673161036457821e-07,0.000000000000000000e+00
1.000000000000000000e+00,6.017922973632812500e+01,2.482376670837402344e+01,1.853333282470703125e+01,2.000000000000000000e+00,3.470350161107535469e-01,-6.506906552076628936e-01,-1.733841320173968095e-02,-9.825100814319152054e-01,3.242492675781250000e-05,6.485995045764815373e-04,3.796711103500150449e-07,0.000000000000000000e+00
1.000000000000000000e+00,6.017936325073242188e+01,2.482380294799804688e+01,1.854999923706054688e+01,2.000000000000000000e+00,7.860537993546561353e-01,2.133574598248352272e-01,3.470350161107535469e-01,-6.506906552076628936e-01,1.383452438796126626e-04,3.242492675781250000e-05,1.121911357918271202e-08,0.000000000000000000e+00
1.000000000000000000e+00,6.017935943603515625e+01,2.482377624511718750e+01,1.854999923706054688e+01,2.000000000000000000e+00,-1.245917377935979314e-01,-8.721421645551854507e-01,7.860537993546561353e-01,2.133574598248352272e-01,2.697398304697218134e-05,1.383452438796126626e-04,1.240355773945203957e-08,0.000000000000000000e+00
1.000000000000000000e+00,6.017934036254882812e+01,2.482384681701660156e+01,1.854999923706054688e+01,2.000000000000000000e+00,-2.125288801244623604e-01,7.863568564605106781e-01,-1.245917377935979314e-01,-8.721421645551854507e-01,7.310397299475402972e-05,2.697398304697218134e-05,2.127975972582454527e-09,0.000000000000000000e+00
1.000000000000000000e+00,6.017934036254882812e+01,2.482389259338378906e+01,1.854999923706054688e+01,2.000000000000000000e+00,0.000000000000000000e+00,9.978202284502760699e-01,-2.125288801244623604e-01,7.863568564605106781e-01,4.577636718750000000e-05,7.310397299475402972e-05,7.467980391566641382e-10,0.000000000000000000e+00
1.000000000000000000e+00,6.017920303344726562e+01,2.482380294799804688e+01,1.854999923706054688e+01,2.000000000000000000e+00,-6.047755659059682598e-01,-3.947840499663959890e-01,0.000000000000000000e+00,9.978202284502760699e-01,1.639987113389279984e-04,4.577636718750000000e-05,1.397652265665868239e-08,0.000000000000000000e+00
1.000000000000000000e+00,6.017829895019531250e+01,2.482557106018066406e+01,1.854999923706054688e+01,2.000000000000000000e+00,-3.383171038117256946e-01,6.616454751760965092e-01,-6.047755659059682598e-01,-3.947840499663959890e-01,1.985846725399886305e-03,1.639987113389279984e-04,3.319130186337857867e-06,0.000000000000000000e+00
1.000000000000000000e+00,6.017801666259765625e+01,2.482600021362304688e+01,1.856666755676269531e+01,2.000000000000000000e+00,-3.967270779500685629e-01,6.031323820186853535e-01,-3.383171038117256946e-01,6.616454751760965092e-01,5.136720402158899282e-04,1.985846725399886305e-03,2.167298303696599336e-06,0.000000000000000000e+00
1.000000000000000000e+00,6.017682647705078125e+01,2.482859802246093750e+01,1.856666755676269531e+01,2.000000000000000000e+00,-3.141911013784411399e-01,6.857825001240974716e-01,-3.967270779500685629e-01,6.031323820186853535e-01,2.857473078475592908e-03,5.136720402158899282e-04,5.493403306947262063e-06,0.000000000000000000e+00
1.000000000000000000e+00,6.017519760131835938e+01,2.482772827148437500e+01,1.856666755676269531e+01,2.000000000000000000e+00,-6.518823073228136034e-01,-3.480776722941487655e-01,-3.141911013784411399e-01,6.857825001240974716e-01,1.846538088668717983e-03,2.857473078475592908e-03,1.021989553615826226e-06,0.000000000000000000e+00
1.000000000000000000e+00,6.017397308349609375e+01,2.482707786560058594e+01,1.856666755676269531e+01,2.000000000000000000e+00,-6.530679149876893463e-01,-3.468787523532742556e-01,-6.518823073228136034e-01,-3.480776722941487655e-01,1.386532260971081766e-03,1.846538088668717983e-03,2.116053615157873796e-07,0.000000000000000000e+00
1.000000000000000000e+00,6.017348480224609375e+01,2.482691192626953125e+01,1.856666755676269531e+01,2.000000000000000000e+00,-7.462416193801336695e-01,-2.536055503362172892e-01,-6.530679149876893463e-01,-3.468787523532742556e-01,5.157077085834956042e-04,1.386532260971081766e-03,7.583354010410397979e-07,0.000000000000000000e+00
1.000000000000000000e+00,6.017315673828125000e+01,2.482678413391113281e+01,1.856666755676269531e+01,2.000000000000000000e+00,-7.195074355170073543e-01,-2.802732452304621535e-01,-7.462416193801336695e-01,-2.536055503362172892e-01,3.520750657090557429e-04,5.157077085834956042e-04,2.677564181407397452e-08,0.000000000000000000e+00
1.000000000000000000e+00,6.017138290405273438e+01,2.482530593872070312e+01,1.858333396911621094e+01,2.000000000000000000e+00,-5.454377732270234702e-01,-4.545314776891862807e-01,-7.195074355170073543e-01,-2.802732452304621535e-01,2.309014701396048305e-03,3.520750657090557429e-04,3.829612737722738989e-06,0.000000000000000000e+00
1.000000000000000000e+00,6.017127990722656250e+01,2.482517433166503906e+01,1.858333396911621094e+01,2.000000000000000000e+00,-4.388373356511919288e-01,-5.607365955543007763e-01,-5.454377732270234702e-01,-4.545314776891862807e-01,1.671190093976238165e-04,2.309014701396048305e-03,4.587717155401408707e-06,0.000000000000000000e+00
1.000000000000000000e+00,6.016957473754882812e+01,2.482136154174804688e+01,1.858333396911621094e+01,2.000000000000000000e+00,-3.090161765131990146e-01,-6.909657011743678412e-01,-4.388373356511919288e-01,-5.607365955543007763e-01,4.176717680306156824e-03,1.671190093976238165e-04,1.607688150175147566e-05,0.000000000000000000e+00
1.000000000000000000e+00,6.016989898681640625e+01,2.481707191467285156e+01,1.858333396911621094e+01,2.000000000000000000e+00,7.027545082366426499e-02,-9.297028758965936168e-01,-3.090161765131990146e-01,-6.909657011743678412e-01,4.301864483194890211e-03,4.176717680306156824e-03,1.566172227327148562e-08,0.000000000000000000e+00
1.000000000000000000e+00,6.016999816894531250e+01,2.481375122070312500e+01,1.858333396911621094e+01,2.000000000000000000e+00,2.900082516538626462e-02,-9.709699348641823713e-01,7.027545082366426499e-02,-9.297028758965936168e-01,3.322174820094922747e-03,4.301864483194890211e-03,9.597918359849278262e-07,0.000000000000000000e+00
1.000000000000000000e+00,6.016974258422851562e+01,2.480867195129394531e+01,1.858333396911621094e+01,2.000000000000000000e+00,-4.790757535334762285e-02,-9.520736803430203121e-01,2.900082516538626462e-02,-9.709699348641823713e-01,5.085695751663552901e-03,3.322174820094922747e-03,3.110006076080689093e-06,0.000000000000000000e+00
1.000000000000000000e+00,6.016963195800781250e+01,2.480447578430175781e+01,1.860000038146972656e+01,2.000000000000000000e+00,-2.568585178105143446e-02,-9.742909296260888752e-01,-4.790757535334762285e-02,-9.520736803430203121e-01,4.197624993616145585e-03,5.085695751663552901e-03,7.886696712988967033e-07,0.000000000000000000e+00
1.000000000000000000e+00,6.016926574707031250e+01,2.480058479309082031e+01,1.860000038146972656e+01,2.000000000000000000e+00,-8.601948481256033174e-02,-9.139570261334534207e-01,-2.568585178105143446e-02,-9.742909296260888752e-01,3.908186670866362587e-03,4.197624993616145585e-03,8.377454267620755147e-08,0.000000000000000000e+00
1.000000000000000000e+00,6.016897583007812500e+01,2.479620552062988281e+01,1.860000038146972656e+01,2.000000000000000000e+00,-6.209017348313418394e-02,-9.378884099820794518e-01,-8.601948481256033174e-02,-9.139570261334534207e-01,4.388858524660442517e-03,3.908186670866362587e-03,2.310454310298373613e-07,0.000000000000000000e+00
1.000000000000000000e+00,6.016857910156250000e+01,2.479149627685546875e+01,1.860000038146972656e+01,2.000000000000000000e+00,-7.769739500142582023e-02,-9.222830204736556237e-01,-6.209017348313418394e-02,-9.378884099820794518e-01,4.725925352983013222e-03,4.388858524660442517e-03,1.136140467554373543e-07,0.000000000000000000e+00
1.000000000000000000e+00,6.016864013671875000e+01,2.478763580322265625e+01,1.860000038146972656e+01,2.000000000000000000e+00,1.556380545153538027e-02,-9.844106948096127407e-01,-7.769739500142582023e-02,-9.222830204736556237e-01,3.860956094018553383e-03,4.725925352983013222e-03,7.481718189535268387e-07,0.000000000000000000e+00
1.000000000000000000e+00,6.016856765747070312e+01,2.478290748596191406e+01,1.860000038146972656e+01,2.000000000000000000e+00,-1.509702363177092312e-02,-9.848821469252662109e-01,1.556380545153538027e-02,-9.844106948096127407e-01,4.728872736670964964e-03,3.860956094018553383e-03,7.532792985930339456e-07,0.000000000000000000e+00
1.000000000000000000e+00,6.016861343383789062e+01,2.478231048583984375e+01,1.861666679382324219e+01,2.000000000000000000e+00,7.120553940360746514e-02,-9.286389097220474342e-01,-1.509702363177092312e-02,-9.848821469252662109e-01,5.987525545205238213e-04,4.728872736670964964e-03,1.705789271900639694e-05,0.000000000000000000e+00
1.000000000000000000e+00,6.016806793212890625e+01,2.477489471435546875e+01,1.861666679382324219e+01,2.000000000000000000e+00,-6.851854519762759499e-02,-9.314688941551610979e-01,7.120553940360746514e-02,-9.286389097220474342e-01,7.435807879643896792e-03,5.987525545205238213e-04,4.674532551879786432e-05,0.000000000000000000e+00
1.000000000000000000e+00,6.016765594482421875e+01,2.477085494995117188e+01,1.861666679382324219e+01,2.000000000000000000e+00,-9.254290834891462647e-02,-9.074346290879684584e-01,-6.851854519762759499e-02,-9.314688941551610979e-01,4.060717914537742557e-03,7.435807879643896792e-03,1.139123227256026195e-05,0.000000000000000000e+00
1.000000000000000000e+00,6.016730117797851562e+01,2.476589965820312500e+01,1.861666679382324219e+01,2.000000000000000000e+00,-6.680908666657936479e-02,-9.331720815041569805e-01,-9.254290834891462647e-02,-9.074346290879684584e-01,4.967975022388055294e-03,4.060717914537742557e-03,8.231154597449139866e-07,0.000000000000000000e+00
1.000000000000000000e+00,6.016720962524414062e+01,2.476540946960449219e+01,1.861666679382324219e+01,2.000000000000000000e+00,-1.573500010762740320e-01,-8.424781307625505145e-01,-6.680908666657936479e-02,-9.331720815041569805e-01,4.986649831310996503e-04,4.967975022388055294e-03,1.997473222700301169e-05,0.000000000000000000e+00
1.000000000000000000e+00,6.016672897338867188e+01,2.476148986816406250e+01,1.861666679382324219e+01,2.000000000000000000e+00,-1.092302874673187763e-01,-8.907469870846829174e-01,-1.573500010762740320e-01,-8.424781307625505145e-01,3.948962098828505581e-03,4.986649831310996503e-04,1.190455018658983801e-05,0.000000000000000000e+00
1.000000000000000000e+00,6.016619873046875000e+01,2.475387954711914062e+01,1.863333320617675781e+01,2.000000000000000000e+00,-6.513509490279671688e-02,-9.348526210869024800e-01,-1.092302874673187763e-01,-8.907469870846829174e-01,7.628770802751125985e-03,3.948962098828505581e-03,1.354099209746467556e-05,0.000000000000000000e+00
1.000000000000000000e+00,6.016596603393554688e+01,2.475012207031250000e+01,1.863333320617675781e+01,2.000000000000000000e+00,-5.831593812874905775e-02,-9.416590009314397269e-01,-6.513509490279671688e-02,-9.348526210869024800e-01,3.764675235529219271e-03,7.628770802751125985e-03,1.493123455262398827e-05,0.000000000000000000e+00
1.000000000000000000e+00,6.016587066650390625e+01,2.474898147583007812e+01,1.863333320617675781e+01,2.000000000000000000e+00,-7.715425138145859396e-02,-9.227648465222447749e-01,-5.831593812874905775e-02,-9.416590009314397269e-01,1.144574471298811591e-03,3.764675235529219271e-03,6.864928014720765208e-06,0.000000000000000000e+00
1.000000000000000000e+00,6.016529846191406250e+01,2.474513435363769531e+01,1.863333320617675781e+01,2.000000000000000000e+00,-1.294748432409748296e-01,-8.705025293901540451e-01,-7.715425138145859396e-02,-9.227648465222447749e-01,3.889443052130033603e-03,1.144574471298811591e-03,7.534303526034405942e-06,0.000000000000000000e+00
1.000000000000000000e+00,6.016390228271484375e+01,2.473855972290039062e+01,1.863333320617675781e+01,2.000000000000000000e+00,-1.751593243854543402e-01,-8.248281299954387524e-01,-1.294748432409748296e-01,-8.705025293901540451e-01,6.721241380001367373e-03,3.889443052130033603e-03,8.019081769734882664e-06,0.000000000000000000e+00
1.000000000000000000e+00,6.016316223144531250e+01,2.473501014709472656e+01,1.863333320617675781e+01,2.000000000000000000e+00,-1.725170987708012083e-01,-8.274595897228378405e-01,-1.751593243854543402e-01,-8.248281299954387524e-01,3.625901857702507058e-03,6.721241380001367373e-03,9.581126758305336238e-06,0.000000000000000000e+00
1.000000000000000000e+00,6.016280746459960938e+01,2.473450279235839844e+01,1.864999961853027344e+01,2.000000000000000000e+00,-4.114566987146779375e-01,-5.884273218177652476e-01,-1.725170987708012083e-01,-8.274595897228378405e-01,6.190867009431927316e-04,3.625901857702507058e-03,9.040937386917539975e-06,0.000000000000000000e+00
1.000000000000000000e+00,6.016221618652343750e+01,2.472855567932128906e+01,1.864999961853027344e+01,2.000000000000000000e+00,-9.043035555571021789e-02,-9.095543503958208875e-01,-4.114566987146779375e-01,-5.884273218177652476e-01,5.976433990225091773e-03,6.190867009431927316e-04,2.870116997797611018e-05,0.000000000000000000e+00
1.000000000000000000e+00,6.016223144531250000e+01,2.472826957702636719e+01,1.864999961853027344e+01,2.000000000000000000e+00,5.061611555570096760e-02,-9.490521666693931824e-01,-9.043035555571021789e-02,-9.095543503958208875e-01,2.865089070224822836e-04,5.976433990225091773e-03,3.237524745245823067e-05,0.000000000000000000e+00
1.000000000000000000e+00,6.016184234619140625e+01,2.472589492797851562e+01,1.864999961853027344e+01,2.000000000000000000e+00,-1.407816556154134480e-01,-8.591821629470085542e-01,5.061611555570096760e-02,-9.490521666693931824e-01,2.406315903304938244e-03,2.865089070224822836e-04,4.493581701488048589e-06,0.000000000000000000e+00
1.000000000000000000e+00,6.016165542602539062e+01,2.472376251220703125e+01,1.864999961853027344e+01,2.000000000000000000e+00,-8.058863062072608996e-02,-9.193682554486914960e-01,-1.407816556154134480e-01,-8.591821629470085542e-01,2.140592481286106644e-03,2.406315903304938244e-03,7.060893700939807236e-08,0.000000000000000000e+00
1.000000000000000000e+00,6.016145324707031250e+01,2.472179031372070312e+01,1.864999961853027344e+01,2.000000000000000000e+00,-9.297818005753807902e-02,-9.069758318820223542e-01,-8.058863062072608996e-02,-9.193682554486914960e-01,1.982534539258126206e-03,2.140592481286106644e-03,2.498231303812042545e-08,0.000000000000000000e+00
1.000000000000000000e+00,6.016132354736328125e+01,2.471747398376464844e+01,1.866666603088378906e+01,2.000000000000000000e+00,-2.917137305015728155e-02,-9.708061354780284091e-01,-9.297818005753807902e-02,-9.069758318820223542e-01,4.318278164215345362e-03,1.982534539258126206e-03,5.455698281528290354e-06,0.000000000000000000e+00
1.000000000000000000e+00,6.016128921508789062e+01,2.471428871154785156e+01,1.866666603088378906e+01,2.000000000000000000e+00,-1.066317591379303993e-02,-9.893057653352431702e-01,-2.917137305015728155e-02,-9.708061354780284091e-01,3.185457235662028999e-03,4.318278164215345362e-03,1.283283256168397872e-06,0.000000000000000000e+00
1.000000000000000000e+00,6.016127777099609375e+01,2.471145057678222656e+01,1.866666603088378906e+01,2.000000000000000000e+00,-4.015923326612512445e-03,-9.959489849999031419e-01,-1.066317591379303993e-02,-9.893057653352431702e-01,2.838157838296934479e-03,3.185457235662028999e-03,1.206168714101578203e-07,0.000000000000000000e+00
1.000000000000000000e+00,6.016094589233398438e+01,2.470896148681640625e+01,1.866666603088378906e+01,2.000000000000000000e+00,-1.176428885223301246e-01,-8.823216639174759068e-01,-4.015923326612512445e-03,-9.959489849999031419e-01,2.511117740033484355e-03,2.838157838296934479e-03,1.069552258721671175e-07,0.000000000000000000e+00
1.000000000000000000e+00,6.016099166870117188e+01,2.470675468444824219e+01,1.866666603088378906e+01,2.000000000000000000e+00,2.032085910393074957e-02,-9.796347493019947894e-01,-1.176428885223301246e-01,-8.823216639174759068e-01,2.207277093599124655e-03,2.511117740033484355e-03,9.231913842564958582e-08,0.000000000000000000e+00
1.000000000000000000e+00,6.016088867187500000e+01,2.470497322082519531e+01,1.866666603088378906e+01,2.000000000000000000e+00,-5.465297025339390519e-02,-9.452939669753686047e-01,2.032085910393074957e-02,-9.796347493019947894e-01,1.784438563369660554e-03,2.207277093599124655e-03,1.787924226466134369e-07,0.000000000000000000e+00
1.000000000000000000e+00,6.016159820556640625e+01,2.470451545715332031e+01,1.868333244323730469e+01,2.000000000000000000e+00,6.077910690254906267e-01,-3.921232703390262198e-01,-5.465297025339390519e-02,-9.452939669753686047e-01,8.443847692427085922e-04,1.784438563369660554e-03,8.837011358524777741e-07,0.000000000000000000e+00
1.000000000000000000e+00,6.016175079345703125e+01,2.470439529418945312e+01,1.868333244323730469e+01,2.000000000000000000e+00,5.592355241437186875e-01,-4.403979752631784761e-01,6.077910690254906267e-01,-3.921232703390262198e-01,1.942220436787080282e-04,8.443847692427085922e-04,4.227115697128098616e-07,0.000000000000000000e+00
1.000000000000000000e+00,6.016194152832031250e+01,2.470621871948242188e+01,1.868333244323730469e+01,2.000000000000000000e+00,9.469226836931830815e-02,9.052580856106829943e-01,5.592355241437186875e-01,-4.403979752631784761e-01,1.833373826340140749e-03,1.942220436787080282e-04,2.686818566602152817e-06,0.000000000000000000e+00
1.000000000000000000e+00,6.016173553466796875e+01,2.470945930480957031e+01,1.868333244323730469e+01,2.000000000000000000e+00,-5.976583649635390516e-02,9.402051500676414930e-01,9.469226836931830815e-02,9.052580856106829943e-01,3.247125905679615517e-03,1.833373826340140749e-03,1.998694941836688758e-06,0.000000000000000000e+00
1.000000000000000000e+00,6.016182327270507812e+01,2.471497344970703125e+01,1.868333244323730469e+01,2.000000000000000000e+00,1.566196079747692732e-02,9.843201883805609009e-01,-5.976583649635390516e-02,9.402051500676414930e-01,5.514842872952075044e-03,3.247125905679615517e-03,5.142540243655400926e-06,0.000000000000000000e+00
1.000000000000000000e+00,6.016170883178710938e+01,2.471837425231933594e+01,1.868333244323730469e+01,2.000000000000000000e+00,-3.255468974318089653e-02,9.674168635348590062e-01,1.566196079747692732e-02,9.843201883805609009e-01,3.402727601728342422e-03,5.514842872952075044e-03,4.461030918936501509e-06,0.000000000000000000e+00
1.000000000000000000e+00,6.016233062744140625e+01,2.472035217285156250e+01,1.870000076293945312e+01,2.000000000000000000e+00,2.391690833836838670e-01,7.607924523585281040e-01,-3.255468974318089653e-02,9.674168635348590062e-01,2.073354641036088269e-03,3.402727601728342422e-03,1.767232468619689551e-06,0.000000000000000000e+00
1.000000000000000000e+00,6.016267395019531250e+01,2.472166633605957031e+01,1.870000076293945312e+01,2.000000000000000000e+00,2.071221413517554677e-01,7.928175299519972796e-01,2.391690833836838670e-01,7.607924523585281040e-01,1.358269285020888891e-03,2.073354641036088269e-03,5.113470663873844112e-07,0.000000000000000000e+00
1.000000000000000000e+00,6.016265869140625000e+01,2.472170448303222656e+01,1.870000076293945312e+01,2.000000000000000000e+00,-2.851802978286143708e-01,7.129507445715359548e-01,2.071221413517554677e-01,7.928175299519972796e-01,4.108554692943194381e-05,1.358269285020888891e-03,1.734972999892583524e-06,0.000000000000000000e+00
1.000000000000000000e+00,6.016283416748046875e+01,2.472184753417968750e+01,1.870000076293945312e+01,2.000000000000000000e+00,5.507253061860301058e-01,4.489608474342636768e-01,-2.851802978286143708e-01,7.129507445715359548e-01,2.263967389630759436e-04,4.108554692943194381e-05,3.434023789293008385e-08,0.000000000000000000e+00
1.000000000000000000e+00,6.016355895996093750e+01,2.472125053405761719e+01,1.870000076293945312e+01,2.000000000000000000e+00,5.482990668656321231e-01,-4.516252840235338573e-01,5.507253061860301058e-01,4.489608474342636768e-01,9.390065417748756551e-04,2.263967389630759436e-04,5.078127310634720427e-07,0.000000000000000000e+00
1.000000000000000000e+00,6.016424942016601562e+01,2.472004318237304688e+01,1.870000076293945312e+01,2.000000000000000000e+00,3.637999260366209242e-01,-6.361473844784006904e-01,5.482990668656321231e-01,-4.516252840235338573e-01,1.390839093867905904e-03,9.390065417748756551e-04,2.041526551309009027e-07,0.000000000000000000e+00
1.000000000000000000e+00,6.016433334350585938e+01,2.471979141235351562e+01,1.871666717529296875e+01,2.000000000000000000e+00,2.499255494508690334e-01,-7.497766483526071557e-01,3.637999260366209242e-01,-6.361473844784006904e-01,2.653889027546094842e-04,1.390839093867905904e-03,1.266638132676955632e-06,0.000000000000000000e+00
1.000000000000000000e+00,6.016484832763671875e+01,2.471905136108398438e+01,1.871666717529296875e+01,2.000000000000000000e+00,4.103016540678407487e-01,-5.896186732530451780e-01,2.499255494508690334e-01,-7.497766483526071557e-01,9.016010961460732293e-04,2.653889027546094842e-04,4.047659550199773598e-07,0.000000000000000000e+00
1.000000000000000000e+00,6.016525650024414062e+01,2.471831512451171875e+01,1.871666717529296875e+01,2.000000000000000000e+00,3.566355033808672470e-01,-6.432771229206296626e-01,4.103016540678407487e-01,-5.896186732530451780e-01,8.418130242464824924e-04,9.016010961460732293e-04,3.574613541470631565e-09,0.000000000000000000e+00
1.000000000000000000e+00,6.016568374633789062e+01,2.471672058105468750e+01,1.871666717529296875e+01,2.000000000000000000e+00,2.113103030701720952e-01,-7.886402382440350634e-01,3.566355033808672470e-01,-6.432771229206296626e-01,1.650790132326275875e-03,8.418130242464824924e-04,6.544439613971457418e-07,0.000000000000000000e+00
1.000000000000000000e+00,6.016631317138671875e+01,2.471396255493164062e+01,1.871666717529296875e+01,2.000000000000000000e+00,1.858053257036823003e-01,-8.141651544470442925e-01,2.113103030701720952e-01,-7.886402382440350634e-01,2.828936900586731702e-03,1.650790132326275875e-03,1.388029807562556201e-06,0.000000000000000000e+00
1.000000000000000000e+00,6.016666030883789062e+01,2.471286392211914062e+01,1.871666717529296875e+01,2.000000000000000000e+00,2.400889345979759226e-01,-7.598419029034841898e-01,1.858053257036823003e-01,-8.141651544470442925e-01,1.152171196787945325e-03,2.828936900586731702e-03,2.811543225435839202e-06,0.000000000000000000e+00
1.000000000000000000e+00,6.016713714599609375e+01,2.471174049377441406e+01,1.873333358764648438e+01,2.000000000000000000e+00,2.979551591997012250e-01,-7.019823550744961338e-01,2.400889345979759226e-01,-7.598419029034841898e-01,1.220436365067141104e-03,1.152171196787945325e-03,4.660133200186917488e-09,0.000000000000000000e+00
1.000000000000000000e+00,6.016722106933593750e+01,2.471148872375488281e+01,1.873333358764648438e+01,2.000000000000000000e+00,2.499255494508690334e-01,-7.497766483526071557e-01,2.979551591997012250e-01,-7.019823550744961338e-01,2.653889027546094842e-04,1.220436365067141104e-03,9.121156552696066222e-07,0.000000000000000000e+00
1.000000000000000000e+00,6.016772460937500000e+01,2.471023559570312500e+01,1.873333358764648438e+01,2.000000000000000000e+00,2.866286345327315743e-01,-7.133144427575933699e-01,2.499255494508690334e-01,-7.497766483526071557e-01,1.350511934431308575e-03,2.653889027546094842e-04,1.177491993875230695e-06,0.000000000000000000e+00
1.000000000000000000e+00,6.016879653930664062e+01,2.470895767211914062e+01,1.873333358764648438e+01,2.000000000000000000e+00,4.561494193452297896e-01,-5.438080266215372660e-01,2.866286345327315743e-01,-7.133144427575933699e-01,1.667969563526428695e-03,1.350511934431308575e-03,1.007793462706948586e-07,0.000000000000000000e+00
1.000000000000000000e+00,6.016889572143554688e+01,2.470899391174316406e+01,1.873333358764648438e+01,2.000000000000000000e+00,7.318539405087866045e-01,2.674081705705181888e-01,4.561494193452297896e-01,-5.438080266215372660e-01,1.055954783299744329e-04,1.667969563526428695e-03,2.441012782093457379e-06,0.000000000000000000e+00
1.000000000000000000e+00,6.016941833496093750e+01,2.470885276794433594e+01,1.873333358764648438e+01,2.000000000000000000e+00,7.872377185951130452e-01,-2.126116466278772377e-01,7.318539405087866045e-01,2.674081705705181888e-01,5.413376662203099555e-04,1.055954783299744329e-04,1.898712543074564839e-07,0.000000000000000000e+00
1.000000000000000000e+00,6.017044067382812500e+01,2.470730400085449219e+01,1.875000000000000000e+01,2.000000000000000000e+00,3.976106481831220840e-01,-6.023504595609984191e-01,7.872377185951130452e-01,-2.126116466278772377e-01,1.855762985390456464e-03,5.413376662203099555e-04,1.727713919675541789e-06,0.000000000000000000e+00
1.000000000000000000e+00,6.017079544067382812e+01,2.470664978027343750e+01,1.875000000000000000e+01,2.000000000000000000e+00,3.515719612551185813e-01,-6.483289393037939830e-01,3.976106481831220840e-01,-6.023504595609984191e-01,7.442204535523582951e-04,1.855762985390456464e-03,1.235526800085049399e-06,0.000000000000000000e+00
1.000000000000000000e+00,6.017029953002929688e+01,2.470630073547363281e+01,1.875000000000000000e+01,2.000000000000000000e+00,-5.868379972641287745e-01,-4.130436673051368079e-01,3.515719612551185813e-01,-6.483289393037939830e-01,6.064318919962027529e-04,7.442204535523582951e-04,1.898568769571446339e-08,0.000000000000000000e+00
1.000000000000000000e+00,6.017059326171875000e+01,2.470554542541503906e+01,1.875000000000000000e+01,2.000000000000000000e+00,2.799733115186273658e-01,-7.199313724764703215e-01,-5.868379972641287745e-01,-4.130436673051368079e-01,8.104144556965165152e-04,6.064318919962027529e-04,4.160888629375256362e-08,0.000000000000000000e+00
1.000000000000000000e+00,6.017105102539062500e+01,2.470517539978027344e+01,1.875000000000000000e+01,2.000000000000000000e+00,5.529285958922389721e-01,-4.469506150128931266e-01,2.799733115186273658e-01,-7.199313724764703215e-01,5.886140923153185831e-04,8.104144556965165152e-04,4.919540119603144580e-08,0.000000000000000000e+00
1.000000000000000000e+00,6.017095565795898438e+01,2.470513534545898438e+01,1.875000000000000000e+01,2.000000000000000000e+00,-7.037057120276795086e-01,-2.955563990516253958e-01,5.529285958922389721e-01,-4.469506150128931266e-01,1.034373997723102458e-04,5.886140923153185831e-04,2.353964229869728167e-07,0.000000000000000000e+00
1.000000000000000000e+00,6.017100524902343750e+01,2.470516014099121094e+01,1.876666641235351562e+01,2.000000000000000000e+00,6.657716510579746449e-01,3.328858255289873225e-01,-7.037057120276795086e-01,-2.955563990516253958e-01,5.544449559688046926e-05,1.034373997723102458e-04,2.303318851191984953e-09,0.000000000000000000e+00
1.000000000000000000e+00,6.017098999023437500e+01,2.470514297485351562e+01,1.876666641235351562e+01,2.000000000000000000e+00,-4.691413811972637848e-01,-5.277840538469217302e-01,6.657716510579746449e-01,3.328858255289873225e-01,2.296751895674189716e-05,5.544449559688046926e-05,1.054754011684106411e-09,0.000000000000000000e+00
1.000000000000000000e+00,6.017094421386718750e+01,2.470521354675292969e+01,1.876666641235351562e+01,2.000000000000000000e+00,-3.931047539258585299e-01,6.060364956356986132e-01,-4.691413811972637848e-01,-5.277840538469217302e-01,8.411818340759256313e-05,2.296751895674189716e-05,3.739403762780531988e-09,0.000000000000000000e+00
1.000000000000000000e+00,6.017090988159179688e+01,2.470532417297363281e+01,1.876666641235351562e+01,2.000000000000000000e+00,-2.366788317482373394e-01,7.626317911887647849e-01,-3.931047539258585299e-01,6.060364956356986132e-01,1.158311954550855706e-04,8.411818340759256313e-05,1.005715133124436676e-09,0.000000000000000000e+00
1.000000000000000000e+00,6.017089080810546875e+01,2.470536041259765625e+01,1.876666641235351562e+01,2.000000000000000000e+00,-3.442053010039559657e-01,6.539900719075163460e-01,-2.366788317482373394e-01,7.626317911887647849e-01,4.095251188961770630e-05,1.158311954550855706e-04,5.606817252497466546e-09,0.000000000000000000e+00
1.000000000000000000e+00,6.017076110839843750e+01,2.470531845092773438e+01,1.876666641235351562e+01,2.000000000000000000e+00,-7.551156687958203717e-01,-2.443021281398242428e-01,-3.442053010039559657e-01,6.539900719075163460e-01,1.363187285248232774e-04,4.095251188961770630e-05,9.094715275312958351e-09,0.000000000000000000e+00
1.000000000000000000e+00,6.017079925537109375e+01,2.470516014099121094e+01,1.878333282470703125e+01,2.000000000000000000e+00,1.940759692216007248e-01,-8.054152722696430455e-01,-7.551156687958203717e-01,-2.443021281398242428e-01,1.628411112860984411e-04,1.363187285248232774e-04,7.034367873355859752e-10,0.000000000000000000e+00
1.000000000000000000e+00,6.017089080810546875e+01,2.470505905151367188e+01,1.878333282470703125e+01,2.000000000000000000e+00,4.750009531685793762e-01,-5.244802191236397348e-01,1.940759692216007248e-01,-8.054152722696430455e-01,1.363854304559689002e-04,1.628411112860984411e-04,6.999030481856836264e-10,0.000000000000000000e+00
1.000000000000000000e+00,6.017089843750000000e+01,2.470515632629394531e+01,1.878333282470703125e+01,2.000000000000000000e+00,7.265801141184165257e-02,9.263896455009810182e-01,4.750009531685793762e-01,-5.244802191236397348e-01,9.757351350729875797e-05,1.363854304559689002e-04,1.506364897230468685e-09,0.000000000000000000e+00
1.000000000000000000e+00,6.017110061645507812e+01,2.470513343811035156e+01,1.879999923706054688e+01,2.000000000000000000e+00,8.979061343971264098e-01,-1.016497510638256357e-01,7.265801141184165257e-02,9.263896455009810182e-01,2.034703880782255084e-04,9.757351350729875797e-05,1.121414804389059329e-08,0.000000000000000000e+00
1.000000000000000000e+00,6.017101669311523438e+01,2.470521354675292969e+01,1.879999923706054688e+01,2.000000000000000000e+00,-5.113161896018442176e-01,4.880745446199422077e-01,8.979061343971264098e-01,-1.016497510638256357e-01,1.160194879588741278e-04,2.034703880782255084e-04,7.647659931684772040e-09,0.000000000000000000e+00
1.000000000000000000e+00,6.017096710205078125e+01,2.470530128479003906e+01,1.879999923706054688e+01,2.000000000000000000e+00,-3.608483493619579208e-01,6.384240027173101462e-01,-5.113161896018442176e-01,4.880745446199422077e-01,1.007831177797157768e-04,1.160194879588741278e-04,2.321469762363458769e-10,0.000000000000000000e+00
1.000000000000000000e+00,6.017102432250976562e+01,2.470535278320312500e+01,1.879999923706054688e+01,2.000000000000000000e+00,5.258321272380256373e-01,4.732489145142230735e-01,-3.608483493619579208e-01,6.384240027173101462e-01,7.698225429767824085e-05,1.007831177797157768e-04,5.664811024905879171e-10,0.000000000000000000e+00
1.000000000000000000e+00,6.017094421386718750e+01,2.470531272888183594e+01,1.879999923706054688e+01,2.000000000000000000e+00,-6.661123258744316988e-01,-3.330561629372158494e-01,5.258321272380256373e-01,4.732489145142230735e-01,8.956418519496075125e-05,7.698225429767824085e-05,1.583049851039922814e-10,0.000000000000000000e+00
1.000000000000000000e+00,6.017108917236328125e+01,2.470510864257812500e+01,1.883333396911621094e+01,2.000000000000000000e+00,4.151815985082411564e-01,-5.845319873734448057e-01,-6.661123258744316988e-01,-3.330561629372158494e-01,2.503281545335137720e-04,8.956418519496075125e-05,2.584505383748721466e-08,0.000000000000000000e+00
1.000000000000000000e+00,6.017110443115234375e+01,2.470513343811035156e+01,1.883333396911621094e+01,2.000000000000000000e+00,3.800036601952549997e-01,6.175059478172892913e-01,4.151815985082411564e-01,-5.845319873734448057e-01,2.911441330427884521e-05,2.503281545335137720e-04,4.893551930863490819e-08,0.000000000000000000e+00
1.000000000000000000e+00,6.017113113403320312e+01,2.470521163940429688e+01,1.885000038146972656e+01,2.000000000000000000e+00,2.543030399414457632e-01,7.447446169713769493e-01,3.800036601952549997e-01,6.175059478172892913e-01,8.263465508436000282e-05,2.911441330427884521e-05,2.864416280198344979e-09,0.000000000000000000e+00
1.000000000000000000e+00,6.017109680175781250e+01,2.470512962341308594e+01,1.885000038146972656e+01,2.000000000000000000e+00,-2.948285654443938975e-01,-7.043126841171631902e-01,2.543030399414457632e-01,7.447446169713769493e-01,8.891191116948444367e-05,8.263465508436000282e-05,3.940394395823182163e-11,0.000000000000000000e+00
1.000000000000000000e+00,6.017095184326171875e+01,2.470528984069824219e+01,2.108333396911621094e+01,2.000000000000000000e+00,0.000000000000000000e+00,0.000000000000000000e+00,-2.948285654443938975e-01,-7.043126841171631902e-01,0.000000000000000000e+00,8.891191116948444367e-05,7.905327947810292244e-09,0.000000000000000000e+00
1.000000000000000000e+00,6.017095184326171875e+01,2.470528984069824219e+01,2.108333396911621094e+01,2.000000000000000000e+00,0.000000000000000000e+00,0.000000000000000000e+00,0.000000000000000000e+00,0.000000000000000000e+00,0.000000000000000000e+00,0.000000000000000000e+00,0.000000000000000000e+00,0.000000000000000000e+00
1.000000000000000000e+00,6.017095184326171875e+01,2.470528984069824219e+01,2.108333396911621094e+01,2.000000000000000000e+00,0.000000000000000000e+00,0.000000000000000000e+00,0.000000000000000000e+00,0.000000000000000000e+00,0.000000000000000000e+00,0.000000000000000000e+00,0.000000000000000000e+00,0.000000000000000000e+00
1.000000000000000000e+00,6.017095184326171875e+01,2.470528984069824219e+01,2.108333396911621094e+01,2.000000000000000000e+00,0.000000000000000000e+00,0.000000000000000000e+00,0.000000000000000000e+00,0.000000000000000000e+00,0.000000000000000000e+00,0.000000000000000000e+00,0.000000000000000000e+00,0.000000000000000000e+00
1.000000000000000000e+00,6.017095184326171875e+01,2.470528984069824219e+01,2.110000038146972656e+01,2.000000000000000000e+00,0.000000000000000000e+00,0.000000000000000000e+00,0.000000000000000000e+00,0.000000000000000000e+00,0.000000000000000000e+00,0.000000000000000000e+00,0.000000000000000000e+00,0.000000000000000000e+00
1.000000000000000000e+00,6.017125320434570312e+01,2.470513534545898438e+01,2.110000038146972656e+01,2.000000000000000000e+00,6.609428768121347053e-01,-3.388378039353348581e-01,0.000000000000000000e+00,0.000000000000000000e+00,3.386551075852337338e-04,0.000000000000000000e+00,1.146872818935662376e-07,0.000000000000000000e+00
1.000000000000000000e+00,6.017125320434570312e+01,2.470513534545898438e+01,2.110000038146972656e+01,2.000000000000000000e+00,0.000000000000000000e+00,0.000000000000000000e+00,6.609428768121347053e-01,-3.388378039353348581e-01,0.000000000000000000e+00,3.386551075852337338e-04,1.146872818935662376e-07,0.000000000000000000e+00
1.000000000000000000e+00,6.017095184326171875e+01,2.470528984069824219e+01,2.110000038146972656e+01,2.000000000000000000e+00,-6.609428768121347053e-01,3.388378039353348581e-01,0.000000000000000000e+00,0.000000000000000000e+00,3.386551075852337338e-04,0.000000000000000000e+00,1.146872818935662376e-07,0.000000000000000000e+00
1.000000000000000000e+00,6.017089462280273438e+01,2.470514297485351562e+01,2.110000038146972656e+01,2.000000000000000000e+00,-2.802365190242185333e-01,-7.192737321621608393e-01,-6.609428768121347053e-01,3.388378039353348581e-01,1.576190257349324784e-04,3.386551075852337338e-04,3.277406293170897755e-08,0.000000000000000000e+00
1.000000000000000000e+00,6.017083740234375000e+01,2.470516586303710938e+01,2.110000038146972656e+01,2.000000000000000000e+00,-7.133951796857925798e-01,2.853580718743170541e-01,-2.802365190242185333e-01,-7.192737321621608393e-01,6.162832039414791233e-05,1.576190257349324784e-04,9.214215511821327330e-09,0.000000000000000000e+00
1.000000000000000000e+00,6.017086029052734375e+01,2.470509529113769531e+01,2.111666679382324219e+01,2.000000000000000000e+00,2.446362044360176347e-01,-7.542949636777210864e-01,-7.133951796857925798e-01,2.853580718743170541e-01,7.419071326742829472e-05,6.162832039414791233e-05,1.578137147026457351e-10,0.000000000000000000e+00
1.000000000000000000e+00,6.017084884643554688e+01,2.470508193969726562e+01,2.111666679382324219e+01,2.000000000000000000e+00,-4.596845607769183828e-01,-5.362986542397381040e-01,2.446362044360176347e-01,-7.542949636777210864e-01,1.758488551577165046e-05,7.419071326742829472e-05,3.204219735450221672e-09,0.000000000000000000e+00
1.000000000000000000e+00,6.017076492309570312e+01,2.470510673522949219e+01,2.111666679382324219e+01,2.000000000000000000e+00,-7.712204532824376013e-01,2.278605884698111095e-01,-4.596845607769183828e-01,-5.362986542397381040e-01,8.750968740047043964e-05,1.758488551577165046e-05,4.889477918614376307e-09,0.000000000000000000e+00
1.000000000000000000e+00,6.017072677612304688e+01,2.470495414733886719e+01,2.111666679382324219e+01,2.000000000000000000e+00,-1.998951973467734400e-01,-7.995807893870937599e-01,-7.712204532824376013e-01,2.278605884698111095e-01,1.572839975592674547e-04,8.750968740047043964e-05,4.868454358136003972e-09,0.000000000000000000e+00
1.000000000000000000e+00,6.017073440551757812e+01,2.470500373840332031e+01,2.111666679382324219e+01,2.000000000000000000e+00,1.331007229605348785e-01,8.651546992434767658e-01,-1.998951973467734400e-01,-7.995807893870937599e-01,5.017450881182062281e-05,1.572839975592674547e-04,1.147244257973943899e-08,0.000000000000000000e+00
1.000000000000000000e+00,6.017070388793945312e+01,2.470500755310058594e+01,2.111666679382324219e+01,2.000000000000000000e+00,-8.863073316760566867e-01,1.107884164595070858e-01,1.331007229605348785e-01,8.651546992434767658e-01,3.075507258719844487e-05,5.017450881182062281e-05,3.771145032821680820e-10,0.000000000000000000e+00
1.000000000000000000e+00,6.017071533203125000e+01,2.470498657226562500e+01,2.113333320617675781e+01,2.000000000000000000e+00,3.518560358979478386e-01,-6.450693991462377319e-01,-8.863073316760566867e-01,1.107884164595070858e-01,2.389900986889203582e-05,3.075507258719844487e-05,4.700559599735106887e-11,0.000000000000000000e+00
1.000000000000000000e+00,6.017057418823242188e+01,2.470542526245117188e+01,2.148333358764648438e+01,2.000000000000000000e+00,0.000000000000000000e+00,0.000000000000000000e+00,3.518560358979478386e-01,-6.450693991462377319e-01,0.000000000000000000e+00,2.389900986889203582e-05,5.711626727133989334e-10,0.000000000000000000e+00
1.000000000000000000e+00,6.017060852050781250e+01,2.470554161071777344e+01,2.148333358764648438e+01,2.000000000000000000e+00,2.276969888621562521e-01,7.716397955884184423e-01,0.000000000000000000e+00,0.000000000000000000e+00,1.213079728405597332e-04,0.000000000000000000e+00,1.471562427468597724e-08,0.000000000000000000e+00
1.000000000000000000e+00,6.017095565795898438e+01,2.470528793334960938e+01,2.148333358764648438e+01,2.000000000000000000e+00,5.776816280808180215e-01,-4.221519589821362550e-01,2.276969888621562521e-01,7.716397955884184423e-01,4.299495518369000685e-04,1.213079728405597332e-04,9.525962428535420976e-08,0.000000000000000000e+00
1.000000000000000000e+00,6.017082977294921875e+01,2.470547676086425781e+01,2.148333358764648438e+01,2.000000000000000000e+00,-3.998729402520612708e-01,5.998094103780918784e-01,5.776816280808180215e-01,-4.221519589821362550e-01,2.269424287611229837e-04,4.299495518369000685e-04,4.121189201950370523e-08,0.000000000000000000e+00
1.000000000000000000e+00,6.017084884643554688e+01,2.470541191101074219e+01,2.148333358764648438e+01,2.000000000000000000e+00,2.270022396585769930e-01,-7.718076148391618263e-01,-3.998729402520612708e-01,5.998094103780918784e-01,6.759660776775111915e-05,2.269424287611229837e-04,2.539109066805171021e-08,0.000000000000000000e+00
1.000000000000000000e+00,6.017084503173828125e+01,2.470536041259765625e+01,2.148333358764648438e+01,2.000000000000000000e+00,-6.884106020079119870e-02,-9.293543127106811408e-01,2.270022396585769930e-01,-7.718076148391618263e-01,5.163950489303926068e-05,6.759660776775111915e-05,2.546291321541374754e-10,0.000000000000000000e+00
1.000000000000000000e+00,6.017081832885742188e+01,2.470536041259765625e+01,2.150000000000000000e+01,2.000000000000000000e+00,-9.962690577731303510e-01,0.000000000000000000e+00,-6.884106020079119870e-02,-9.293543127106811408e-01,2.670288085937500000e-05,5.163950489303926068e-05,6.218352181963220260e-10,0.000000000000000000e+00
1.000000000000000000e+00,6.017084121704101562e+01,2.470541954040527344e+01,2.150000000000000000e+01,2.000000000000000000e+00,2.787299191817024790e-01,7.200522912193980662e-01,-9.962690577731303510e-01,0.000000000000000000e+00,6.340320640027870692e-05,2.670288085937500000e-05,1.346913894808308891e-09,0.000000000000000000e+00
1.000000000000000000e+00,6.017087554931640625e+01,2.470544624328613281e+01,2.150000000000000000e+01,2.000000000000000000e+00,5.615799074795854162e-01,4.367843724841219966e-01,2.787299191817024790e-01,7.200522912193980662e-01,4.349424076458503410e-05,6.340320640027870692e-05,3.963669126832315644e-10,0.000000000000000000e+00
1.000000000000000000e+00,6.017087936401367188e+01,2.470533180236816406e+01,2.150000000000000000e+01,2.000000000000000000e+00,3.223080931201197097e-02,-9.669242793603591846e-01,5.615799074795854162e-01,4.367843724841219966e-01,1.145044786056795836e-04,4.349424076458503410e-05,5.042453878248815641e-09,0.000000000000000000e+00
1.000000000000000000e+00,6.017086410522460938e+01,2.470537185668945312e+01,2.150000000000000000e+01,2.000000000000000000e+00,-2.753642408031647948e-01,7.228311321083075169e-01,3.223080931201197097e-02,-9.669242793603591846e-01,4.286232958649488658e-05,1.145044786056795836e-04,5.132597516087067559e-09,0.000000000000000000e+00
1.000000000000000000e+00,6.017090225219726562e+01,2.470553398132324219e+01,2.150000000000000000e+01,2.000000000000000000e+00,1.903811290082233765e-01,8.091197982849492876e-01,-2.753642408031647948e-01,7.228311321083075169e-01,1.665520591409013916e-04,4.286232958649488658e-05,1.529914919724222430e-08,0.000000000000000000e+00
1.000000000000000000e+00,6.017081832885742188e+01,2.470533943176269531e+01,2.204999923706054688e+01,2.000000000000000000e+00,0.000000000000000000e+00,0.000000000000000000e+00,1.903811290082233765e-01,8.091197982849492876e-01,0.000000000000000000e+00,1.665520591409013916e-04,2.773958840407431457e-08,0.000000000000000000e+00
1.000000000000000000e+00,6.017084121704101562e+01,2.470527076721191406e+01,2.204999923706054688e+01,2.000000000000000000e+00,2.497272312695253405e-01,-7.491816938085760214e-01,0.000000000000000000e+00,0.000000000000000000e+00,7.237879166034803867e-05,0.000000000000000000e+00,5.238689482212066650e-09,0.000000000000000000e+00
1.000000000000000000e+00,6.017085266113281250e+01,2.470523834228515625e+01,2.206666755676269531e+01,2.000000000000000000e+00,2.602762620830652018e-01,-7.374494092353512942e-01,2.497272312695253405e-01,-7.491816938085760214e-01,3.438521647895802702e-05,7.237879166034803867e-05,1.443511755063935036e-09,0.000000000000000000e+00
1.000000000000000000e+00,6.017086029052734375e+01,2.470524787902832031e+01,2.206666755676269531e+01,2.000000000000000000e+00,4.418703630124105608e-01,5.523379537655132010e-01,2.602762620830652018e-01,-7.374494092353512942e-01,1.221299025999612528e-05,3.438521647895802702e-05,4.916076155048215510e-10,0.000000000000000000e+00
1.000000000000000000e+00,6.017087554931640625e+01,2.470523643493652344e+01,2.278333282470703125e+01,2.000000000000000000e+00,0.000000000000000000e+00,0.000000000000000000e+00,4.418703630124105608e-01,5.523379537655132010e-01,0.000000000000000000e+00,1.221299025999612528e-05,1.491571310907602310e-10,0.000000000000000000e+00
1.000000000000000000e+00,6.017095565795898438e+01,2.470528221130371094e+01,6.666666865348815918e-01,3.000000000000000000e+00,0.000000000000000000e+00,0.000000000000000000e+00,0.000000000000000000e+00,0.000000000000000000e+00,0.000000000000000000e+00,0.000000000000000000e+00,0.000000000000000000e+00,0.000000000000000000e+00
1.000000000000000000e+00,6.017095565795898438e+01,2.470528221130371094e+01,6.666666865348815918e-01,3.000000000000000000e+00,0.000000000000000000e+00,0.000000000000000000e+00,0.000000000000000000e+00,0.000000000000000000e+00,0.000000000000000000e+00,0.000000000000000000e+00,0.000000000000000000e+00,0.000000000000000000e+00
1.000000000000000000e+00,6.017095565795898438e+01,2.470528221130371094e+01,6.666666865348815918e-01,3.000000000000000000e+00,0.000000000000000000e+00,0.000000000000000000e+00,0.000000000000000000e+00,0.000000000000000000e+00,0.000000000000000000e+00,0.000000000000000000e+00,0.000000000000000000e+00,0.000000000000000000e+00
1.000000000000000000e+00,6.017095565795898438e+01,2.470528221130371094e+01,6.666666865348815918e-01,3.000000000000000000e+00,0.000000000000000000e+00,0.000000000000000000e+00,0.000000000000000000e+00,0.000000000000000000e+00,0.000000000000000000e+00,0.000000000000000000e+00,0.000000000000000000e+00,0.000000000000000000e+00
1.000000000000000000e+00,6.017095565795898438e+01,2.470528221130371094e+01,6.666666865348815918e-01,3.000000000000000000e+00,0.000000000000000000e+00,0.000000000000000000e+00,0.000000000000000000e+00,0.000000000000000000e+00,0.000000000000000000e+00,0.000000000000000000e+00,0.000000000000000000e+00,0.000000000000000000e+00
1.000000000000000000e+00,6.017095565795898438e+01,2.470528221130371094e+01,6.833333373069763184e-01,3.000000000000000000e+00,0.000000000000000000e+00,0.000000000000000000e+00,0.000000000000000000e+00,0.000000000000000000e+00,0.000000000000000000e+00,0.000000000000000000e+00,0.000000000000000000e+00,0.000000000000000000e+00
1.000000000000000000e+00,6.017095565795898438e+01,2.470528221130371094e+01,6.833333373069763184e-01,3.000000000000000000e+00,0.000000000000000000e+00,0.000000000000000000e+00,0.000000000000000000e+00,0.000000000000000000e+00,0.000000000000000000e+00,0.000000000000000000e+00,0.000000000000000000e+00,0.000000000000000000e+00
1.000000000000000000e+00,6.017095565795898438e+01,2.470528221130371094e+01,6.833333373069763184e-01,3.000000000000000000e+00,0.000000000000000000e+00,0.000000000000000000e+00,0.000000000000000000e+00,0.000000000000000000e+00,0.000000000000000000e+00,0.000000000000000000e+00,0.000000000000000000e+00,0.000000000000000000e+00
1.000000000000000000e+00,6.017095565795898438e+01,2.470528221130371094e+01,6.833333373069763184e-01,3.000000000000000000e+00,0.000000000000000000e+00,0.000000000000000000e+00,0.000000000000000000e+00,0.000000000000000000e+00,0.000000000000000000e+00,0.000000000000000000e+00,0.000000000000000000e+00,0.000000000000000000e+00
1.000000000000000000e+00,6.017095565795898438e+01,2.470528221130371094e+01,6.833333373069763184e-01,3.000000000000000000e+00,0.000000000000000000e+00,0.000000000000000000e+00,0.000000000000000000e+00,0.000000000000000000e+00,0.000000000000000000e+00,0.000000000000000000e+00,0.000000000000000000e+00,0.000000000000000000e+00
1.000000000000000000e+00,6.017073440551757812e+01,2.470640182495117188e+01,8.899999618530273438e+00,3.000000000000000000e+00,0.000000000000000000e+00,0.000000000000000000e+00,0.000000000000000000e+00,0.000000000000000000e+00,0.000000000000000000e+00,0.000000000000000000e+00,0.000000000000000000e+00,0.000000000000000000e+00
1.000000000000000000e+00,6.017015838623046875e+01,2.470803260803222656e+01,8.899999618530273438e+00,3.000000000000000000e+00,-2.610080515653120936e-01,7.389466360541121492e-01,0.000000000000000000e+00,0.000000000000000000e+00,1.729523540335953886e-03,0.000000000000000000e+00,2.991251676576212049e-06,0.000000000000000000e+00
1.000000000000000000e+00,6.017015838623046875e+01,2.470803260803222656e+01,8.899999618530273438e+00,3.000000000000000000e+00,0.000000000000000000e+00,0.000000000000000000e+00,-2.610080515653120936e-01,7.389466360541121492e-01,0.000000000000000000e+00,1.729523540335953886e-03,2.991251676576212049e-06,0.000000000000000000e+00
1.000000000000000000e+00,6.017015838623046875e+01,2.470803260803222656e+01,8.899999618530273438e+00,3.000000000000000000e+00,0.000000000000000000e+00,0.000000000000000000e+00,0.000000000000000000e+00,0.000000000000000000e+00,0.000000000000000000e+00,0.000000000000000000e+00,0.000000000000000000e+00,0.000000000000000000e+00
1.000000000000000000e+00,6.017203521728515625e+01,2.470982933044433594e+01,8.916666984558105469e+00,3.000000000000000000e+00,5.108895195615560381e-01,4.890832595802700467e-01,0.000000000000000000e+00,0.000000000000000000e+00,2.598212122598061394e-03,0.000000000000000000e+00,6.750706234015523540e-06,0.000000000000000000e+00
1.000000000000000000e+00,6.017218399047851562e+01,2.471001625061035156e+01,8.916666984558105469e+00,3.000000000000000000e+00,4.430498376629041779e-01,5.566523601405719557e-01,5.108895195615560381e-01,4.890832595802700467e-01,2.388987474342525676e-04,2.598212122598061394e-03,5.566359602226843438e-06,0.000000000000000000e+00
1.000000000000000000e+00,6.017444992065429688e+01,2.471043205261230469e+01,8.916666984558105469e+00,3.000000000000000000e+00,8.449187069175667641e-01,1.550440051414390119e-01,4.430498376629041779e-01,5.566523601405719557e-01,2.303764498889648588e-03,2.388987474342525676e-04,4.263670571533457554e-06,0.000000000000000000e+00
1.000000000000000000e+00,6.017444992065429688e+01,2.471043205261230469e+01,8.916666984558105469e+00,3.000000000000000000e+00,0.000000000000000000e+00,0.000000000000000000e+00,8.449187069175667641e-01,1.550440051414390119e-01,0.000000000000000000e+00,2.303764498889648588e-03,5.307330866344273937e-06,0.000000000000000000e+00
1.000000000000000000e+00,6.017444992065429688e+01,2.471043205261230469e+01,8.916666984558105469e+00,3.000000000000000000e+00,0.000000000000000000e+00,0.000000000000000000e+00,0.000000000000000000e+00,0.000000000000000000e+00,0.000000000000000000e+00,0.000000000000000000e+00,0.000000000000000000e+00,0.000000000000000000e+00
1.000000000000000000e+00,6.017610168457031250e+01,2.471204566955566406e+01,8.916666984558105469e+00,3.000000000000000000e+00,5.058256309399302708e-01,4.941437456988233556e-01,0.000000000000000000e+00,0.000000000000000000e+00,2.309130501757690902e-03,0.000000000000000000e+00,5.332083674147725105e-06,0.000000000000000000e+00
1.000000000000000000e+00,6.017610168457031250e+01,2.471204566955566406e+01,8.933333396911621094e+00,3.000000000000000000e+00,0.000000000000000000e+00,0.000000000000000000e+00,5.058256309399302708e-01,4.941437456988233556e-01,0.000000000000000000e+00,2.309130501757690902e-03,5.332083674147725105e-06,0.000000000000000000e+00
1.000000000000000000e+00,6.017610168457031250e+01,2.471204566955566406e+01,8.933333396911621094e+00,3.000000000000000000e+00,0.000000000000000000e+00,0.000000000000000000e+00,0.000000000000000000e+00,0.000000000000000000e+00,0.000000000000000000e+00,0.000000000000000000e+00,0.000000000000000000e+00,0.000000000000000000e+00
1.000000000000000000e+00,6.017446517944335938e+01,2.472070121765136719e+01,8.933333396911621094e+00,3.000000000000000000e+00,-1.590051266775416028e-01,8.409851571826151284e-01,0.000000000000000000e+00,0.000000000000000000e+00,8.808896745198791650e-03,0.000000000000000000e+00,7.759666186757387086e-05,0.000000000000000000e+00
1.000000000000000000e+00,6.017408370971679688e+01,2.472195243835449219e+01,8.933333396911621094e+00,3.000000000000000000e+00,-2.336305502693995784e-01,7.663082048836306059e-01,-1.590051266775416028e-01,8.409851571826151284e-01,1.308079661263903196e-03,8.808896745198791650e-03,5.626225692664948183e-05,0.000000000000000000e+00
1.000000000000000000e+00,6.017438888549804688e+01,2.472122955322265625e+01,8.933333396911621094e+00,3.000000000000000000e+00,2.968171395798745449e-01,-7.030855993798278414e-01,-2.336305502693995784e-01,7.663082048836306059e-01,7.846624569144420355e-04,1.308079661263903196e-03,2.739655698090055929e-07,0.000000000000000000e+00
1.000000000000000000e+00,6.017228317260742188e+01,2.472296142578125000e+01,8.933333396911621094e+00,3.000000000000000000e+00,-5.486934555966974658e-01,4.512804870306171279e-01,2.968171395798745449e-01,-7.030855993798278414e-01,2.726427944574063948e-03,7.846624569144420355e-04,3.770453209066009421e-06,0.000000000000000000e+00
1.000000000000000000e+00,6.017228317260742188e+01,2.472296142578125000e+01,8.949999809265136719e+00,3.000000000000000000e+00,0.000000000000000000e+00,0.000000000000000000e+00,-5.486934555966974658e-01,4.512804870306171279e-01,0.000000000000000000e+00,2.726427944574063948e-03,7.433409336954355240e-06,0.000000000000000000e+00
1.000000000000000000e+00,6.017273330688476562e+01,2.472343444824218750e+01,8.949999809265136719e+00,3.000000000000000000e+00,4.875504923817046143e-01,5.123411953841641164e-01,0.000000000000000000e+00,0.000000000000000000e+00,6.529709918450808974e-04,0.000000000000000000e+00,4.263711161911487050e-07,0.000000000000000000e+00
1.000000000000000000e+00,6.017267227172851562e+01,2.472592735290527344e+01,8.949999809265136719e+00,3.000000000000000000e+00,-2.389749595441680724e-02,9.760633503882115702e-01,4.875504923817046143e-01,5.123411953841641164e-01,2.493651729799907946e-03,6.529709918450808974e-04,3.388105579077926422e-06,0.000000000000000000e+00
1.000000000000000000e+00,6.017268371582031250e+01,2.472608566284179688e+01,8.949999809265136719e+00,3.000000000000000000e+00,6.737603994468481516e-02,9.320352192348064779e-01,-2.389749595441680724e-02,9.760633503882115702e-01,1.587230394086192899e-04,2.493651729799907946e-03,5.451891989212379012e-06,0.000000000000000000e+00
1.000000000000000000e+00,6.017315292358398438e+01,2.472909545898437500e+01,8.949999809265136719e+00,3.000000000000000000e+00,1.348645445250921115e-01,8.651067124414445475e-01,6.737603994468481516e-02,9.320352192348064779e-01,3.046149823197822140e-03,1.587230394086192899e-04,8.337233431743261482e-06,0.000000000000000000e+00
1.000000000000000000e+00,6.017319107055664062e+01,2.472929000854492188e+01,8.949999809265136719e+00,3.000000000000000000e+00,1.638640066128696227e-01,8.357064337256351338e-01,1.348645445250921115e-01,8.651067124414445475e-01,1.982541879300885404e-04,3.046149823197822140e-03,8.110509549377007074e-06,0.000000000000000000e+00
1.000000000000000000e+00,6.017281341552734375e+01,2.473054313659667969e+01,8.966666221618652344e+00,3.000000000000000000e+00,-2.315647477639209695e-01,7.683739357621014454e-01,1.638640066128696227e-01,8.357064337256351338e-01,1.308798393663269423e-03,1.982541879300885404e-04,1.233308432887541663e-06,0.000000000000000000e+00
1.000000000000000000e+00,6.017195129394531250e+01,2.473130035400390625e+01,8.966666221618652344e+00,3.000000000000000000e+00,-5.323581732624330654e-01,4.675800769583758898e-01,-2.315647477639209695e-01,7.683739357621014454e-01,1.147445782601941994e-03,1.308798393663269423e-03,2.603466509630800372e-08,0.000000000000000000e+00
1.000000000000000000e+00,6.017204284667968750e+01,2.473340606689453125e+01,8.966666221618652344e+00,3.000000000000000000e+00,4.166477045666899803e-02,9.582897205033868993e-01,-5.323581732624330654e-01,4.675800769583758898e-01,2.107702227762696216e-03,1.147445782601941994e-03,9.220924404727686110e-07,0.000000000000000000e+00
1.000000000000000000e+00,6.017207336425781250e+01,2.473495292663574219e+01,8.966666221618652344e+00,3.000000000000000000e+00,1.934581103064405769e-02,9.805907966157706435e-01,4.166477045666899803e-02,9.582897205033868993e-01,1.547160748453044231e-03,2.107702227762696216e-03,3.142067500266530254e-07,0.000000000000000000e+00
1.000000000000000000e+00,6.017243576049804688e+01,2.473527336120605469e+01,8.966666221618652344e+00,3.000000000000000000e+00,5.306485439486565703e-01,4.692050283335489347e-01,1.934581103064405769e-02,9.805907966157706435e-01,4.837451279210647974e-04,1.547160748453044231e-03,1.130852781991414763e-06,0.000000000000000000e+00
1.000000000000000000e+00,6.017271423339843750e+01,2.473622894287109375e+01,8.966666221618652344e+00,3.000000000000000000e+00,2.256385935692511169e-01,7.742803793027042136e-01,5.306485439486565703e-01,4.692050283335489347e-01,9.953308368631978795e-04,4.837451279210647974e-04,2.617199375938248621e-07,0.000000000000000000e+00
1.000000000000000000e+00,6.017286682128906250e+01,2.473695373535156250e+01,8.983333587646484375e+00,3.000000000000000000e+00,1.738932238846599976e-01,8.259928134521350440e-01,2.256385935692511169e-01,7.742803793027042136e-01,7.406802306727447568e-04,9.953308368631978795e-04,6.484693123316524699e-08,0.000000000000000000e+00
1.000000000000000000e+00,6.017288208007812500e+01,2.473699378967285156e+01,8.983333587646484375e+00,3.000000000000000000e+00,2.753642408031647948e-01,7.228311321083075169e-01,1.738932238846599976e-01,8.259928134521350440e-01,4.286232958649488658e-05,7.406802306727447568e-04,4.869498230764192556e-07,0.000000000000000000e+00
1.000000000000000000e+00,6.017288208007812500e+01,2.473699378967285156e+01,8.983333587646484375e+00,3.000000000000000000e+00,0.000000000000000000e+00,0.000000000000000000e+00,2.753642408031647948e-01,7.228311321083075169e-01,0.000000000000000000e+00,4.286232958649488658e-05,1.837179297581314834e-09,0.000000000000000000e+00
1.000000000000000000e+00,6.017293548583984375e+01,2.473648452758789062e+01,8.983333587646484375e+00,3.000000000000000000e+00,9.489838844532841322e-02,-9.049239183893815763e-01,0.000000000000000000e+00,0.000000000000000000e+00,5.120547300470146626e-04,0.000000000000000000e+00,2.622000465635210805e-07,0.000000000000000000e+00
1.000000000000000000e+00,6.017363357543945312e+01,2.473681259155273438e+01,8.983333587646484375e+00,3.000000000000000000e+00,6.802311083629476451e-01,3.196714498317677622e-01,9.489838844532841322e-02,-9.049239183893815763e-01,7.713332963847592061e-04,5.120547300470146626e-04,6.722537496215620097e-08,0.000000000000000000e+00
1.000000000000000000e+00,6.017406463623046875e+01,2.473700523376464844e+01,8.983333587646484375e+00,3.000000000000000000e+00,6.910207052405171746e-01,3.088189877402310879e-01,6.802311083629476451e-01,3.196714498317677622e-01,4.721487343646691521e-04,7.713332963847592061e-04,8.951140215115311121e-08,0.000000000000000000e+00
1.000000000000000000e+00,6.017457580566406250e+01,2.473725509643554688e+01,9.000000000000000000e+00,3.000000000000000000e+00,6.715909506074406732e-01,3.282776661551295438e-01,6.910207052405171746e-01,3.088189877402310879e-01,5.689688428631712843e-04,4.721487343646691521e-04,9.374133409661725588e-09,0.000000000000000000e+00
1.000000000000000000e+00,6.017478179931640625e+01,2.473809432983398438e+01,9.000000000000000000e+00,3.000000000000000000e+00,1.970614385132344326e-01,8.028428976465106226e-01,6.715909506074406732e-01,3.282776661551295438e-01,8.641447111791365895e-04,5.689688428631712843e-04,8.712879323608408575e-08,0.000000000000000000e+00
1.000000000000000000e+00,6.017475128173828125e+01,2.473835563659667969e+01,9.000000000000000000e+00,3.000000000000000000e+00,-1.045393407046670831e-01,8.951181047837118987e-01,1.970614385132344326e-01,8.028428976465106226e-01,2.630827755762810269e-04,8.641447111791365895e-04,3.612754504306512723e-07,0.000000000000000000e+00
1.000000000000000000e+00,6.017496109008789062e+01,2.474185371398925781e+01,9.000000000000000000e+00,3.000000000000000000e+00,5.658283612644099403e-02,9.433901950535708014e-01,-1.045393407046670831e-01,8.951181047837118987e-01,3.504363706585260276e-03,2.630827755762810269e-04,1.050590207372243511e-05,0.000000000000000000e+00
1.000000000000000000e+00,6.017520523071289062e+01,2.474251747131347656e+01,9.000000000000000000e+00,3.000000000000000000e+00,2.688779475879443659e-01,7.310119200047237031e-01,5.658283612644099403e-02,9.433901950535708014e-01,7.072329391575490594e-04,3.504363706585260276e-03,7.823940530090737580e-06,0.000000000000000000e+00
1.000000000000000000e+00,6.017514038085937500e+01,2.474274826049804688e+01,9.000000000000000000e+00,3.000000000000000000e+00,-2.192806669533447494e-01,7.803811970986680446e-01,2.688779475879443659e-01,7.310119200047237031e-01,2.397272433738555910e-04,7.072329391575490594e-04,2.185615755901953412e-07,0.000000000000000000e+00
1.000000000000000000e+00,6.017621612548828125e+01,2.474234771728515625e+01,9.016666412353515625e+00,3.000000000000000000e+00,7.286328148008777150e-01,-2.712994523194757202e-01,-2.192806669533447494e-01,7.803811970986680446e-01,1.147894320925663429e-03,2.397272433738555910e-04,8.247674407489913958e-07,0.000000000000000000e+00
1.000000000000000000e+00,6.017731094360351562e+01,2.474196815490722656e+01,9.016666412353515625e+00,3.000000000000000000e+00,7.425110880138017233e-01,-2.574210914891054691e-01,7.286328148008777150e-01,-2.712994523194757202e-01,1.158746868036754666e-03,1.147894320925663429e-03,1.177777787984547522e-10,0.000000000000000000e+00
1.000000000000000000e+00,6.017737960815429688e+01,2.474201583862304688e+01,9.016666412353515625e+00,3.000000000000000000e+00,5.896571308887877949e-01,4.094841186727693483e-01,7.425110880138017233e-01,-2.574210914891054691e-01,8.359759140324068960e-05,1.158746868036754666e-03,1.155945967045568261e-06,0.000000000000000000e+00
1.000000000000000000e+00,6.017886734008789062e+01,2.474212837219238281e+01,9.016666412353515625e+00,3.000000000000000000e+00,9.296200967030678886e-01,7.031741757112949798e-02,5.896571308887877949e-01,4.094841186727693483e-01,1.491981940394080178e-03,8.359759140324068960e-05,1.983546474482350500e-06,0.000000000000000000e+00
1.000000000000000000e+00,6.017998123168945312e+01,2.474304389953613281e+01,9.016666412353515625e+00,3.000000000000000000e+00,5.488451360038848481e-01,4.511055912360697473e-01,9.296200967030678886e-01,7.031741757112949798e-02,1.441854644957459627e-03,1.491981940394080178e-03,2.512745747790239440e-09,0.000000000000000000e+00
1.000000000000000000e+00,6.018104553222656250e+01,2.474478721618652344e+01,9.016666412353515625e+00,3.000000000000000000e+00,3.790625857360767625e-01,6.209017981411723008e-01,5.488451360038848481e-01,4.511055912360697473e-01,2.042520153345002420e-03,1.441854644957459627e-03,3.607990529664652318e-07,0.000000000000000000e+00
1.000000000000000000e+00,6.018134307861328125e+01,2.474526023864746094e+01,9.033333778381347656e+00,3.000000000000000000e+00,3.860885095117636556e-01,6.137817330699832929e-01,3.790625857360767625e-01,6.209017981411723008e-01,5.588238548959347093e-04,2.042520153345002420e-03,2.201354706031464759e-06,0.000000000000000000e+00
1.000000000000000000e+00,6.018158721923828125e+01,2.474628448486328125e+01,9.033333778381347656e+00,3.000000000000000000e+00,1.924660289279135905e-01,8.074551369866375117e-01,3.860885095117636556e-01,6.137817330699832929e-01,1.052941097781647526e-03,5.588238548959347093e-04,2.441518497169785122e-07,0.000000000000000000e+00
1.000000000000000000e+00,6.018172836303710938e+01,2.474941253662109375e+01,9.033333778381347656e+00,3.000000000000000000e+00,4.317254172429664527e-02,9.567968706465742601e-01,1.924660289279135905e-01,8.074551369866375117e-01,3.131234480440822209e-03,1.052941097781647526e-03,4.319303384404913808e-06,0.000000000000000000e+00
1.000000000000000000e+00,6.018140029907226562e+01,2.475258064270019531e+01,9.033333778381347656e+00,3.000000000000000000e+00,-9.383255890427480428e-02,9.061388391860492053e-01,4.317254172429664527e-02,9.567968706465742601e-01,3.185046639135646288e-03,3.131234480440822209e-03,2.895748423396930558e-09,0.000000000000000000e+00
1.000000000000000000e+00,6.018109130859375000e+01,2.475562095642089844e+01,9.033333778381347656e+00,3.000000000000000000e+00,-9.225237091053303806e-02,9.077177730332695038e-01,-9.383255890427480428e-02,9.061388391860492053e-01,3.055974907637331109e-03,3.185046639135646288e-03,1.665951187197316527e-08,0.000000000000000000e+00
1.000000000000000000e+00,6.018096923828125000e+01,2.475784111022949219e+01,9.033333778381347656e+00,3.000000000000000000e+00,-5.211503882007550298e-02,9.478422685401232117e-01,-9.225237091053303806e-02,9.077177730332695038e-01,2.223507160997504391e-03,3.055974907637331109e-03,6.930025491955907140e-07,0.000000000000000000e+00
1.000000000000000000e+00,6.018099212646484375e+01,2.475910949707031250e+01,9.050000190734863281e+00,3.000000000000000000e+00,1.772388590536284197e-02,9.821986772555242329e-01,-5.211503882007550298e-02,9.478422685401232117e-01,1.268593333938955415e-03,2.223507160997504391e-03,9.118604171076044099e-07,0.000000000000000000e+00
1.000000000000000000e+00,6.018096160888671875e+01,2.475919914245605469e+01,9.050000190734863281e+00,3.000000000000000000e+00,-2.537570765235930281e-01,7.454114122880544091e-01,1.772388590536284197e-02,9.821986772555242329e-01,9.469750661702277909e-05,1.268593333938955415e-03,1.378031413403844665e-06,0.000000000000000000e+00
1.000000000000000000e+00,6.018089294433593750e+01,2.475932502746582031e+01,9.050000190734863281e+00,3.000000000000000000e+00,-3.527598551383031578e-01,6.467264010868891688e-01,-2.537570765235930281e-01,7.454114122880544091e-01,1.433940592133522149e-04,9.469750661702277909e-05,2.371354234767079206e-09,0.000000000000000000e+00
1.000000000000000000e+00,6.018101882934570312e+01,2.475985527038574219e+01,9.050000190734863281e+00,3.000000000000000000e+00,1.918312282526168366e-01,8.080163856701133573e-01,-3.527598551383031578e-01,6.467264010868891688e-01,5.449812747342493938e-04,1.433940592133522149e-04,1.612722916698275004e-07,0.000000000000000000e+00
1.000000000000000000e+00,6.018106079101562500e+01,2.476240539550781250e+01,9.050000190734863281e+00,3.000000000000000000e+00,1.618774929781428840e-02,9.837736732353500324e-01,1.918312282526168366e-01,8.080163856701133573e-01,2.550470333086969892e-03,5.449812747342493938e-04,4.021986363172480862e-06,0.000000000000000000e+00
1.000000000000000000e+00,6.018115997314453125e+01,2.476306343078613281e+01,9.050000190734863281e+00,3.000000000000000000e+00,1.309650721874642265e-01,8.689028827822146139e-01,1.618774929781428840e-02,9.837736732353500324e-01,6.654678972035143808e-04,2.550470333086969892e-03,3.553234183286560287e-06,0.000000000000000000e+00
1.000000000000000000e+00,6.018264389038085938e+01,2.476783370971679688e+01,9.066666603088378906e+00,3.000000000000000000e+00,2.372636659197048525e-01,7.627203450709277854e-01,1.309650721874642265e-01,8.689028827822146139e-01,4.995755342349059852e-03,6.654678972035143808e-04,1.875138935758513797e-05,0.000000000000000000e+00
1.000000000000000000e+00,6.018350982666015625e+01,2.477035713195800781e+01,9.066666603088378906e+00,3.000000000000000000e+00,2.554792377772304168e-01,7.444912589851890861e-01,2.372636659197048525e-01,7.627203450709277854e-01,2.667865335289723236e-03,4.995755342349059852e-03,5.419071884966718276e-06,0.000000000000000000e+00
1.000000000000000000e+00,6.018366622924804688e+01,2.477068901062011719e+01,9.066666603088378906e+00,3.000000000000000000e+00,3.202469134321291322e-01,6.795483285023228293e-01,2.554792377772304168e-01,7.444912589851890861e-01,3.668858349165219409e-04,2.667865335289723236e-03,5.294506661137705751e-06,0.000000000000000000e+00
1.000000000000000000e+00,6.018483734130859375e+01,2.477426528930664062e+01,9.066666603088378906e+00,3.000000000000000000e+00,2.466802197075520231e-01,7.532987165336482160e-01,3.202469134321291322e-01,6.795483285023228293e-01,3.763146649021288301e-03,3.668858349165219409e-04,1.153458751742356814e-05,0.000000000000000000e+00
1.000000000000000000e+00,6.018472671508789062e+01,2.477589797973632812e+01,9.066666603088378906e+00,3.000000000000000000e+00,-6.345369058987615496e-02,9.364889507747238273e-01,2.466802197075520231e-01,7.532987165336482160e-01,1.636433988861209785e-03,3.763146649021288301e-03,4.522906738885158766e-06,0.000000000000000000e+00
1.000000000000000000e+00,6.018392181396484375e+01,2.477701950073242188e+01,9.066666603088378906e+00,3.000000000000000000e+00,-4.178000942994217759e-01,5.821479986920853333e-01,-6.345369058987615496e-02,9.364889507747238273e-01,1.380461938106675168e-03,1.636433988861209785e-03,6.552169076748204455e-08,0.000000000000000000e+00
1.000000000000000000e+00,6.018291854858398438e+01,2.477786827087402344e+01,9.083333015441894531e+00,3.000000000000000000e+00,-5.416803299179390185e-01,4.582656783526289912e-01,-4.178000942994217759e-01,5.821479986920853333e-01,1.314135524862349675e-03,1.380461938106675168e-03,4.399193093857036384e-09,0.000000000000000000e+00
1.000000000000000000e+00,6.018261337280273438e+01,2.477830123901367188e+01,9.083333015441894531e+00,3.000000000000000000e+00,-4.133806897842156602e-01,5.864838536313559114e-01,-5.416803299179390185e-01,4.582656783526289912e-01,5.297109281600453174e-04,1.314135524862349675e-03,6.153219479115728895e-07,0.000000000000000000e+00
1.000000000000000000e+00,6.018178939819335938e+01,2.477976226806640625e+01,9.083333015441894531e+00,3.000000000000000000e+00,-3.605852211598972179e-01,6.393710171492622552e-01,-4.133806897842156602e-01,5.864838536313559114e-01,1.677361037412217031e-03,5.297109281600453174e-04,1.317100773266521464e-06,0.000000000000000000e+00
1.000000000000000000e+00,6.018182754516601562e+01,2.478055572509765625e+01,9.083333015441894531e+00,3.000000000000000000e+00,4.586604426224446390e-02,9.540137206546848159e-01,-3.605852211598972179e-01,6.393710171492622552e-01,7.943734965133845711e-04,1.677361037412217031e-03,7.796669973825673590e-07,0.000000000000000000e+00
1.000000000000000000e+00,6.018219757080078125e+01,2.478271865844726562e+01,9.083333015441894531e+00,3.000000000000000000e+00,1.460785702378439299e-01,8.538819518026546929e-01,4.586604426224446390e-02,9.540137206546848159e-01,2.194356316835562298e-03,7.943734965133845711e-04,1.959951897197239004e-06,0.000000000000000000e+00
1.000000000000000000e+00,6.018276977539062500e+01,2.478502845764160156e+01,9.083333015441894531e+00,3.000000000000000000e+00,1.985371217319339132e-01,8.014281813912399466e-01,1.460785702378439299e-01,8.538819518026546929e-01,2.379619803832788878e-03,2.194356316835562298e-03,3.432255961437154277e-08,0.000000000000000000e+00
1.000000000000000000e+00,6.018301773071289062e+01,2.478652572631835938e+01,9.100000381469726562e+00,3.000000000000000000e+00,1.420683623237654625e-01,8.578743417242760128e-01,1.985371217319339132e-01,8.014281813912399466e-01,1.517661138805346350e-03,2.379619803832788878e-03,7.429727402158908328e-07,0.000000000000000000e+00
1.000000000000000000e+00,6.018305587768554688e+01,2.478699493408203125e+01,9.100000381469726562e+00,3.000000000000000000e+00,7.517315323978730757e-02,9.246297848493838512e-01,1.420683623237654625e-01,8.578743417242760128e-01,4.707558996048788729e-04,1.517661138805346350e-03,1.096010579865388060e-06,0.000000000000000000e+00
1.000000000000000000e+00,6.018310165405273438e+01,2.478730583190917969e+01,9.100000381469726562e+00,3.000000000000000000e+00,1.283062730271268270e-01,8.714134376425696216e-01,7.517315323978730757e-02,9.246297848493838512e-01,3.142497966880878485e-04,4.707558996048788729e-04,2.449416025020118335e-08,0.000000000000000000e+00
1.000000000000000000e+00,6.018302536010742188e+01,2.478948783874511719e+01,9.100000381469726562e+00,3.000000000000000000e+00,-3.378228786755561874e-02,9.661734330120906877e-01,1.283062730271268270e-01,8.714134376425696216e-01,2.183340238755592314e-03,3.142497966880878485e-04,3.493499080628099216e-06,0.000000000000000000e+00
1.000000000000000000e+00,6.018281555175781250e+01,2.479191780090332031e+01,9.100000381469726562e+00,3.000000000000000000e+00,-7.947675804114741338e-02,9.204853613129254652e-01,-3.378228786755561874e-02,9.661734330120906877e-01,2.439002999970479695e-03,2.183340238755592314e-03,6.536344747202052620e-08,0.000000000000000000e+00
1.000000000000000000e+00,6.018280029296875000e+01,2.479234886169433594e+01,9.100000381469726562e+00,3.000000000000000000e+00,-3.418037591413364273e-02,9.655956195742755321e-01,-7.947675804114741338e-02,9.204853613129254652e-01,4.313307735307906417e-04,2.439002999970479695e-03,4.030747768817297712e-06,0.000000000000000000e+00
1.000000000000000000e+00,6.018267822265625000e+01,2.479413986206054688e+01,9.116666793823242188e+00,3.000000000000000000e+00,-6.380523905073066937e-02,9.361424916974389054e-01,-3.418037591413364273e-02,9.655956195742755321e-01,1.795155556758678108e-03,4.313307735307906417e-04,1.860018039346594324e-06,0.000000000000000000e+00
1.000000000000000000e+00,6.018271636962890625e+01,2.479418945312500000e+01,9.116666793823242188e+00,3.000000000000000000e+00,4.342876265409914560e-01,5.645739145032888651e-01,-6.380523905073066937e-02,9.361424916974389054e-01,6.256568705313387613e-05,1.795155556758678108e-03,3.001867656606274837e-06,0.000000000000000000e+00
1.000000000000000000e+00,6.018265914916992188e+01,2.479417037963867188e+01,9.116666793823242188e+00,3.000000000000000000e+00,-7.490182468035496699e-01,-2.496727489345165474e-01,4.342876265409914560e-01,5.645739145032888651e-01,6.031565971695669663e-05,6.256568705313387613e-05,5.062623013544574636e-12,0.000000000000000000e+00
1.000000000000000000e+00,6.018272018432617188e+01,2.479406929016113281e+01,9.116666793823242188e+00,3.000000000000000000e+00,3.762385207746118954e-01,-6.231450500329509534e-01,-7.490182468035496699e-01,-2.496727489345165474e-01,1.180862937329414875e-04,6.031565971695669663e-05,3.337446154608859193e-09,0.000000000000000000e+00
1.000000000000000000e+00,6.018264770507812500e+01,2.479406929016113281e+01,9.116666793823242188e+00,3.000000000000000000e+00,-9.986221957006854444e-01,0.000000000000000000e+00,3.762385207746118954e-01,-6.231450500329509534e-01,7.247924804687500000e-05,1.180862937329414875e-04,2.080002616210955627e-09,0.000000000000000000e+00
1.000000000000000000e+00,6.018259048461914062e+01,2.479430389404296875e+01,9.116666793823242188e+00,3.000000000000000000e+00,-1.960112638212507807e-01,8.036461816671282010e-01,-9.986221957006854444e-01,0.000000000000000000e+00,2.414811841508010136e-04,7.247924804687500000e-05,2.856165440687549244e-08,0.000000000000000000e+00
1.000000000000000000e+00,6.018285751342773438e+01,2.479663848876953125e+01,9.133333206176757812e+00,3.000000000000000000e+00,1.026353511376116440e-01,8.973262128031189722e-01,-1.960112638212507807e-01,8.036461816671282010e-01,2.349816359189039420e-03,2.414811841508010136e-04,4.445077210303519997e-06,0.000000000000000000e+00
1.000000000000000000e+00,6.018355560302734375e+01,2.479829788208007812e+01,9.133333206176757812e+00,3.000000000000000000e+00,2.961039446808294007e-01,7.038536389954141992e-01,1.026353511376116440e-01,8.973262128031189722e-01,1.800254217651077980e-03,2.349816359189039420e-03,3.020185474117903850e-07,0.000000000000000000e+00
1.000000000000000000e+00,6.018370437622070312e+01,2.479886054992675781e+01,9.133333206176757812e+00,3.000000000000000000e+00,2.090858924331442659e-01,7.907735675356096783e-01,2.961039446808294007e-01,7.038536389954141992e-01,5.820039250292925216e-04,1.800254217651077980e-03,1.484133775473065914e-06,0.000000000000000000e+00
1.000000000000000000e+00,6.018431472778320312e+01,2.480100250244140625e+01,9.133333206176757812e+00,3.000000000000000000e+00,2.217521647956357533e-01,7.782115033296841400e-01,2.090858924331442659e-01,7.907735675356096783e-01,2.227215661954395649e-03,5.820039250292925216e-04,2.706721659316114565e-06,0.000000000000000000e+00
1.000000000000000000e+00,6.018472290039062500e+01,2.480543136596679688e+01,9.133333206176757812e+00,3.000000000000000000e+00,8.438311352311424207e-02,9.155962130872489224e-01,2.217521647956357533e-01,7.782115033296841400e-01,4.447632741581193996e-03,2.227215661954395649e-03,4.930252007498399388e-06,0.000000000000000000e+00
1.000000000000000000e+00,6.018488693237304688e+01,2.480672645568847656e+01,9.133333206176757812e+00,3.000000000000000000e+00,1.124105966631498837e-01,8.875208736544043520e-01,8.438311352311424207e-02,9.155962130872489224e-01,1.305436278972520745e-03,4.447632741581193996e-03,9.873398609630459883e-06,0.000000000000000000e+00
1.000000000000000000e+00,6.018494033813476562e+01,2.480764389038085938e+01,9.149999618530273438e+00,3.000000000000000000e+00,5.500415755996880540e-02,9.448928495123212201e-01,1.124105966631498837e-01,8.875208736544043520e-01,9.189878074122124086e-04,1.305436278972520745e-03,1.493424211712984442e-07,0.000000000000000000e+00
1.000000000000000000e+00,6.018545150756835938e+01,2.480851364135742188e+01,9.149999618530273438e+00,3.000000000000000000e+00,3.701389420710413658e-01,6.297886477029658314e-01,5.500415755996880540e-02,9.448928495123212201e-01,1.008841390443501653e-03,9.189878074122124086e-04,8.073666383560790750e-09,0.000000000000000000e+00
1.000000000000000000e+00,6.018562698364257812e+01,2.480941009521484375e+01,9.149999618530273438e+00,3.000000000000000000e+00,1.636857974200431054e-01,8.362209216023940295e-01,3.701389420710413658e-01,6.297886477029658314e-01,9.134666776132469111e-04,1.008841390443501653e-03,9.096335847453558774e-09,0.000000000000000000e+00
1.000000000000000000e+00,6.018555450439453125e+01,2.480962562561035156e+01,9.149999618530273438e+00,3.000000000000000000e+00,-2.515682819659501024e-01,7.480846279513778674e-01,1.636857974200431054e-01,8.362209216023940295e-01,2.273908370739562417e-04,9.134666776132469111e-04,4.707000589716942254e-07,0.000000000000000000e+00
1.000000000000000000e+00,6.018553543090820312e+01,2.480965995788574219e+01,9.149999618530273438e+00,3.000000000000000000e+00,-3.564753722857679774e-01,6.416556701143824037e-01,-2.515682819659501024e-01,7.480846279513778674e-01,3.927471214670944519e-05,2.273908370739562417e-04,3.538767645764352529e-08,0.000000000000000000e+00
1.000000000000000000e+00,6.018555831909179688e+01,2.480960845947265625e+01,9.149999618530273438e+00,3.000000000000000000e+00,3.072792235652190840e-01,-6.913782530217429390e-01,-3.564753722857679774e-01,6.416556701143824037e-01,5.635561638906157558e-05,3.927471214670944519e-05,2.917572897364029830e-10,0.000000000000000000e+00
1.000000000000000000e+00,6.018556213378906250e+01,2.480961036682128906e+01,9.166666984558105469e+00,3.000000000000000000e+00,6.552159382063228454e-01,3.276079691031614227e-01,3.072792235652190840e-01,-6.913782530217429390e-01,4.264961199760036097e-06,5.635561638906157558e-05,2.713436358050707535e-09,0.000000000000000000e+00
1.000000000000000000e+00,6.018559646606445312e+01,2.480964851379394531e+01,9.166666984558105469e+00,3.000000000000000000e+00,4.730315663845351959e-01,5.255906293161501930e-01,6.552159382063228454e-01,3.276079691031614227e-01,5.132150286511882723e-05,4.264961199760036097e-06,2.214318113503647890e-09,0.000000000000000000e+00
1.000000000000000000e+00,6.018559265136718750e+01,2.480965995788574219e+01,9.166666984558105469e+00,3.000000000000000000e+00,-2.483722675076618092e-01,7.451168025229853997e-01,4.730315663845351959e-01,5.255906293161501930e-01,1.206313194339134034e-05,5.132150286511882723e-05,1.541219687427938178e-09,0.000000000000000000e+00
1.000000000000000000e+00,6.018558883666992188e+01,2.480965614318847656e+01,9.166666984558105469e+00,3.000000000000000000e+00,-4.935311880124827466e-01,-4.935311880124827466e-01,-2.483722675076618092e-01,7.451168025229853997e-01,5.394796609394436438e-06,1.206313194339134034e-05,4.446669612663160177e-11,0.000000000000000000e+00
1.000000000000000000e+00,6.018561553955078125e+01,2.480950736999511719e+01,9.166666984558105469e+00,3.000000000000000000e+00,1.520872418306033758e-01,-8.473432044847902800e-01,-4.935311880124827466e-01,-4.935311880124827466e-01,1.511506100170818389e-04,5.394796609394436438e-06,2.124475714213658998e-08,0.000000000000000000e+00
1.000000000000000000e+00,6.018608474731445312e+01,2.481094551086425781e+01,9.183333396911621094e+00,3.000000000000000000e+00,2.459871031913641870e-01,7.539604707572706843e-01,1.520872418306033758e-01,-8.473432044847902800e-01,1.512747528499886265e-03,1.511506100170818389e-04,1.853946168421868701e-06,0.000000000000000000e+00
1.000000000000000000e+00,6.018709945678710938e+01,2.481264305114746094e+01,9.183333396911621094e+00,3.000000000000000000e+00,3.741071631577807532e-01,6.258559684406482804e-01,2.459871031913641870e-01,7.539604707572706843e-01,1.977695205787704386e-03,1.512747528499886265e-03,2.161763426153370498e-07,0.000000000000000000e+00
1.000000000000000000e+00,6.018721389770507812e+01,2.481357955932617188e+01,9.183333396911621094e+00,3.000000000000000000e+00,1.088825615570900712e-01,8.910222954088538039e-01,3.741071631577807532e-01,6.258559684406482804e-01,9.434745849772570910e-04,1.977695205787704386e-03,1.069612292509547079e-06,0.000000000000000000e+00
1.000000000000000000e+00,6.018719863891601562e+01,2.481387710571289062e+01,9.199999809265136719e+00,3.000000000000000000e+00,-4.876489826159769586e-02,9.509155161011551005e-01,1.088825615570900712e-01,8.910222954088538039e-01,2.979373808252965537e-04,9.434745849772570910e-04,4.167182819443300336e-07,0.000000000000000000e+00
1.000000000000000000e+00,6.018703842163085938e+01,2.481794929504394531e+01,9.199999809265136719e+00,3.000000000000000000e+00,-3.785399520525289940e-02,9.621223781335110914e-01,-4.876489826159769586e-02,9.509155161011551005e-01,4.075339927713817097e-03,2.979373808252965537e-04,1.426877000123988269e-05,0.000000000000000000e+00
1.000000000000000000e+00,6.018672561645507812e+01,2.481985473632812500e+01,9.199999809265136719e+00,3.000000000000000000e+00,-1.410082606243382441e-01,8.589466607543531085e-01,-3.785399520525289940e-02,9.621223781335110914e-01,1.930946287562622810e-03,4.075339927713817097e-03,4.598424083920890091e-06,0.000000000000000000e+00
1.000000000000000000e+00,6.018712615966796875e+01,2.482049179077148438e+01,9.199999809265136719e+00,3.000000000000000000e+00,3.859922111977160952e-01,6.139114216192246287e-01,-1.410082606243382441e-01,8.589466607543531085e-01,7.525112817736805387e-04,1.930946287562622810e-03,1.388709062868784314e-06,0.000000000000000000e+00
1.000000000000000000e+00,6.018738555908203125e+01,2.482047462463378906e+01,9.199999809265136719e+00,3.000000000000000000e+00,9.375920218993257782e-01,-6.204653086098479986e-02,3.859922111977160952e-01,6.139114216192246287e-01,2.599667907624794065e-04,7.525112817736805387e-04,2.426000756254831908e-07,0.000000000000000000e+00
1.000000000000000000e+00,6.018742752075195312e+01,2.482073974609375000e+01,9.199999809265136719e+00,3.000000000000000000e+00,1.366014791824114449e-01,8.630729821070540764e-01,9.375920218993257782e-01,-6.204653086098479986e-02,2.684216278067983255e-04,2.599667907624794065e-04,7.148426944598747851e-11,0.000000000000000000e+00
1.000000000000000000e+00,6.018756484985351562e+01,2.482126617431640625e+01,9.216666221618652344e+00,3.000000000000000000e+00,2.068653859082048851e-01,7.929839793147853699e-01,1.366014791824114449e-01,8.630729821070540764e-01,5.440459132692586656e-04,2.684216278067983255e-04,7.596874673669182004e-08,0.000000000000000000e+00
1.000000000000000000e+00,6.018754577636718750e+01,2.482152748107910156e+01,9.216666221618652344e+00,3.000000000000000000e+00,-6.800295705146490455e-02,9.316405116050691104e-01,2.068653859082048851e-01,7.929839793147853699e-01,2.620019505862762393e-04,5.440459132692586656e-04,7.954879688591958893e-08,0.000000000000000000e+00
1.000000000000000000e+00,6.018756484985351562e+01,2.482148361206054688e+01,9.216666221618652344e+00,3.000000000000000000e+00,3.025496268522330223e-01,-6.958641417601358903e-01,-6.800295705146490455e-02,9.316405116050691104e-01,4.783606034845143623e-05,2.620019505862762393e-04,4.586702854136002376e-08,0.000000000000000000e+00
1.000000000000000000e+00,6.018758392333984375e+01,2.482136154174804688e+01,9.216666221618652344e+00,3.000000000000000000e+00,1.350394600426664260e-01,-8.642525442730650820e-01,3.025496268522330223e-01,-6.958641417601358903e-01,1.235514430290347734e-04,4.783606034845143623e-05,5.732819174467178852e-09,0.000000000000000000e+00
1.000000000000000000e+00,6.018756484985351562e+01,2.482145118713378906e+01,9.216666221618652344e+00,3.000000000000000000e+00,-1.752773757460085458e-01,8.238036660062402206e-01,1.350394600426664260e-01,-8.642525442730650820e-01,9.165202161204500817e-05,1.235514430290347734e-04,1.017573086738705341e-09,0.000000000000000000e+00
1.000000000000000000e+00,6.018742370605468750e+01,2.482112884521484375e+01,9.216666221618652344e+00,3.000000000000000000e+00,-3.044610595555587440e-01,-6.953232306066138291e-01,-1.752773757460085458e-01,8.238036660062402206e-01,3.518890232118368358e-04,9.165202161204500817e-05,6.772329700165005563e-08,0.000000000000000000e+00
1.000000000000000000e+00,6.018742752075195312e+01,2.482108306884765625e+01,9.233333587646484375e+00,3.000000000000000000e+00,7.676827428849934687e-02,-9.212192914619922179e-01,-3.044610595555587440e-01,-6.953232306066138291e-01,4.593503791348379432e-05,3.518890232118368358e-04,9.360784111994482092e-08,0.000000000000000000e+00
1.000000000000000000e+00,6.018730926513671875e+01,2.482106208801269531e+01,9.233333587646484375e+00,3.000000000000000000e+00,-8.487055258592579587e-01,-1.505767868459973735e-01,7.676827428849934687e-02,-9.212192914619922179e-01,1.201023978533261537e-04,4.593503791348379432e-05,5.500797280446133401e-09,0.000000000000000000e+00
1.000000000000000000e+00,6.018731689453125000e+01,2.482105445861816406e+01,9.233333587646484375e+00,3.000000000000000000e+00,4.967445350153236183e-01,-4.967445350153236183e-01,-8.487055258592579587e-01,-1.505767868459973735e-01,1.078959321878887288e-05,1.201023978533261537e-04,1.194928925706851349e-08,0.000000000000000000e+00
1.000000000000000000e+00,6.018701171875000000e+01,2.482156181335449219e+01,9.233333587646484375e+00,3.000000000000000000e+00,-3.755406358101249786e-01,6.243363070343328491e-01,4.967445350153236183e-01,-4.967445350153236183e-01,5.920651027852672941e-04,1.078959321878887288e-05,3.378812180217691470e-07,0.000000000000000000e+00
1.000000000000000000e+00,6.018703842163085938e+01,2.482149887084960938e+01,9.233333587646484375e+00,3.000000000000000000e+00,2.975404321742473046e-01,-7.013453044107257339e-01,-3.755406358101249786e-01,6.243363070343328491e-01,6.837252933095901749e-05,5.920651027852672941e-04,2.742539114911961101e-07,0.000000000000000000e+00
1.000000000000000000e+00,6.018703842163085938e+01,2.482149887084960938e+01,9.233333587646484375e+00,3.000000000000000000e+00,0.000000000000000000e+00,0.000000000000000000e+00,2.975404321742473046e-01,-7.013453044107257339e-01,0.000000000000000000e+00,6.837252933095901749e-05,4.674802767112851143e-09,0.000000000000000000e+00
1.000000000000000000e+00,6.018701934814453125e+01,2.482153320312500000e+01,9.250000000000000000e+00,3.000000000000000000e+00,-3.564753722857679774e-01,6.416556701143824037e-01,0.000000000000000000e+00,0.000000000000000000e+00,3.927471214670944519e-05,0.000000000000000000e+00,1.542503014206886498e-09,0.000000000000000000e+00
1.000000000000000000e+00,6.018702316284179688e+01,2.482153892517089844e+01,9.250000000000000000e+00,3.000000000000000000e+00,3.958492200820326046e-01,5.937738301230488513e-01,-3.564753722857679774e-01,6.416556701143824037e-01,6.877043295791605234e-06,3.927471214670944519e-05,1.049608946973732157e-09,0.000000000000000000e+00
1.000000000000000000e+00,6.018700790405273438e+01,2.482159423828125000e+01,9.250000000000000000e+00,3.000000000000000000e+00,-2.159102725271278278e-01,7.826747379108383029e-01,3.958492200820326046e-01,5.937738301230488513e-01,5.737918455692796161e-05,6.877043295791605234e-06,2.550466271959771520e-09,0.000000000000000000e+00
1.000000000000000000e+00,6.018700790405273438e+01,2.482148742675781250e+01,9.250000000000000000e+00,3.000000000000000000e+00,0.000000000000000000e+00,-9.990646471326501965e-01,-2.159102725271278278e-01,7.826747379108383029e-01,1.068115234375000000e-04,5.737918455692796161e-05,2.443556127203713989e-09,0.000000000000000000e+00
1.000000000000000000e+00,6.018701553344726562e+01,2.482150650024414062e+01,9.250000000000000000e+00,3.000000000000000000e+00,2.846483022208943781e-01,7.116207555522359174e-01,0.000000000000000000e+00,-9.990646471326501965e-01,2.054277346471597191e-05,1.068115234375000000e-04,7.442297221866723984e-09,0.000000000000000000e+00
1.000000000000000000e+00,6.018701553344726562e+01,2.482150650024414062e+01,9.250000000000000000e+00,3.000000000000000000e+00,0.000000000000000000e+00,0.000000000000000000e+00,2.846483022208943781e-01,7.116207555522359174e-01,0.000000000000000000e+00,2.054277346471597191e-05,4.220055416226386507e-10,0.000000000000000000e+00
1.000000000000000000e+00,6.018701934814453125e+01,2.482151985168457031e+01,9.266666412353515625e+00,3.000000000000000000e+00,2.209351815062052804e-01,7.732731352717184814e-01,0.000000000000000000e+00,0.000000000000000000e+00,1.388570764404395686e-05,0.000000000000000000e+00,1.928128767758607864e-10,0.000000000000000000e+00
1.000000000000000000e+00,6.018740463256835938e+01,2.482316207885742188e+01,9.616666793823242188e+00,3.000000000000000000e+00,0.000000000000000000e+00,0.000000000000000000e+00,2.209351815062052804e-01,7.732731352717184814e-01,0.000000000000000000e+00,1.388570764404395686e-05,1.928128767758607864e-10,0.000000000000000000e+00
1.000000000000000000e+00,6.018740463256835938e+01,2.482314109802246094e+01,9.616666793823242188e+00,3.000000000000000000e+00,0.000000000000000000e+00,-9.952563548746860000e-01,0.000000000000000000e+00,0.000000000000000000e+00,2.098083496093750000e-05,0.000000000000000000e+00,4.401954356580972672e-10,0.000000000000000000e+00
1.000000000000000000e+00,6.018740081787109375e+01,2.482315826416015625e+01,9.616666793823242188e+00,3.000000000000000000e+00,-1.809557008863065530e-01,8.143006539883794748e-01,0.000000000000000000e+00,-9.952563548746860000e-01,1.758488551577165046e-05,2.098083496093750000e-05,1.153247263412224103e-11,0.000000000000000000e+00
1.000000000000000000e+00,6.018739700317382812e+01,2.482316970825195312e+01,9.616666793823242188e+00,3.000000000000000000e+00,-2.483722675076618092e-01,7.451168025229853997e-01,-1.809557008863065530e-01,8.143006539883794748e-01,1.206313194339134034e-05,1.758488551577165046e-05,3.048976251409471634e-11,0.000000000000000000e+00
1.000000000000000000e+00,6.018738937377929688e+01,2.482316207885742188e+01,9.633333206176757812e+00,3.000000000000000000e+00,-4.967445350153236183e-01,-4.967445350153236183e-01,-2.483722675076618092e-01,7.451168025229853997e-01,1.078959321878887288e-05,1.206313194339134034e-05,1.621900883062079576e-12,0.000000000000000000e+00
1.000000000000000000e+00,6.018738174438476562e+01,2.482320976257324219e+01,9.633333206176757812e+00,3.000000000000000000e+00,-1.376821204015823974e-01,8.605132525098899698e-01,-4.967445350153236183e-01,-4.967445350153236183e-01,4.829021034687867533e-05,1.078959321878887288e-05,1.406296284987582456e-09,0.000000000000000000e+00
1.000000000000000000e+00,6.018737030029296875e+01,2.482322120666503906e+01,9.633333206176757812e+00,3.000000000000000000e+00,-4.978249695198365687e-01,4.978249695198365687e-01,-1.376821204015823974e-01,8.605132525098899698e-01,1.618438982818330677e-05,4.829021034687867533e-05,1.030783711178680276e-09,0.000000000000000000e+00
1.000000000000000000e+00,6.018737030029296875e+01,2.482322883605957031e+01,9.633333206176757812e+00,3.000000000000000000e+00,0.000000000000000000e+00,9.870623760249654932e-01,-4.978249695198365687e-01,4.978249695198365687e-01,7.629394531250000000e-06,1.618438982818330677e-05,7.318794453055099244e-11,0.000000000000000000e+00
1.000000000000000000e+00,6.018736648559570312e+01,2.482324028015136719e+01,9.633333206176757812e+00,3.000000000000000000e+00,-2.483722675076618092e-01,7.451168025229853997e-01,0.000000000000000000e+00,9.870623760249654932e-01,1.206313194339134034e-05,7.629394531250000000e-06,1.965802743982178827e-11,0.000000000000000000e+00
1.000000000000000000e+00,6.018681335449218750e+01,2.482200241088867188e+01,9.783333778381347656e+00,3.000000000000000000e+00,0.000000000000000000e+00,0.000000000000000000e+00,-2.483722675076618092e-01,7.451168025229853997e-01,0.000000000000000000e+00,1.206313194339134034e-05,1.455191522836685439e-10,0.000000000000000000e+00
1.000000000000000000e+00,6.018685531616210938e+01,2.482189750671386719e+01,9.783333778381347656e+00,3.000000000000000000e+00,2.855198770840043920e-01,-7.137996927100109801e-01,0.000000000000000000e+00,0.000000000000000000e+00,1.129852540559378573e-04,0.000000000000000000e+00,1.276566763408482240e-08,0.000000000000000000e+00
1.000000000000000000e+00,6.018690490722656250e+01,2.482177352905273438e+01,9.783333778381347656e+00,3.000000000000000000e+00,2.855497688821673763e-01,-7.138744222054184130e-01,2.855198770840043920e-01,-7.137996927100109801e-01,1.335280275206538326e-04,1.129852540559378573e-04,4.220055416226388058e-10,0.000000000000000000e+00
1.000000000000000000e+00,6.018694686889648438e+01,2.482165527343750000e+01,9.783333778381347656e+00,3.000000000000000000e+00,2.617413953896356449e-01,-7.376348415526096103e-01,2.855497688821673763e-01,-7.138744222054184130e-01,1.254797683975107225e-04,1.335280275206538326e-04,6.477447491325630073e-11,0.000000000000000000e+00
1.000000000000000000e+00,6.018698120117187500e+01,2.482159233093261719e+01,9.800000190734863281e+00,3.000000000000000000e+00,3.525787200157654566e-01,-6.463943200289032909e-01,2.617413953896356449e-01,-7.376348415526096103e-01,7.169702960667610747e-05,1.254797683975107225e-04,2.892582991843146418e-09,0.000000000000000000e+00
1.000000000000000000e+00,6.018696594238281250e+01,2.482165908813476562e+01,9.800000190734863281e+00,3.000000000000000000e+00,-1.858199461211349768e-01,8.129622642799655408e-01,3.525787200157654566e-01,-6.463943200289032909e-01,6.847886303335662980e-05,7.169702960667610747e-05,1.035659609363082872e-11,0.000000000000000000e+00
1.000000000000000000e+00,6.018695068359375000e+01,2.482169151306152344e+01,9.800000190734863281e+00,3.000000000000000000e+00,-3.193303157895812094e-01,6.785769210528601603e-01,-1.858199461211349768e-01,8.129622642799655408e-01,3.583582730876147369e-05,6.847886303335662980e-05,1.065567781317195695e-09,0.000000000000000000e+00
1.000000000000000000e+00,6.018694305419921875e+01,2.482173728942871094e+01,9.800000190734863281e+00,3.000000000000000000e+00,-1.425901489143071854e-01,8.555408934858431680e-01,-3.193303157895812094e-01,6.785769210528601603e-01,4.640779518354964706e-05,3.583582730876147369e-05,1.117665047455531666e-10,0.000000000000000000e+00
1.000000000000000000e+00,6.018693161010742188e+01,2.482178688049316406e+01,9.800000190734863281e+00,3.000000000000000000e+00,-1.871933024931951295e-01,8.111709774705122555e-01,-1.425901489143071854e-01,8.555408934858431680e-01,5.089440942431005177e-05,4.640779518354964706e-05,2.012970734539406442e-11,0.000000000000000000e+00
1.000000000000000000e+00,6.018669509887695312e+01,2.482117462158203125e+01,1.005000019073486328e+01,3.000000000000000000e+00,0.000000000000000000e+00,0.000000000000000000e+00,-1.871933024931951295e-01,8.111709774705122555e-01,0.000000000000000000e+00,5.089440942431005177e-05,2.590240910649299622e-09,0.000000000000000000e+00
1.000000000000000000e+00,6.018669509887695312e+01,2.482117652893066406e+01,1.005000019073486328e+01,3.000000000000000000e+00,0.000000000000000000e+00,9.501830432614539745e-01,0.000000000000000000e+00,0.000000000000000000e+00,1.907348632812500000e-06,0.000000000000000000e+00,3.637978807091712952e-12,0.000000000000000000e+00
1.000000000000000000e+00,6.018736648559570312e+01,2.482321929931640625e+01,1.178333377838134766e+01,3.000000000000000000e+00,0.000000000000000000e+00,0.000000000000000000e+00,0.000000000000000000e+00,9.501830432614539745e-01,0.000000000000000000e+00,1.907348632812500000e-06,3.637978807091712952e-12,0.000000000000000000e+00
1.000000000000000000e+00,6.018737792968750000e+01,2.482321548461914062e+01,1.178333377838134766e+01,3.000000000000000000e+00,7.451168025229853997e-01,-2.483722675076618092e-01,0.000000000000000000e+00,0.000000000000000000e+00,1.206313194339134034e-05,0.000000000000000000e+00,1.455191522836685439e-10,0.000000000000000000e+00
1.000000000000000000e+00,6.018740081787109375e+01,2.482317543029785156e+01,1.180000019073486328e+01,3.000000000000000000e+00,3.630595522226796046e-01,-6.353542163896893635e-01,7.451168025229853997e-01,-2.483722675076618092e-01,4.613260888079766730e-05,1.206313194339134034e-05,1.160729258788461431e-09,0.000000000000000000e+00
1.000000000000000000e+00,6.018738937377929688e+01,2.482319259643554688e+01,1.180000019073486328e+01,3.000000000000000000e+00,-3.986067683641858483e-01,5.979101525462787725e-01,3.630595522226796046e-01,-6.353542163896893635e-01,2.063112988737481824e-05,4.613260888079766730e-05,6.503254308519868059e-10,0.000000000000000000e+00
1.000000000000000000e+00,6.018738174438476562e+01,2.482320785522460938e+01,1.180000019073486328e+01,3.000000000000000000e+00,-3.318833130132243792e-01,6.637666260264487583e-01,-3.986067683641858483e-01,5.979101525462787725e-01,1.705984479904014439e-05,2.063112988737481824e-05,1.275407718216159898e-11,0.000000000000000000e+00
1.000000000000000000e+00,6.018736648559570312e+01,2.482322883605957031e+01,1.180000019073486328e+01,3.000000000000000000e+00,-4.198939717334096433e-01,5.773542111334382110e-01,-3.318833130132243792e-01,6.637666260264487583e-01,2.594274617907608784e-05,1.705984479904014439e-05,7.890593692744446246e-11,0.000000000000000000e+00
1.000000000000000000e+00,6.018736648559570312e+01,2.482322692871093750e+01,1.180000019073486328e+01,3.000000000000000000e+00,0.000000000000000000e+00,-9.501830432614539745e-01,-4.198939717334096433e-01,5.773542111334382110e-01,1.907348632812500000e-06,2.594274617907608784e-05,5.777003352069337306e-10,0.000000000000000000e+00
1.000000000000000000e+00,6.018735885620117188e+01,2.482323074340820312e+01,1.180000019073486328e+01,3.000000000000000000e+00,-6.608917068136348494e-01,3.304458534068174247e-01,0.000000000000000000e+00,-9.501830432614539745e-01,8.529922399520072193e-06,1.907348632812500000e-06,4.385848329548332024e-11,0.000000000000000000e+00
1.000000000000000000e+00,6.018735504150390625e+01,2.482323837280273438e+01,1.181666660308837891e+01,3.000000000000000000e+00,-3.304458534068174247e-01,6.608917068136348494e-01,-6.608917068136348494e-01,3.304458534068174247e-01,8.529922399520072193e-06,8.529922399520072193e-06,0.000000000000000000e+00,0.000000000000000000e+00
1.000000000000000000e+00,6.018712997436523438e+01,2.482283782958984375e+01,1.403333377838134766e+01,3.000000000000000000e+00,0.000000000000000000e+00,0.000000000000000000e+00,-3.304458534068174247e-01,6.608917068136348494e-01,0.000000000000000000e+00,8.529922399520072193e-06,7.275957614183427196e-11,0.000000000000000000e+00
1.000000000000000000e+00,6.018712997436523438e+01,2.482283782958984375e+01,1.403333377838134766e+01,3.000000000000000000e+00,0.000000000000000000e+00,0.000000000000000000e+00,0.000000000000000000e+00,0.000000000000000000e+00,0.000000000000000000e+00,0.000000000000000000e+00,0.000000000000000000e+00,0.000000000000000000e+00
1.000000000000000000e+00,6.018687820434570312e+01,2.482157135009765625e+01,1.403333377838134766e+01,3.000000000000000000e+00,-1.658182240571539623e-01,-8.341159149541683693e-01,0.000000000000000000e+00,0.000000000000000000e+00,1.291262346258990716e-03,0.000000000000000000e+00,1.667358446866273668e-06,0.000000000000000000e+00
1.000000000000000000e+00,6.018691253662109375e+01,2.482156753540039062e+01,1.403333377838134766e+01,3.000000000000000000e+00,8.976468725823376626e-01,-9.973854139803751961e-02,-1.658182240571539623e-01,-8.341159149541683693e-01,3.454355292563406868e-05,1.291262346258990716e-03,1.579342125517247960e-06,0.000000000000000000e+00
1.000000000000000000e+00,6.018698501586914062e+01,2.482154273986816406e+01,1.403333377838134766e+01,3.000000000000000000e+00,7.443328533666159208e-01,-2.546401866780528267e-01,8.976468725823376626e-01,-9.973854139803751961e-02,7.660326243600159863e-05,3.454355292563406868e-05,1.769019164096500872e-09,0.000000000000000000e+00
1.000000000000000000e+00,6.018698501586914062e+01,2.482154273986816406e+01,1.405000019073486328e+01,3.000000000000000000e+00,0.000000000000000000e+00,0.000000000000000000e+00,7.443328533666159208e-01,-2.546401866780528267e-01,0.000000000000000000e+00,7.660326243600159863e-05,5.868059815838933818e-09,0.000000000000000000e+00
1.000000000000000000e+00,6.018700027465820312e+01,2.482153320312500000e+01,1.405000019073486328e+01,3.000000000000000000e+00,6.129127477025578807e-01,-3.830704673140986616e-01,0.000000000000000000e+00,0.000000000000000000e+00,1.799389101420708305e-05,0.000000000000000000e+00,3.237801138311624010e-10,0.000000000000000000e+00
1.000000000000000000e+00,6.018700790405273438e+01,2.482154083251953125e+01,1.405000019073486328e+01,3.000000000000000000e+00,4.967445350153236183e-01,4.967445350153236183e-01,6.129127477025578807e-01,-3.830704673140986616e-01,1.078959321878887288e-05,1.799389101420708305e-05,5.190190672506768447e-11,0.000000000000000000e+00
1.000000000000000000e+00,6.018700027465820312e+01,2.482153892517089844e+01,1.405000019073486328e+01,3.000000000000000000e+00,-7.916984401640652091e-01,-1.979246100410163023e-01,4.967445350153236183e-01,4.967445350153236183e-01,7.864199877963372394e-06,1.078959321878887288e-05,8.557926198546182307e-12,0.000000000000000000e+00
1.000000000000000000e+00,6.018672943115234375e+01,2.482118988037109375e+01,1.408333301544189453e+01,3.000000000000000000e+00,-4.368526041298110840e-01,-5.629861025053199963e-01,-7.916984401640652091e-01,-1.979246100410163023e-01,4.418013998810909888e-04,7.864199877963372394e-06,1.883014935465543899e-07,0.000000000000000000e+00
1.000000000000000000e+00,6.018671417236328125e+01,2.482117843627929688e+01,1.408333301544189453e+01,3.000000000000000000e+00,-5.692966044417887561e-01,-4.269724533313415948e-01,-4.368526041298110840e-01,-5.629861025053199963e-01,1.907348632812500000e-05,4.418013998810909888e-04,1.786988888968438794e-07,0.000000000000000000e+00
1.000000000000000000e+00,6.018670654296875000e+01,2.482115936279296875e+01,1.408333301544189453e+01,3.000000000000000000e+00,-2.846483022208943781e-01,-7.116207555522359174e-01,-5.692966044417887561e-01,-4.269724533313415948e-01,2.054277346471597191e-05,1.907348632812500000e-05,2.158804689751697436e-12,0.000000000000000000e+00
1.000000000000000000e+00,6.018669128417968750e+01,2.482113265991210938e+01,1.408333301544189453e+01,3.000000000000000000e+00,-3.627718321892960396e-01,-6.348507063312680554e-01,-2.846483022208943781e-01,-7.116207555522359174e-01,3.075507258719844487e-05,2.054277346471597191e-05,1.042910533670562816e-10,0.000000000000000000e+00
1.000000000000000000e+00,6.018668746948242188e+01,2.482111930847167969e+01,1.408333301544189453e+01,3.000000000000000000e+00,-2.209351815062052804e-01,-7.732731352717184814e-01,-3.627718321892960396e-01,-6.348507063312680554e-01,1.388570764404395686e-05,3.075507258719844487e-05,2.845754735853296794e-10,0.000000000000000000e+00
1.000000000000000000e+00,6.018668746948242188e+01,2.482111549377441406e+01,1.410000038146972656e+01,3.000000000000000000e+00,0.000000000000000000e+00,-9.744552405423272390e-01,-2.209351815062052804e-01,-7.732731352717184814e-01,3.814697265625000000e-06,1.388570764404395686e-05,1.014252500422223392e-10,0.000000000000000000e+00
1.000000000000000000e+00,6.018697738647460938e+01,2.482150077819824219e+01,1.496666622161865234e+01,3.000000000000000000e+00,0.000000000000000000e+00,0.000000000000000000e+00,0.000000000000000000e+00,-9.744552405423272390e-01,0.000000000000000000e+00,3.814697265625000000e-06,1.455191522836685181e-11,0.000000000000000000e+00
1.000000000000000000e+00,6.018699264526367188e+01,2.482151412963867188e+01,1.498333358764648438e+01,3.000000000000000000e+00,5.314756911522477978e-01,4.650412297582168231e-01,0.000000000000000000e+00,0.000000000000000000e+00,2.027539408251695629e-05,0.000000000000000000e+00,4.110916052013636152e-10,0.000000000000000000e+00
1.000000000000000000e+00,6.018699645996093750e+01,2.482154083251953125e+01,1.498333358764648438e+01,3.000000000000000000e+00,1.245917377935979314e-01,8.721421645551854507e-01,5.314756911522477978e-01,4.650412297582168231e-01,2.697398304697218134e-05,2.027539408251695629e-05,4.487109411472132442e-11,0.000000000000000000e+00
1.000000000000000000e+00,6.018699645996093750e+01,2.482154083251953125e+01,1.498333358764648438e+01,3.000000000000000000e+00,0.000000000000000000e+00,0.000000000000000000e+00,1.245917377935979314e-01,8.721421645551854507e-01,0.000000000000000000e+00,2.697398304697218134e-05,7.275957614183426937e-10,0.000000000000000000e+00
1.000000000000000000e+00,6.018695831298828125e+01,2.482163429260253906e+01,1.498333358764648438e+01,3.000000000000000000e+00,-2.896349968793566765e-01,7.096057423544238629e-01,0.000000000000000000e+00,0.000000000000000000e+00,1.009454240600528096e-04,0.000000000000000000e+00,1.018997863866388798e-08,0.000000000000000000e+00
1.000000000000000000e+00,6.018737030029296875e+01,2.482326507568359375e+01,1.564999961853027344e+01,3.000000000000000000e+00,0.000000000000000000e+00,0.000000000000000000e+00,-2.896349968793566765e-01,7.096057423544238629e-01,0.000000000000000000e+00,1.009454240600528096e-04,1.018997863866388798e-08,0.000000000000000000e+00
1.000000000000000000e+00,6.018738555908203125e+01,2.482323837280273438e+01,1.566666698455810547e+01,3.000000000000000000e+00,3.627718321892960396e-01,-6.348507063312680554e-01,0.000000000000000000e+00,0.000000000000000000e+00,3.075507258719844487e-05,0.000000000000000000e+00,9.458744898438451606e-10,0.000000000000000000e+00
1.000000000000000000e+00,6.018738174438476562e+01,2.482324600219726562e+01,1.566666698455810547e+01,3.000000000000000000e+00,-3.304458534068174247e-01,6.608917068136348494e-01,3.627718321892960396e-01,-6.348507063312680554e-01,8.529922399520072193e-06,3.075507258719844487e-05,4.939573008648600190e-10,0.000000000000000000e+00
1.000000000000000000e+00,6.018737030029296875e+01,2.482324028015136719e+01,1.566666698455810547e+01,3.000000000000000000e+00,-6.628055445186158412e-01,-3.314027722593079206e-01,-3.304458534068174247e-01,6.608917068136348494e-01,1.279488359928010829e-05,8.529922399520072193e-06,1.818989403545856799e-11,0.000000000000000000e+00
1.000000000000000000e+00,6.018736648559570312e+01,2.482324409484863281e+01,1.566666698455810547e+01,3.000000000000000000e+00,-4.935311880124827466e-01,4.935311880124827466e-01,-6.628055445186158412e-01,-3.314027722593079206e-01,5.394796609394436438e-06,1.279488359928010829e-05,5.476128745787518448e-11,0.000000000000000000e+00
1.000000000000000000e+00,6.018736648559570312e+01,2.482325172424316406e+01,1.566666698455810547e+01,3.000000000000000000e+00,0.000000000000000000e+00,9.870623760249654932e-01,-4.935311880124827466e-01,4.935311880124827466e-01,7.629394531250000000e-06,5.394796609394436438e-06,4.993427872361203418e-12,0.000000000000000000e+00
1.000000000000000000e+00,6.018736267089843750e+01,2.482324409484863281e+01,1.566666698455810547e+01,3.000000000000000000e+00,-3.304458534068174247e-01,-6.608917068136348494e-01,0.000000000000000000e+00,9.870623760249654932e-01,8.529922399520072193e-06,7.629394531250000000e-06,8.109504415310404950e-13,0.000000000000000000e+00
1.000000000000000000e+00,6.018706512451171875e+01,2.482210350036621094e+01,1.616666603088378906e+01,3.000000000000000000e+00,0.000000000000000000e+00,0.000000000000000000e+00,-3.304458534068174247e-01,-6.608917068136348494e-01,0.000000000000000000e+00,8.529922399520072193e-06,7.275957614183427196e-11,0.000000000000000000e+00
1.000000000000000000e+00,6.018718338012695312e+01,2.482160949707031250e+01,1.616666603088378906e+01,3.000000000000000000e+00,1.931148760709827383e-01,-8.067218210062020445e-01,0.000000000000000000e+00,0.000000000000000000e+00,5.079602808222113053e-04,0.000000000000000000e+00,2.580236468929797940e-07,0.000000000000000000e+00
1.000000000000000000e+00,6.018725967407226562e+01,2.482128906250000000e+01,1.616666603088378906e+01,3.000000000000000000e+00,1.922592311501051809e-01,-8.074887708304417933e-01,1.931148760709827383e-01,-8.067218210062020445e-01,3.293919852435745550e-04,5.079602808222113053e-04,3.188663618585937994e-08,0.000000000000000000e+00
1.000000000000000000e+00,6.018725967407226562e+01,2.482128906250000000e+01,1.616666603088378906e+01,3.000000000000000000e+00,0.000000000000000000e+00,0.000000000000000000e+00,1.922592311501051809e-01,-8.074887708304417933e-01,0.000000000000000000e+00,3.293919852435745550e-04,1.084990799427032338e-07,0.000000000000000000e+00
1.000000000000000000e+00,6.018722152709960938e+01,2.482134819030761719e+01,1.616666603088378906e+01,3.000000000000000000e+00,-3.917541333508504642e-01,6.072189066938182833e-01,0.000000000000000000e+00,0.000000000000000000e+00,7.036539743689237817e-05,0.000000000000000000e+00,4.951289156451820500e-09,0.000000000000000000e+00
1.000000000000000000e+00,6.018700408935546875e+01,2.482158088684082031e+01,1.616666603088378906e+01,3.000000000000000000e+00,-4.829435586811466896e-01,5.168343347289464651e-01,-3.917541333508504642e-01,6.072189066938182833e-01,3.184758219107330793e-04,7.036539743689237817e-05,6.155878273258940479e-08,0.000000000000000000e+00
1.000000000000000000e+00,6.018696975708007812e+01,2.482158470153808594e+01,1.618333244323730469e+01,3.000000000000000000e+00,-8.976468725823376626e-01,9.973854139803751961e-02,-4.829435586811466896e-01,5.168343347289464651e-01,3.454355292563406868e-05,3.184758219107330793e-04,8.061753337102663699e-08,0.000000000000000000e+00
1.000000000000000000e+00,6.018696975708007812e+01,2.482158470153808594e+01,1.618333244323730469e+01,3.000000000000000000e+00,0.000000000000000000e+00,0.000000000000000000e+00,-8.976468725823376626e-01,9.973854139803751961e-02,0.000000000000000000e+00,3.454355292563406868e-05,1.193257048726082055e-09,0.000000000000000000e+00
1.000000000000000000e+00,6.018696975708007812e+01,2.482158470153808594e+01,1.618333244323730469e+01,3.000000000000000000e+00,0.000000000000000000e+00,0.000000000000000000e+00,0.000000000000000000e+00,0.000000000000000000e+00,0.000000000000000000e+00,0.000000000000000000e+00,0.000000000000000000e+00,0.000000000000000000e+00
1.000000000000000000e+00,6.018698883056640625e+01,2.482159805297851562e+01,1.618333244323730469e+01,3.000000000000000000e+00,5.864267264965796755e-01,4.104987085476057840e-01,0.000000000000000000e+00,0.000000000000000000e+00,2.328215716501942076e-05,0.000000000000000000e+00,5.420588422566651264e-10,0.000000000000000000e+00
1.000000000000000000e+00,6.018700027465820312e+01,2.482158279418945312e+01,1.618333244323730469e+01,3.000000000000000000e+00,4.269724533313415948e-01,-5.692966044417887561e-01,5.864267264965796755e-01,4.104987085476057840e-01,1.907348632812500000e-05,2.328215716501942076e-05,1.771291021332558484e-11,0.000000000000000000e+00
1.000000000000000000e+00,6.018700790405273438e+01,2.482158279418945312e+01,1.618333244323730469e+01,3.000000000000000000e+00,9.870623760249654932e-01,0.000000000000000000e+00,4.269724533313415948e-01,-5.692966044417887561e-01,7.629394531250000000e-06,1.907348632812500000e-05,1.309672370553016663e-10,0.000000000000000000e+00
1.000000000000000000e+00,6.018701171875000000e+01,2.482156753540039062e+01,1.620000076293945312e+01,3.000000000000000000e+00,1.989568928854288654e-01,-7.958275715417154617e-01,9.870623760249654932e-01,0.000000000000000000e+00,1.572839975592674479e-05,7.629394531250000000e-06,6.559388562934120502e-11,0.000000000000000000e+00
1.000000000000000000e+00,6.018701934814453125e+01,2.482153892517089844e+01,1.620000076293945312e+01,3.000000000000000000e+00,2.099469858667048217e-01,-7.873011970001430049e-01,1.989568928854288654e-01,-7.958275715417154617e-01,2.961001338245396465e-05,1.572839975592674479e-05,1.926991968761861965e-10,0.000000000000000000e+00
1.000000000000000000e+00,6.018744659423828125e+01,2.482224845886230469e+01,1.781666755676269531e+01,3.000000000000000000e+00,0.000000000000000000e+00,0.000000000000000000e+00,2.099469858667048217e-01,-7.873011970001430049e-01,0.000000000000000000e+00,2.961001338245396465e-05,8.767528925091029247e-10,0.000000000000000000e+00
1.000000000000000000e+00,6.018754577636718750e+01,2.482233810424804688e+01,1.781666755676269531e+01,3.000000000000000000e+00,5.249745072379284894e-01,4.744961892342815513e-01,0.000000000000000000e+00,0.000000000000000000e+00,1.336913979253773188e-04,0.000000000000000000e+00,1.787338987924158242e-08,0.000000000000000000e+00
1.000000000000000000e+00,6.018754577636718750e+01,2.482233810424804688e+01,1.781666755676269531e+01,3.000000000000000000e+00,0.000000000000000000e+00,0.000000000000000000e+00,5.249745072379284894e-01,4.744961892342815513e-01,0.000000000000000000e+00,1.336913979253773188e-04,1.787338987924158242e-08,0.000000000000000000e+00
1.000000000000000000e+00,6.018777847290039062e+01,2.482250785827636719e+01,1.781666755676269531e+01,3.000000000000000000e+00,5.780554182373853767e-01,4.216961657633385152e-01,0.000000000000000000e+00,0.000000000000000000e+00,2.880349053426103424e-04,0.000000000000000000e+00,8.296410669572650063e-08,0.000000000000000000e+00
1.000000000000000000e+00,6.018777847290039062e+01,2.482250785827636719e+01,1.781666755676269531e+01,3.000000000000000000e+00,0.000000000000000000e+00,0.000000000000000000e+00,5.780554182373853767e-01,4.216961657633385152e-01,0.000000000000000000e+00,2.880349053426103424e-04,8.296410669572650063e-08,0.000000000000000000e+00
1.000000000000000000e+00,6.018688583374023438e+01,2.482109260559082031e+01,1.783333396911621094e+01,3.000000000000000000e+00,-3.867601013487590444e-01,-6.131965709418358834e-01,0.000000000000000000e+00,0.000000000000000000e+00,1.673243805962567124e-03,0.000000000000000000e+00,2.799744834192097187e-06,0.000000000000000000e+00
1.000000000000000000e+00,6.018688583374023438e+01,2.482109260559082031e+01,1.783333396911621094e+01,3.000000000000000000e+00,0.000000000000000000e+00,0.000000000000000000e+00,-3.867601013487590444e-01,-6.131965709418358834e-01,0.000000000000000000e+00,1.673243805962567124e-03,2.799744834192097187e-06,0.000000000000000000e+00
1.000000000000000000e+00,6.018692779541015625e+01,2.482038879394531250e+01,1.783333396911621094e+01,3.000000000000000000e+00,5.625844101649012108e-02,-9.436074879584024355e-01,0.000000000000000000e+00,0.000000000000000000e+00,7.050614257602291464e-04,0.000000000000000000e+00,4.971116140950471163e-07,0.000000000000000000e+00
1.000000000000000000e+00,6.018692779541015625e+01,2.482038879394531250e+01,1.783333396911621094e+01,3.000000000000000000e+00,0.000000000000000000e+00,0.000000000000000000e+00,5.625844101649012108e-02,-9.436074879584024355e-01,0.000000000000000000e+00,7.050614257602291464e-04,4.971116140950471163e-07,0.000000000000000000e+00
1.000000000000000000e+00,6.018656539916992188e+01,2.482029151916503906e+01,1.783333396911621094e+01,3.000000000000000000e+00,-7.882102700472769508e-01,-2.115722303811111704e-01,0.000000000000000000e+00,0.000000000000000000e+00,3.752244898900608744e-04,0.000000000000000000e+00,1.407934178132563829e-07,0.000000000000000000e+00
1.000000000000000000e+00,6.018656539916992188e+01,2.482029151916503906e+01,1.783333396911621094e+01,3.000000000000000000e+00,0.000000000000000000e+00,0.000000000000000000e+00,-7.882102700472769508e-01,-2.115722303811111704e-01,0.000000000000000000e+00,3.752244898900608744e-04,1.407934178132563829e-07,0.000000000000000000e+00
1.000000000000000000e+00,6.018598556518554688e+01,2.482334136962890625e+01,1.785000038146972656e+01,3.000000000000000000e+00,-1.597433656579246575e-01,8.402290844967812422e-01,0.000000000000000000e+00,0.000000000000000000e+00,3.104479876144647550e-03,0.000000000000000000e+00,9.637795301387086511e-06,0.000000000000000000e+00
1.000000000000000000e+00,6.018598556518554688e+01,2.482334136962890625e+01,1.785000038146972656e+01,3.000000000000000000e+00,0.000000000000000000e+00,0.000000000000000000e+00,-1.597433656579246575e-01,8.402290844967812422e-01,0.000000000000000000e+00,3.104479876144647550e-03,9.637795301387086511e-06,0.000000000000000000e+00
1.000000000000000000e+00,6.018447113037109375e+01,2.482762336730957031e+01,1.785000038146972656e+01,3.000000000000000000e+00,-2.612656473035968041e-01,7.387171010032428375e-01,0.000000000000000000e+00,0.000000000000000000e+00,4.541917760642532817e-03,0.000000000000000000e+00,2.062901694444008172e-05,0.000000000000000000e+00
1.000000000000000000e+00,6.018447113037109375e+01,2.482762336730957031e+01,1.785000038146972656e+01,3.000000000000000000e+00,0.000000000000000000e+00,0.000000000000000000e+00,-2.612656473035968041e-01,7.387171010032428375e-01,0.000000000000000000e+00,4.541917760642532817e-03,2.062901694444008172e-05,0.000000000000000000e+00
1.000000000000000000e+00,6.018288040161132812e+01,2.482685852050781250e+01,1.785000038146972656e+01,3.000000000000000000e+00,-6.752749766342551752e-01,-3.246825726982449645e-01,0.000000000000000000e+00,0.000000000000000000e+00,1.765052015467147122e-03,0.000000000000000000e+00,3.115408617304638028e-06,0.000000000000000000e+00
1.000000000000000000e+00,6.018288040161132812e+01,2.482685852050781250e+01,1.785000038146972656e+01,3.000000000000000000e+00,0.000000000000000000e+00,0.000000000000000000e+00,-6.752749766342551752e-01,-3.246825726982449645e-01,0.000000000000000000e+00,1.765052015467147122e-03,3.115408617304638028e-06,0.000000000000000000e+00
1.000000000000000000e+00,6.018209838867187500e+01,2.482497596740722656e+01,1.786666679382324219e+01,3.000000000000000000e+00,-2.934750275279003340e-01,-7.064874443171649254e-01,0.000000000000000000e+00,0.000000000000000000e+00,2.038516719087151135e-03,0.000000000000000000e+00,4.155550413997843015e-06,0.000000000000000000e+00
1.000000000000000000e+00,6.018209838867187500e+01,2.482497596740722656e+01,1.786666679382324219e+01,3.000000000000000000e+00,0.000000000000000000e+00,0.000000000000000000e+00,-2.934750275279003340e-01,-7.064874443171649254e-01,0.000000000000000000e+00,2.038516719087151135e-03,4.155550413997843015e-06,0.000000000000000000e+00
1.000000000000000000e+00,6.018042373657226562e+01,2.482416534423828125e+01,1.786666679382324219e+01,3.000000000000000000e+00,-6.738025121587495336e-01,-3.261572524686429664e-01,0.000000000000000000e+00,0.000000000000000000e+00,1.860529380783068577e-03,0.000000000000000000e+00,3.461569576757028699e-06,0.000000000000000000e+00
1.000000000000000000e+00,6.018022155761718750e+01,2.482398223876953125e+01,1.786666679382324219e+01,3.000000000000000000e+00,-5.246163118629139088e-01,-4.751242069701861470e-01,-6.738025121587495336e-01,-3.261572524686429664e-01,2.727708609119378004e-04,1.860529380783068577e-03,2.520977117423363991e-06,0.000000000000000000e+00
1.000000000000000000e+00,6.018022155761718750e+01,2.482398223876953125e+01,1.786666679382324219e+01,3.000000000000000000e+00,0.000000000000000000e+00,0.000000000000000000e+00,-5.246163118629139088e-01,-4.751242069701861470e-01,0.000000000000000000e+00,2.727708609119378004e-04,7.440394256263971329e-08,0.000000000000000000e+00
1.000000000000000000e+00,6.017931747436523438e+01,2.482334327697753906e+01,1.786666679382324219e+01,3.000000000000000000e+00,-5.858705605804120919e-01,-4.140646366971267311e-01,0.000000000000000000e+00,0.000000000000000000e+00,1.107085677844314373e-03,0.000000000000000000e+00,1.225638698088004973e-06,0.000000000000000000e+00
1.000000000000000000e+00,6.017931747436523438e+01,2.482334327697753906e+01,1.788333320617675781e+01,3.000000000000000000e+00,0.000000000000000000e+00,0.000000000000000000e+00,-5.858705605804120919e-01,-4.140646366971267311e-01,0.000000000000000000e+00,1.107085677844314373e-03,1.225638698088004973e-06,0.000000000000000000e+00
1.000000000000000000e+00,6.017931747436523438e+01,2.482334327697753906e+01,1.788333320617675781e+01,3.000000000000000000e+00,0.000000000000000000e+00,0.000000000000000000e+00,0.000000000000000000e+00,0.000000000000000000e+00,0.000000000000000000e+00,0.000000000000000000e+00,0.000000000000000000e+00,0.000000000000000000e+00
1.000000000000000000e+00,6.017851257324218750e+01,2.482432746887207031e+01,1.788333320617675781e+01,3.000000000000000000e+00,-4.498682451468537513e-01,5.500758637340675827e-01,0.000000000000000000e+00,0.000000000000000000e+00,1.271416337453287358e-03,0.000000000000000000e+00,1.616499503143131521e-06,0.000000000000000000e+00
1.000000000000000000e+00,6.017851257324218750e+01,2.482432746887207031e+01,1.788333320617675781e+01,3.000000000000000000e+00,0.000000000000000000e+00,0.000000000000000000e+00,-4.498682451468537513e-01,5.500758637340675827e-01,0.000000000000000000e+00,1.271416337453287358e-03,1.616499503143131521e-06,0.000000000000000000e+00
1.000000000000000000e+00,6.017851257324218750e+01,2.482432746887207031e+01,1.788333320617675781e+01,3.000000000000000000e+00,0.000000000000000000e+00,0.000000000000000000e+00,0.000000000000000000e+00,0.000000000000000000e+00,0.000000000000000000e+00,0.000000000000000000e+00,0.000000000000000000e+00,0.000000000000000000e+00
1.000000000000000000e+00,6.017583847045898438e+01,2.482794380187988281e+01,1.788333320617675781e+01,3.000000000000000000e+00,-4.250993670558836923e-01,5.748847360470438206e-01,0.000000000000000000e+00,0.000000000000000000e+00,4.497631612140872044e-03,0.000000000000000000e+00,2.022869011852889914e-05,0.000000000000000000e+00
1.000000000000000000e+00,6.017583847045898438e+01,2.482794380187988281e+01,1.789999961853027344e+01,3.000000000000000000e+00,0.000000000000000000e+00,0.000000000000000000e+00,-4.250993670558836923e-01,5.748847360470438206e-01,0.000000000000000000e+00,4.497631612140872044e-03,2.022869011852889914e-05,0.000000000000000000e+00
1.000000000000000000e+00,6.017312240600585938e+01,2.482616233825683594e+01,1.789999961853027344e+01,3.000000000000000000e+00,-6.038881844220341799e-01,-3.960895816363622646e-01,0.000000000000000000e+00,0.000000000000000000e+00,3.248171601650458405e-03,0.000000000000000000e+00,1.055061875376850367e-05,0.000000000000000000e+00
1.000000000000000000e+00,6.017312240600585938e+01,2.482616233825683594e+01,1.789999961853027344e+01,3.000000000000000000e+00,0.000000000000000000e+00,0.000000000000000000e+00,-6.038881844220341799e-01,-3.960895816363622646e-01,0.000000000000000000e+00,3.248171601650458405e-03,1.055061875376850367e-05,0.000000000000000000e+00
1.000000000000000000e+00,6.017312240600585938e+01,2.482616233825683594e+01,1.789999961853027344e+01,3.000000000000000000e+00,0.000000000000000000e+00,0.000000000000000000e+00,0.000000000000000000e+00,0.000000000000000000e+00,0.000000000000000000e+00,0.000000000000000000e+00,0.000000000000000000e+00,0.000000000000000000e+00
1.000000000000000000e+00,6.017312240600585938e+01,2.482616233825683594e+01,1.789999961853027344e+01,3.000000000000000000e+00,0.000000000000000000e+00,0.000000000000000000e+00,0.000000000000000000e+00,0.000000000000000000e+00,0.000000000000000000e+00,0.000000000000000000e+00,0.000000000000000000e+00,0.000000000000000000e+00
1.000000000000000000e+00,6.017023849487304688e+01,2.481325721740722656e+01,1.789999961853027344e+01,3.000000000000000000e+00,-1.826516578633438359e-01,-8.173420086662595008e-01,0.000000000000000000e+00,0.000000000000000000e+00,1.322342949332670249e-02,0.000000000000000000e+00,1.748590875649825010e-04,0.000000000000000000e+00
1.000000000000000000e+00,6.017023849487304688e+01,2.481325721740722656e+01,1.791666603088378906e+01,3.000000000000000000e+00,0.000000000000000000e+00,0.000000000000000000e+00,-1.826516578633438359e-01,-8.173420086662595008e-01,0.000000000000000000e+00,1.322342949332670249e-02,1.748590875649825010e-04,0.000000000000000000e+00
1.000000000000000000e+00,6.017020797729492188e+01,2.481322097778320312e+01,1.791666603088378906e+01,3.000000000000000000e+00,-4.564590970654792135e-01,-5.420451777652566250e-01,0.000000000000000000e+00,0.000000000000000000e+00,4.737755717611015819e-05,0.000000000000000000e+00,2.244632923975587305e-09,0.000000000000000000e+00
1.000000000000000000e+00,6.017020797729492188e+01,2.481322097778320312e+01,1.791666603088378906e+01,3.000000000000000000e+00,0.000000000000000000e+00,0.000000000000000000e+00,-4.564590970654792135e-01,-5.420451777652566250e-01,0.000000000000000000e+00,4.737755717611015819e-05,2.244632923975587305e-09,0.000000000000000000e+00
1.000000000000000000e+00,6.017020797729492188e+01,2.481322097778320312e+01,1.791666603088378906e+01,3.000000000000000000e+00,0.000000000000000000e+00,0.000000000000000000e+00,0.000000000000000000e+00,0.000000000000000000e+00,0.000000000000000000e+00,0.000000000000000000e+00,0.000000000000000000e+00,0.000000000000000000e+00
1.000000000000000000e+00,6.016930007934570312e+01,2.479937362670898438e+01,1.791666603088378906e+01,3.000000000000000000e+00,-6.153008971706724894e-02,-9.384631330796391335e-01,0.000000000000000000e+00,0.000000000000000000e+00,1.387708220264125859e-02,0.000000000000000000e+00,1.925734104588627544e-04,0.000000000000000000e+00
1.000000000000000000e+00,6.016908264160156250e+01,2.479573249816894531e+01,1.791666603088378906e+01,3.000000000000000000e+00,-5.635049214597992462e-02,-9.436235921638216340e-01,-6.153008971706724894e-02,-9.384631330796391335e-01,3.647615141111238465e-03,1.387708220264125859e-02,1.046419963629276184e-04,0.000000000000000000e+00
1.000000000000000000e+00,6.016875457763671875e+01,2.478951835632324219e+01,1.793333244323730469e+01,3.000000000000000000e+00,-5.014500611005937025e-02,-9.498397087591479160e-01,-5.635049214597992462e-02,-9.436235921638216340e-01,6.222795581050983085e-03,3.647615141111238465e-03,6.631554298248256232e-06,0.000000000000000000e+00
1.000000000000000000e+00,6.016865158081054688e+01,2.478760719299316406e+01,1.793333244323730469e+01,3.000000000000000000e+00,-5.113382491943188612e-02,-9.488165290605693469e-01,-5.014500611005937025e-02,-9.498397087591479160e-01,1.913936681407404222e-03,6.222795581050983085e-03,1.856626501703767439e-05,0.000000000000000000e+00
1.000000000000000000e+00,6.016916656494140625e+01,2.478095817565917969e+01,1.793333244323730469e+01,3.000000000000000000e+00,7.188398062011630563e-02,-9.281020608952794682e-01,-5.113382491943188612e-02,-9.488165290605693469e-01,6.668930961005794904e-03,1.913936681407404222e-03,2.260997059901341966e-05,0.000000000000000000e+00
1.000000000000000000e+00,6.016853713989257812e+01,2.477561950683593750e+01,1.793333244323730469e+01,3.000000000000000000e+00,-1.054632376762558305e-01,-8.945200068358790668e-01,7.188398062011630563e-02,-9.281020608952794682e-01,5.375645142338769319e-03,6.668930961005794904e-03,1.672588208765238663e-06,0.000000000000000000e+00
1.000000000000000000e+00,6.016853713989257812e+01,2.477561950683593750e+01,1.793333244323730469e+01,3.000000000000000000e+00,0.000000000000000000e+00,0.000000000000000000e+00,-1.054632376762558305e-01,-8.945200068358790668e-01,0.000000000000000000e+00,5.375645142338769319e-03,2.889756069635040719e-05,0.000000000000000000e+00
1.000000000000000000e+00,6.016853713989257812e+01,2.477561950683593750e+01,1.793333244323730469e+01,3.000000000000000000e+00,0.000000000000000000e+00,0.000000000000000000e+00,0.000000000000000000e+00,0.000000000000000000e+00,0.000000000000000000e+00,0.000000000000000000e+00,0.000000000000000000e+00,0.000000000000000000e+00
1.000000000000000000e+00,6.016762161254882812e+01,2.476619529724121094e+01,1.795000076293945312e+01,3.000000000000000000e+00,-8.854369263243824784e-02,-9.114466360351611840e-01,0.000000000000000000e+00,0.000000000000000000e+00,9.468575225581202931e-03,0.000000000000000000e+00,8.965391680249013007e-05,0.000000000000000000e+00
1.000000000000000000e+00,6.016762161254882812e+01,2.476619529724121094e+01,1.795000076293945312e+01,3.000000000000000000e+00,0.000000000000000000e+00,0.000000000000000000e+00,-8.854369263243824784e-02,-9.114466360351611840e-01,0.000000000000000000e+00,9.468575225581202931e-03,8.965391680249013007e-05,0.000000000000000000e+00
1.000000000000000000e+00,6.016762161254882812e+01,2.476619529724121094e+01,1.795000076293945312e+01,3.000000000000000000e+00,0.000000000000000000e+00,0.000000000000000000e+00,0.000000000000000000e+00,0.000000000000000000e+00,0.000000000000000000e+00,0.000000000000000000e+00,0.000000000000000000e+00,0.000000000000000000e+00
1.000000000000000000e+00,6.016723251342773438e+01,2.475884246826171875e+01,1.795000076293945312e+01,3.000000000000000000e+00,-5.025803523811828155e-02,-9.497290482497351416e-01,0.000000000000000000e+00,0.000000000000000000e+00,7.363117011680315321e-03,0.000000000000000000e+00,5.421549212769605897e-05,0.000000000000000000e+00
1.000000000000000000e+00,6.016723251342773438e+01,2.475884246826171875e+01,1.795000076293945312e+01,3.000000000000000000e+00,0.000000000000000000e+00,0.000000000000000000e+00,-5.025803523811828155e-02,-9.497290482497351416e-01,0.000000000000000000e+00,7.363117011680315321e-03,5.421549212769605897e-05,0.000000000000000000e+00
1.000000000000000000e+00,6.016723251342773438e+01,2.475884246826171875e+01,1.795000076293945312e+01,3.000000000000000000e+00,0.000000000000000000e+00,0.000000000000000000e+00,0.000000000000000000e+00,0.000000000000000000e+00,0.000000000000000000e+00,0.000000000000000000e+00,0.000000000000000000e+00,0.000000000000000000e+00
1.000000000000000000e+00,6.016723251342773438e+01,2.475884246826171875e+01,1.796666717529296875e+01,3.000000000000000000e+00,0.000000000000000000e+00,0.000000000000000000e+00,0.000000000000000000e+00,0.000000000000000000e+00,0.000000000000000000e+00,0.000000000000000000e+00,0.000000000000000000e+00,0.000000000000000000e+00
1.000000000000000000e+00,6.016723251342773438e+01,2.475884246826171875e+01,1.796666717529296875e+01,3.000000000000000000e+00,0.000000000000000000e+00,0.000000000000000000e+00,0.000000000000000000e+00,0.000000000000000000e+00,0.000000000000000000e+00,0.000000000000000000e+00,0.000000000000000000e+00,0.000000000000000000e+00
1.000000000000000000e+00,6.016723251342773438e+01,2.475884246826171875e+01,1.796666717529296875e+01,3.000000000000000000e+00,0.000000000000000000e+00,0.000000000000000000e+00,0.000000000000000000e+00,0.000000000000000000e+00,0.000000000000000000e+00,0.000000000000000000e+00,0.000000000000000000e+00,0.000000000000000000e+00
1.000000000000000000e+00,6.016723251342773438e+01,2.475884246826171875e+01,1.796666717529296875e+01,3.000000000000000000e+00,0.000000000000000000e+00,0.000000000000000000e+00,0.000000000000000000e+00,0.000000000000000000e+00,0.000000000000000000e+00,0.000000000000000000e+00,0.000000000000000000e+00,0.000000000000000000e+00
1.000000000000000000e+00,6.017077255249023438e+01,2.475082206726074219e+01,1.796666717529296875e+01,3.000000000000000000e+00,3.062174468547636530e-01,-6.937739030303238241e-01,0.000000000000000000e+00,0.000000000000000000e+00,8.766909876375581293e-03,0.000000000000000000e+00,7.685870878049171106e-05,0.000000000000000000e+00
1.000000000000000000e+00,6.017077255249023438e+01,2.475082588195800781e+01,1.796666717529296875e+01,3.000000000000000000e+00,0.000000000000000000e+00,9.744552405423272390e-01,3.062174468547636530e-01,-6.937739030303238241e-01,3.814697265625000000e-06,8.766909876375581293e-03,7.679183711814015082e-05,0.000000000000000000e+00
1.000000000000000000e+00,6.017077255249023438e+01,2.475083160400390625e+01,1.798333358764648438e+01,3.000000000000000000e+00,0.000000000000000000e+00,9.828239073094842126e-01,0.000000000000000000e+00,9.744552405423272390e-01,5.722045898437500000e-06,3.814697265625000000e-06,3.637978807091712952e-12,0.000000000000000000e+00
1.000000000000000000e+00,6.016970443725585938e+01,2.474535942077636719e+01,1.798333358764648438e+01,3.000000000000000000e+00,-1.633104222311271281e-01,-8.366742881805423471e-01,0.000000000000000000e+00,9.828239073094842126e-01,5.575451500072777823e-03,5.722045898437500000e-06,3.102188619269719379e-05,0.000000000000000000e+00
1.000000000000000000e+00,6.016970443725585938e+01,2.474535942077636719e+01,1.798333358764648438e+01,3.000000000000000000e+00,0.000000000000000000e+00,0.000000000000000000e+00,-1.633104222311271281e-01,-8.366742881805423471e-01,0.000000000000000000e+00,5.575451500072777823e-03,3.108565942966378548e-05,0.000000000000000000e+00
1.000000000000000000e+00,6.016970443725585938e+01,2.474535942077636719e+01,1.798333358764648438e+01,3.000000000000000000e+00,0.000000000000000000e+00,0.000000000000000000e+00,0.000000000000000000e+00,0.000000000000000000e+00,0.000000000000000000e+00,0.000000000000000000e+00,0.000000000000000000e+00,0.000000000000000000e+00
1.000000000000000000e+00,6.016848373413085938e+01,2.474362373352050781e+01,1.798333358764648438e+01,3.000000000000000000e+00,-4.128892598139194403e-01,-5.870769162979166955e-01,0.000000000000000000e+00,0.000000000000000000e+00,2.121962857718629435e-03,0.000000000000000000e+00,4.502726369537412273e-06,0.000000000000000000e+00
1.000000000000000000e+00,6.016848373413085938e+01,2.474362373352050781e+01,1.798333358764648438e+01,3.000000000000000000e+00,0.000000000000000000e+00,0.000000000000000000e+00,-4.128892598139194403e-01,-5.870769162979166955e-01,0.000000000000000000e+00,2.121962857718629435e-03,4.502726369537412273e-06,0.000000000000000000e+00
1.000000000000000000e+00,6.016653823852539062e+01,2.473812294006347656e+01,1.800000000000000000e+01,3.000000000000000000e+00,-2.612669831161874012e-01,-7.387195875559651181e-01,0.000000000000000000e+00,0.000000000000000000e+00,5.834696376660573718e-03,0.000000000000000000e+00,3.404368180781602859e-05,0.000000000000000000e+00
1.000000000000000000e+00,6.016653823852539062e+01,2.473812294006347656e+01,1.800000000000000000e+01,3.000000000000000000e+00,0.000000000000000000e+00,0.000000000000000000e+00,-2.612669831161874012e-01,-7.387195875559651181e-01,0.000000000000000000e+00,5.834696376660573718e-03,3.404368180781602859e-05,0.000000000000000000e+00
1.000000000000000000e+00,6.016653823852539062e+01,2.473812294006347656e+01,1.800000000000000000e+01,3.000000000000000000e+00,0.000000000000000000e+00,0.000000000000000000e+00,0.000000000000000000e+00,0.000000000000000000e+00,0.000000000000000000e+00,0.000000000000000000e+00,0.000000000000000000e+00,0.000000000000000000e+00
1.000000000000000000e+00,6.016581726074218750e+01,2.473232650756835938e+01,1.800000000000000000e+01,3.000000000000000000e+00,-1.106216564937945596e-01,-8.893630002239197863e-01,0.000000000000000000e+00,0.000000000000000000e+00,5.841099094718643289e-03,0.000000000000000000e+00,3.411843863432295620e-05,0.000000000000000000e+00
1.000000000000000000e+00,6.016609573364257812e+01,2.473159217834472656e+01,1.800000000000000000e+01,3.000000000000000000e+00,2.749257739577821158e-01,-7.249754998201789480e-01,-1.106216564937945596e-01,-8.893630002239197863e-01,7.853576032185186290e-04,5.841099094718643289e-03,2.556052202887590255e-05,0.000000000000000000e+00
1.000000000000000000e+00,6.016609573364257812e+01,2.473159217834472656e+01,1.800000000000000000e+01,3.000000000000000000e+00,0.000000000000000000e+00,0.000000000000000000e+00,2.749257739577821158e-01,-7.249754998201789480e-01,0.000000000000000000e+00,7.853576032185186290e-04,6.167865649331361055e-07,0.000000000000000000e+00
1.000000000000000000e+00,6.016609573364257812e+01,2.473159217834472656e+01,1.801666641235351562e+01,3.000000000000000000e+00,0.000000000000000000e+00,0.000000000000000000e+00,0.000000000000000000e+00,0.000000000000000000e+00,0.000000000000000000e+00,0.000000000000000000e+00,0.000000000000000000e+00,0.000000000000000000e+00
1.000000000000000000e+00,6.016609573364257812e+01,2.473159217834472656e+01,1.801666641235351562e+01,3.000000000000000000e+00,0.000000000000000000e+00,0.000000000000000000e+00,0.000000000000000000e+00,0.000000000000000000e+00,0.000000000000000000e+00,0.000000000000000000e+00,0.000000000000000000e+00,0.000000000000000000e+00
1.000000000000000000e+00,6.016609573364257812e+01,2.473159217834472656e+01,1.801666641235351562e+01,3.000000000000000000e+00,0.000000000000000000e+00,0.000000000000000000e+00,0.000000000000000000e+00,0.000000000000000000e+00,0.000000000000000000e+00,0.000000000000000000e+00,0.000000000000000000e+00,0.000000000000000000e+00
1.000000000000000000e+00,6.016609573364257812e+01,2.473159217834472656e+01,1.801666641235351562e+01,3.000000000000000000e+00,0.000000000000000000e+00,0.000000000000000000e+00,0.000000000000000000e+00,0.000000000000000000e+00,0.000000000000000000e+00,0.000000000000000000e+00,0.000000000000000000e+00,0.000000000000000000e+00
1.000000000000000000e+00,6.016609573364257812e+01,2.473159217834472656e+01,1.801666641235351562e+01,3.000000000000000000e+00,0.000000000000000000e+00,0.000000000000000000e+00,0.000000000000000000e+00,0.000000000000000000e+00,0.000000000000000000e+00,0.000000000000000000e+00,0.000000000000000000e+00,0.000000000000000000e+00
1.000000000000000000e+00,6.016700744628906250e+01,2.473441696166992188e+01,1.801666641235351562e+01,3.000000000000000000e+00,2.439955117958709507e-01,7.559777258780018272e-01,0.000000000000000000e+00,0.000000000000000000e+00,2.968268987821189465e-03,0.000000000000000000e+00,8.810620784061027859e-06,0.000000000000000000e+00
1.000000000000000000e+00,6.016698837280273438e+01,2.473439216613769531e+01,1.803333282470703125e+01,3.000000000000000000e+00,-4.337937701384419475e-01,-5.639319011799746040e-01,2.439955117958709507e-01,7.559777258780018272e-01,3.128284352656693807e-05,2.968268987821189465e-03,8.625887611778593452e-06,0.000000000000000000e+00
1.000000000000000000e+00,6.016698455810546875e+01,2.473438072204589844e+01,1.803333282470703125e+01,3.000000000000000000e+00,-2.483722675076618092e-01,-7.451168025229853997e-01,-4.337937701384419475e-01,-5.639319011799746040e-01,1.206313194339134034e-05,3.128284352656693807e-05,3.693973133404541811e-10,0.000000000000000000e+00
1.000000000000000000e+00,6.016700744628906250e+01,2.473441505432128906e+01,1.803333282470703125e+01,3.000000000000000000e+00,3.993021688816046355e-01,5.989532533224070088e-01,-2.483722675076618092e-01,-7.451168025229853997e-01,4.126225977474963649e-05,1.206313194339134034e-05,8.525890661120024941e-10,0.000000000000000000e+00
1.000000000000000000e+00,6.016700363159179688e+01,2.473440933227539062e+01,1.803333282470703125e+01,3.000000000000000000e+00,-3.958492200820326046e-01,-5.937738301230488513e-01,3.993021688816046355e-01,5.989532533224070088e-01,6.877043295791605234e-06,4.126225977474963649e-05,1.182343112304807123e-09,0.000000000000000000e+00
1.000000000000000000e+00,6.016700744628906250e+01,2.473441886901855469e+01,1.803333282470703125e+01,3.000000000000000000e+00,2.835902434066402411e-01,7.089756085166006860e-01,-3.958492200820326046e-01,-5.937738301230488513e-01,1.027138673235798595e-05,6.877043295791605234e-06,1.152156736536126685e-11,0.000000000000000000e+00
1.000000000000000000e+00,6.016701889038085938e+01,2.473445320129394531e+01,1.803333282470703125e+01,3.000000000000000000e+00,2.494550571125690175e-01,7.483651713377070802e-01,2.835902434066402411e-01,7.089756085166006860e-01,3.618939583017401933e-05,1.027138673235798595e-05,6.717431955944746094e-10,0.000000000000000000e+00
1.000000000000000000e+00,6.016702651977539062e+01,2.473448181152343750e+01,1.804999923706054688e+01,3.000000000000000000e+00,2.099469858667048217e-01,7.873011970001430049e-01,2.494550571125690175e-01,7.483651713377070802e-01,2.961001338245396465e-05,3.618939583017401933e-05,4.328827339336674015e-11,0.000000000000000000e+00
1.000000000000000000e+00,6.016703033447265625e+01,2.473450851440429688e+01,1.804999923706054688e+01,3.000000000000000000e+00,1.245917377935979314e-01,8.721421645551854507e-01,2.099469858667048217e-01,7.873011970001430049e-01,2.697398304697218134e-05,2.961001338245396465e-05,6.948655929580202923e-12,0.000000000000000000e+00
1.000000000000000000e+00,6.016703414916992188e+01,2.473451995849609375e+01,1.804999923706054688e+01,3.000000000000000000e+00,2.483722675076618092e-01,7.451168025229853997e-01,1.245917377935979314e-01,8.721421645551854507e-01,1.206313194339134034e-05,2.697398304697218134e-05,2.223334806331579959e-10,0.000000000000000000e+00
1.000000000000000000e+00,6.016641235351562500e+01,2.473368453979492188e+01,1.806666755676269531e+01,3.000000000000000000e+00,-4.266722906856100783e-01,-5.732590899395619832e-01,2.483722675076618092e-01,7.451168025229853997e-01,1.041419340117217835e-03,1.206313194339134034e-05,1.059574203305997962e-06,0.000000000000000000e+00
1.000000000000000000e+00,6.016642379760742188e+01,2.473369979858398438e+01,1.806666755676269531e+01,3.000000000000000000e+00,4.269724533313415948e-01,5.692966044417887561e-01,-4.266722906856100783e-01,-5.732590899395619832e-01,1.907348632812500000e-05,1.041419340117217835e-03,1.045191044759749252e-06,0.000000000000000000e+00
1.000000000000000000e+00,6.016680145263671875e+01,2.473416519165039062e+01,1.808333396911621094e+01,3.000000000000000000e+00,4.479106709977656031e-01,5.519707258760343516e-01,4.269724533313415948e-01,5.692966044417887561e-01,5.993446649568474243e-04,1.907348632812500000e-05,3.367146407471667029e-07,0.000000000000000000e+00
1.000000000000000000e+00,6.016679000854492188e+01,2.473414993286132812e+01,1.808333396911621094e+01,3.000000000000000000e+00,-4.269724533313415948e-01,-5.692966044417887561e-01,4.479106709977656031e-01,5.519707258760343516e-01,1.907348632812500000e-05,5.993446649568474243e-04,3.367146407471667029e-07,0.000000000000000000e+00
1.000000000000000000e+00,6.016678619384765625e+01,2.473414421081542969e+01,1.808333396911621094e+01,3.000000000000000000e+00,-3.958492200820326046e-01,-5.937738301230488513e-01,-4.269724533313415948e-01,-5.692966044417887561e-01,6.877043295791605234e-06,1.907348632812500000e-05,1.487532226409537857e-10,0.000000000000000000e+00
1.000000000000000000e+00,6.016688537597656250e+01,2.473426628112792969e+01,1.808333396911621094e+01,3.000000000000000000e+00,4.480733452775440551e-01,5.514748864954388541e-01,-3.958492200820326046e-01,-5.937738301230488513e-01,1.572839975592674547e-04,6.877043295791605234e-06,2.262225189081531229e-08,0.000000000000000000e+00
1.000000000000000000e+00,6.016689682006835938e+01,2.473430252075195312e+01,1.808333396911621094e+01,3.000000000000000000e+00,2.394977368421859210e-01,7.584095000002554210e-01,4.480733452775440551e-01,5.514748864954388541e-01,3.800365227731948011e-05,1.572839975592674547e-04,1.422780077058073036e-08,0.000000000000000000e+00
1.000000000000000000e+00,6.016688537597656250e+01,2.473428535461425781e+01,1.808333396911621094e+01,3.000000000000000000e+00,-3.986067683641858483e-01,-5.979101525462787725e-01,2.394977368421859210e-01,7.584095000002554210e-01,2.063112988737481824e-05,3.800365227731948011e-05,3.018045341891285666e-10,0.000000000000000000e+00
1.000000000000000000e+00,6.016688919067382812e+01,2.473428726196289062e+01,1.810000038146972656e+01,3.000000000000000000e+00,6.552159382063228454e-01,3.276079691031614227e-01,-3.986067683641858483e-01,-5.979101525462787725e-01,4.264961199760036097e-06,2.063112988737481824e-05,2.678514775114625788e-10,0.000000000000000000e+00
1.000000000000000000e+00,6.016693115234375000e+01,2.473433113098144531e+01,1.810000038146972656e+01,3.000000000000000000e+00,4.883199549055166622e-01,5.105163164921310281e-01,6.552159382063228454e-01,3.276079691031614227e-01,6.070644555221385509e-05,4.264961199760036097e-06,3.185641155908289444e-09,0.000000000000000000e+00
1.000000000000000000e+00,6.016695404052734375e+01,2.473435783386230469e+01,1.810000038146972656e+01,3.000000000000000000e+00,4.606096457309961090e-01,5.373779200194954697e-01,4.883199549055166622e-01,5.105163164921310281e-01,3.516977103154330091e-05,6.070644555221385509e-05,6.521217455746646393e-10,0.000000000000000000e+00
1.000000000000000000e+00,6.016696166992187500e+01,2.473436546325683594e+01,1.810000038146972656e+01,3.000000000000000000e+00,4.967445350153236183e-01,4.967445350153236183e-01,4.606096457309961090e-01,5.373779200194954697e-01,1.078959321878887288e-05,3.516977103154330091e-05,5.943930701815234189e-10,0.000000000000000000e+00
1.000000000000000000e+00,6.016578292846679688e+01,2.473163604736328125e+01,1.816666603088378906e+01,3.000000000000000000e+00,-3.016028244635611255e-01,-6.983715886850420107e-01,4.967445350153236183e-01,4.967445350153236183e-01,2.973069548111619519e-03,1.078959321878887288e-05,8.775102531159870723e-06,0.000000000000000000e+00
1.000000000000000000e+00,6.016578292846679688e+01,2.473163604736328125e+01,1.816666603088378906e+01,3.000000000000000000e+00,0.000000000000000000e+00,0.000000000000000000e+00,-3.016028244635611255e-01,-6.983715886850420107e-01,0.000000000000000000e+00,2.973069548111619519e-03,8.839142537908630277e-06,0.000000000000000000e+00
1.000000000000000000e+00,6.016473770141601562e+01,2.472510528564453125e+01,1.816666603088378906e+01,3.000000000000000000e+00,-1.379639392538322407e-01,-8.620228613232144843e-01,0.000000000000000000e+00,0.000000000000000000e+00,6.613875430848038632e-03,0.000000000000000000e+00,4.374334821477533064e-05,0.000000000000000000e+00
1.000000000000000000e+00,6.016473770141601562e+01,2.472510528564453125e+01,1.816666603088378906e+01,3.000000000000000000e+00,0.000000000000000000e+00,0.000000000000000000e+00,-1.379639392538322407e-01,-8.620228613232144843e-01,0.000000000000000000e+00,6.613875430848038632e-03,4.374334821477533064e-05,0.000000000000000000e+00
1.000000000000000000e+00,6.016315078735351562e+01,2.472274589538574219e+01,1.816666603088378906e+01,3.000000000000000000e+00,-4.021164415261045955e-01,-5.978582189516723489e-01,0.000000000000000000e+00,0.000000000000000000e+00,2.843416718497127765e-03,0.000000000000000000e+00,8.085018635028974916e-06,0.000000000000000000e+00
1.000000000000000000e+00,6.016315078735351562e+01,2.472274589538574219e+01,1.818333244323730469e+01,3.000000000000000000e+00,0.000000000000000000e+00,0.000000000000000000e+00,-4.021164415261045955e-01,-5.978582189516723489e-01,0.000000000000000000e+00,2.843416718497127765e-03,8.085018635028974916e-06,0.000000000000000000e+00
1.000000000000000000e+00,6.016401672363281250e+01,2.472048377990722656e+01,1.818333244323730469e+01,3.000000000000000000e+00,2.768204186814835488e-01,-7.231476135599989030e-01,0.000000000000000000e+00,0.000000000000000000e+00,2.422191585722007108e-03,0.000000000000000000e+00,5.867012077942491425e-06,0.000000000000000000e+00
1.000000000000000000e+00,6.016401672363281250e+01,2.472048377990722656e+01,1.818333244323730469e+01,3.000000000000000000e+00,0.000000000000000000e+00,0.000000000000000000e+00,2.768204186814835488e-01,-7.231476135599989030e-01,0.000000000000000000e+00,2.422191585722007108e-03,5.867012077942491425e-06,0.000000000000000000e+00
1.000000000000000000e+00,6.016401672363281250e+01,2.472048377990722656e+01,1.818333244323730469e+01,3.000000000000000000e+00,0.000000000000000000e+00,0.000000000000000000e+00,0.000000000000000000e+00,0.000000000000000000e+00,0.000000000000000000e+00,0.000000000000000000e+00,0.000000000000000000e+00,0.000000000000000000e+00
1.000000000000000000e+00,6.016494750976562500e+01,2.471895980834960938e+01,1.818333244323730469e+01,3.000000000000000000e+00,3.791609332146578804e-01,-6.207983312264583331e-01,0.000000000000000000e+00,0.000000000000000000e+00,1.785735740097678988e-03,0.000000000000000000e+00,3.188852133462205529e-06,0.000000000000000000e+00
1.000000000000000000e+00,6.016499710083007812e+01,2.471881866455078125e+01,1.818333244323730469e+01,3.000000000000000000e+00,2.598637565508055136e-01,-7.396122301830617696e-01,3.791609332146578804e-01,-6.207983312264583331e-01,1.496022914972502016e-04,1.785735740097678988e-03,2.676932661629131969e-06,0.000000000000000000e+00
1.000000000000000000e+00,6.016593551635742188e+01,2.471530532836914062e+01,1.820000076293945312e+01,3.000000000000000000e+00,2.107921801280833174e-01,-7.891853573087997953e-01,2.598637565508055136e-01,-7.396122301830617696e-01,3.636503104245199843e-03,1.496022914972502016e-04,1.215847727794231080e-05,0.000000000000000000e+00
1.000000000000000000e+00,6.016593551635742188e+01,2.471530532836914062e+01,1.820000076293945312e+01,3.000000000000000000e+00,0.000000000000000000e+00,0.000000000000000000e+00,2.107921801280833174e-01,-7.891853573087997953e-01,0.000000000000000000e+00,3.636503104245199843e-03,1.322415482718497515e-05,0.000000000000000000e+00
1.000000000000000000e+00,6.016699981689453125e+01,2.471202659606933594e+01,1.820000076293945312e+01,3.000000000000000000e+00,2.450536460831796992e-01,-7.549233290626987669e-01,0.000000000000000000e+00,0.000000000000000000e+00,3.447146809620071830e-03,0.000000000000000000e+00,1.188282112707383931e-05,0.000000000000000000e+00
1.000000000000000000e+00,6.016711807250976562e+01,2.471179580688476562e+01,1.820000076293945312e+01,3.000000000000000000e+00,3.387007777304072431e-01,-6.610128081512787190e-01,2.450536460831796992e-01,-7.549233290626987669e-01,2.593222671678818746e-04,3.447146809620071830e-03,1.016222531346051456e-05,0.000000000000000000e+00
1.000000000000000000e+00,6.016881561279296875e+01,2.470887947082519531e+01,1.820000076293945312e+01,3.000000000000000000e+00,3.679126543121246651e-01,-6.320656724081332722e-01,3.387007777304072431e-01,-6.610128081512787190e-01,3.374412397062256583e-03,2.593222671678818746e-04,9.703786517365352692e-06,0.000000000000000000e+00
1.000000000000000000e+00,6.016892623901367188e+01,2.470982742309570312e+01,1.820000076293945312e+01,3.000000000000000000e+00,1.044946332824694679e-01,8.954109093342642600e-01,3.679126543121246651e-01,-6.320656724081332722e-01,9.543854922765608552e-04,3.374412397062256583e-03,5.856530219886634484e-06,0.000000000000000000e+00
1.000000000000000000e+00,6.016892623901367188e+01,2.470982742309570312e+01,1.821666717529296875e+01,3.000000000000000000e+00,0.000000000000000000e+00,0.000000000000000000e+00,1.044946332824694679e-01,8.954109093342642600e-01,0.000000000000000000e+00,9.543854922765608552e-04,9.108516678679734468e-07,0.000000000000000000e+00
1.000000000000000000e+00,6.016892623901367188e+01,2.470982742309570312e+01,1.821666717529296875e+01,3.000000000000000000e+00,0.000000000000000000e+00,0.000000000000000000e+00,0.000000000000000000e+00,0.000000000000000000e+00,0.000000000000000000e+00,0.000000000000000000e+00,0.000000000000000000e+00,0.000000000000000000e+00
1.000000000000000000e+00,6.016995239257812500e+01,2.470800018310546875e+01,1.821666717529296875e+01,3.000000000000000000e+00,3.596130654535521498e-01,-6.403518897853214265e-01,0.000000000000000000e+00,0.000000000000000000e+00,2.095661499324634122e-03,0.000000000000000000e+00,4.391797119751573456e-06,0.000000000000000000e+00
1.000000000000000000e+00,6.016995239257812500e+01,2.470800018310546875e+01,1.821666717529296875e+01,3.000000000000000000e+00,0.000000000000000000e+00,0.000000000000000000e+00,3.596130654535521498e-01,-6.403518897853214265e-01,0.000000000000000000e+00,2.095661499324634122e-03,4.391797119751573456e-06,0.000000000000000000e+00
1.000000000000000000e+00,6.016995239257812500e+01,2.470800018310546875e+01,1.821666717529296875e+01,3.000000000000000000e+00,0.000000000000000000e+00,0.000000000000000000e+00,0.000000000000000000e+00,0.000000000000000000e+00,0.000000000000000000e+00,0.000000000000000000e+00,0.000000000000000000e+00,0.000000000000000000e+00
1.000000000000000000e+00,6.017084503173828125e+01,2.470534324645996094e+01,1.821666717529296875e+01,3.000000000000000000e+00,2.514706156353503363e-01,-7.485012127778697399e-01,0.000000000000000000e+00,0.000000000000000000e+00,2.802876559623481388e-03,0.000000000000000000e+00,7.856117008486762643e-06,0.000000000000000000e+00
1.000000000000000000e+00,6.017084503173828125e+01,2.470534324645996094e+01,1.823333358764648438e+01,3.000000000000000000e+00,0.000000000000000000e+00,0.000000000000000000e+00,2.514706156353503363e-01,-7.485012127778697399e-01,0.000000000000000000e+00,2.802876559623481388e-03,7.856117008486762643e-06,0.000000000000000000e+00
1.000000000000000000e+00,6.017084503173828125e+01,2.470534324645996094e+01,1.823333358764648438e+01,3.000000000000000000e+00,0.000000000000000000e+00,0.000000000000000000e+00,0.000000000000000000e+00,0.000000000000000000e+00,0.000000000000000000e+00,0.000000000000000000e+00,0.000000000000000000e+00,0.000000000000000000e+00
1.000000000000000000e+00,6.017091369628906250e+01,2.470524215698242188e+01,1.823333358764648438e+01,3.000000000000000000e+00,4.042562396681088632e-01,-5.951550195113824993e-01,0.000000000000000000e+00,0.000000000000000000e+00,1.222043493624980757e-04,0.000000000000000000e+00,1.493390300311148498e-08,0.000000000000000000e+00
1.000000000000000000e+00,6.017092514038085938e+01,2.470525169372558594e+01,1.823333358764648438e+01,3.000000000000000000e+00,5.428671026589196869e-01,4.523892522157663687e-01,4.042562396681088632e-01,-5.951550195113824993e-01,1.489686904126482768e-05,1.222043493624980757e-04,1.151489533289186157e-08,0.000000000000000000e+00
1.000000000000000000e+00,6.017094421386718750e+01,2.470526313781738281e+01,1.823333358764648438e+01,3.000000000000000000e+00,6.229586889679896711e-01,3.737752133807937804e-01,5.428671026589196869e-01,4.523892522157663687e-01,2.224331624925728127e-05,1.489686904126482768e-05,5.397028657982011419e-11,0.000000000000000000e+00
1.000000000000000000e+00,6.017095947265625000e+01,2.470527076721191406e+01,1.823333358764648438e+01,3.000000000000000000e+00,6.637666260264487583e-01,3.318833130132243792e-01,6.229586889679896711e-01,3.737752133807937804e-01,1.705984479904014439e-05,2.224331624925728127e-05,2.686837627521614671e-11,0.000000000000000000e+00
1.000000000000000000e+00,6.017095947265625000e+01,2.470528984069824219e+01,1.825000000000000000e+01,3.000000000000000000e+00,0.000000000000000000e+00,9.947844644271442993e-01,6.637666260264487583e-01,3.318833130132243792e-01,1.907348632812500000e-05,1.705984479904014439e-05,4.054752207655195407e-12,0.000000000000000000e+00
1.000000000000000000e+00,6.017096328735351562e+01,2.470529937744140625e+01,1.825000000000000000e+01,3.000000000000000000e+00,2.835902434066402411e-01,7.089756085166006860e-01,0.000000000000000000e+00,9.947844644271442993e-01,1.027138673235798595e-05,1.907348632812500000e-05,7.747695729380183060e-11,0.000000000000000000e+00
1.000000000000000000e+00,6.017096328735351562e+01,2.470531463623046875e+01,1.825000000000000000e+01,3.000000000000000000e+00,0.000000000000000000e+00,9.934890700306472366e-01,2.835902434066402411e-01,7.089756085166006860e-01,1.525878906250000000e-05,1.027138673235798595e-05,2.487418200270598979e-11,0.000000000000000000e+00
1.000000000000000000e+00,6.017097473144531250e+01,2.470527458190917969e+01,2.188333320617675781e+01,3.000000000000000000e+00,0.000000000000000000e+00,0.000000000000000000e+00,0.000000000000000000e+00,9.934890700306472366e-01,0.000000000000000000e+00,1.525878906250000000e-05,2.328306436538696289e-10,0.000000000000000000e+00
1.000000000000000000e+00,6.017097473144531250e+01,2.470527458190917969e+01,2.188333320617675781e+01,3.000000000000000000e+00,0.000000000000000000e+00,0.000000000000000000e+00,0.000000000000000000e+00,0.000000000000000000e+00,0.000000000000000000e+00,0.000000000000000000e+00,0.000000000000000000e+00,0.000000000000000000e+00
1.000000000000000000e+00,6.017097473144531250e+01,2.470527458190917969e+01,2.188333320617675781e+01,3.000000000000000000e+00,0.000000000000000000e+00,0.000000000000000000e+00,0.000000000000000000e+00,0.000000000000000000e+00,0.000000000000000000e+00,0.000000000000000000e+00,0.000000000000000000e+00,0.000000000000000000e+00
1.000000000000000000e+00,6.017097473144531250e+01,2.470527458190917969e+01,2.189999961853027344e+01,3.000000000000000000e+00,0.000000000000000000e+00,0.000000000000000000e+00,0.000000000000000000e+00,0.000000000000000000e+00,0.000000000000000000e+00,0.000000000000000000e+00,0.000000000000000000e+00,0.000000000000000000e+00
1.000000000000000000e+00,6.017097473144531250e+01,2.470527458190917969e+01,2.189999961853027344e+01,3.000000000000000000e+00,0.000000000000000000e+00,0.000000000000000000e+00,0.000000000000000000e+00,0.000000000000000000e+00,0.000000000000000000e+00,0.000000000000000000e+00,0.000000000000000000e+00,0.000000000000000000e+00
1.000000000000000000e+00,6.017097473144531250e+01,2.470527458190917969e+01,2.189999961853027344e+01,3.000000000000000000e+00,0.000000000000000000e+00,0.000000000000000000e+00,0.000000000000000000e+00,0.000000000000000000e+00,0.000000000000000000e+00,0.000000000000000000e+00,0.000000000000000000e+00,0.000000000000000000e+00
1.000000000000000000e+00,6.017097473144531250e+01,2.470527458190917969e+01,2.189999961853027344e+01,3.000000000000000000e+00,0.000000000000000000e+00,0.000000000000000000e+00,0.000000000000000000e+00,0.000000000000000000e+00,0.000000000000000000e+00,0.000000000000000000e+00,0.000000000000000000e+00,0.000000000000000000e+00
1.000000000000000000e+00,6.017097473144531250e+01,2.470527458190917969e+01,2.189999961853027344e+01,3.000000000000000000e+00,0.000000000000000000e+00,0.000000000000000000e+00,0.000000000000000000e+00,0.000000000000000000e+00,0.000000000000000000e+00,0.000000000000000000e+00,0.000000000000000000e+00,0.000000000000000000e+00
1.000000000000000000e+00,6.017097473144531250e+01,2.470527458190917969e+01,2.189999961853027344e+01,3.000000000000000000e+00,0.000000000000000000e+00,0.000000000000000000e+00,0.000000000000000000e+00,0.000000000000000000e+00,0.000000000000000000e+00,0.000000000000000000e+00,0.000000000000000000e+00,0.000000000000000000e+00
1.000000000000000000e+00,6.017097473144531250e+01,2.470527458190917969e+01,2.191666603088378906e+01,3.000000000000000000e+00,0.000000000000000000e+00,0.000000000000000000e+00,0.000000000000000000e+00,0.000000000000000000e+00,0.000000000000000000e+00,0.000000000000000000e+00,0.000000000000000000e+00,0.000000000000000000e+00
1.000000000000000000e+00,6.017078781127929688e+01,2.470540618896484375e+01,2.246666717529296875e+01,3.000000000000000000e+00,0.000000000000000000e+00,0.000000000000000000e+00,0.000000000000000000e+00,0.000000000000000000e+00,0.000000000000000000e+00,0.000000000000000000e+00,0.000000000000000000e+00,0.000000000000000000e+00
1.000000000000000000e+00,6.017074966430664062e+01,2.470541572570800781e+01,2.246666717529296875e+01,3.000000000000000000e+00,-7.983257894739530514e-01,1.995814473684882628e-01,0.000000000000000000e+00,0.000000000000000000e+00,3.932099938981686366e-05,0.000000000000000000e+00,1.546140993013978211e-09,0.000000000000000000e+00
1.000000000000000000e+00,6.017073440551757812e+01,2.470539855957031250e+01,2.246666717529296875e+01,3.000000000000000000e+00,-4.691413811972637848e-01,-5.277840538469217302e-01,-7.983257894739530514e-01,1.995814473684882628e-01,2.296751895674189716e-05,3.932099938981686366e-05,2.674363222749657884e-10,0.000000000000000000e+00
1.000000000000000000e+00,6.017075729370117188e+01,2.470543861389160156e+01,2.246666717529296875e+01,3.000000000000000000e+00,3.630595522226796046e-01,6.353542163896893635e-01,-4.691413811972637848e-01,-5.277840538469217302e-01,4.613260888079766730e-05,2.296751895674189716e-05,5.366213911895901962e-10,0.000000000000000000e+00
1.000000000000000000e+00,6.017094802856445312e+01,2.470528602600097656e+01,1.466666698455810547e+00,4.000000000000000000e+00,0.000000000000000000e+00,0.000000000000000000e+00,3.630595522226796046e-01,6.353542163896893635e-01,0.000000000000000000e+00,4.613260888079766730e-05,2.128217602148651663e-09,0.000000000000000000e+00
1.000000000000000000e+00,6.017094802856445312e+01,2.470528602600097656e+01,1.466666698455810547e+00,4.000000000000000000e+00,0.000000000000000000e+00,0.000000000000000000e+00,0.000000000000000000e+00,0.000000000000000000e+00,0.000000000000000000e+00,0.000000000000000000e+00,0.000000000000000000e+00,0.000000000000000000e+00
1.000000000000000000e+00,6.017094802856445312e+01,2.470528602600097656e+01,1.466666698455810547e+00,4.000000000000000000e+00,0.000000000000000000e+00,0.000000000000000000e+00,0.000000000000000000e+00,0.000000000000000000e+00,0.000000000000000000e+00,0.000000000000000000e+00,0.000000000000000000e+00,0.000000000000000000e+00
1.000000000000000000e+00,6.017094802856445312e+01,2.470528602600097656e+01,1.466666698455810547e+00,4.000000000000000000e+00,0.000000000000000000e+00,0.000000000000000000e+00,0.000000000000000000e+00,0.000000000000000000e+00,0.000000000000000000e+00,0.000000000000000000e+00,0.000000000000000000e+00,0.000000000000000000e+00
1.000000000000000000e+00,6.017094802856445312e+01,2.470528602600097656e+01,1.466666698455810547e+00,4.000000000000000000e+00,0.000000000000000000e+00,0.000000000000000000e+00,0.000000000000000000e+00,0.000000000000000000e+00,0.000000000000000000e+00,0.000000000000000000e+00,0.000000000000000000e+00,0.000000000000000000e+00
1.000000000000000000e+00,6.017094802856445312e+01,2.470528602600097656e+01,1.466666698455810547e+00,4.000000000000000000e+00,0.000000000000000000e+00,0.000000000000000000e+00,0.000000000000000000e+00,0.000000000000000000e+00,0.000000000000000000e+00,0.000000000000000000e+00,0.000000000000000000e+00,0.000000000000000000e+00
1.000000000000000000e+00,6.017094802856445312e+01,2.470528602600097656e+01,1.483333349227905273e+00,4.000000000000000000e+00,0.000000000000000000e+00,0.000000000000000000e+00,0.000000000000000000e+00,0.000000000000000000e+00,0.000000000000000000e+00,0.000000000000000000e+00,0.000000000000000000e+00,0.000000000000000000e+00
1.000000000000000000e+00,6.017094802856445312e+01,2.470528602600097656e+01,1.483333349227905273e+00,4.000000000000000000e+00,0.000000000000000000e+00,0.000000000000000000e+00,0.000000000000000000e+00,0.000000000000000000e+00,0.000000000000000000e+00,0.000000000000000000e+00,0.000000000000000000e+00,0.000000000000000000e+00
1.000000000000000000e+00,6.017094802856445312e+01,2.470528602600097656e+01,1.483333349227905273e+00,4.000000000000000000e+00,0.000000000000000000e+00,0.000000000000000000e+00,0.000000000000000000e+00,0.000000000000000000e+00,0.000000000000000000e+00,0.000000000000000000e+00,0.000000000000000000e+00,0.000000000000000000e+00
1.000000000000000000e+00,6.017094802856445312e+01,2.470528602600097656e+01,1.483333349227905273e+00,4.000000000000000000e+00,0.000000000000000000e+00,0.000000000000000000e+00,0.000000000000000000e+00,0.000000000000000000e+00,0.000000000000000000e+00,0.000000000000000000e+00,0.000000000000000000e+00,0.000000000000000000e+00
1.000000000000000000e+00,6.017064666748046875e+01,2.470530128479003906e+01,3.566666603088378906e+00,4.000000000000000000e+00,0.000000000000000000e+00,0.000000000000000000e+00,0.000000000000000000e+00,0.000000000000000000e+00,0.000000000000000000e+00,0.000000000000000000e+00,0.000000000000000000e+00,0.000000000000000000e+00
1.000000000000000000e+00,6.017094421386718750e+01,2.470528984069824219e+01,3.566666603088378906e+00,4.000000000000000000e+00,9.626514156880072726e-01,-3.702505444953874125e-02,0.000000000000000000e+00,0.000000000000000000e+00,2.977663840772480685e-04,0.000000000000000000e+00,8.866481948643921482e-08,0.000000000000000000e+00
1.000000000000000000e+00,6.017094421386718750e+01,2.470528984069824219e+01,3.566666603088378906e+00,4.000000000000000000e+00,0.000000000000000000e+00,0.000000000000000000e+00,9.626514156880072726e-01,-3.702505444953874125e-02,0.000000000000000000e+00,2.977663840772480685e-04,8.866481948643921482e-08,0.000000000000000000e+00
1.000000000000000000e+00,6.017094421386718750e+01,2.470528984069824219e+01,3.583333253860473633e+00,4.000000000000000000e+00,0.000000000000000000e+00,0.000000000000000000e+00,0.000000000000000000e+00,0.000000000000000000e+00,0.000000000000000000e+00,0.000000000000000000e+00,0.000000000000000000e+00,0.000000000000000000e+00
1.000000000000000000e+00,6.017094421386718750e+01,2.470528984069824219e+01,3.583333253860473633e+00,4.000000000000000000e+00,0.000000000000000000e+00,0.000000000000000000e+00,0.000000000000000000e+00,0.000000000000000000e+00,0.000000000000000000e+00,0.000000000000000000e+00,0.000000000000000000e+00,0.000000000000000000e+00
1.000000000000000000e+00,6.017094421386718750e+01,2.470528984069824219e+01,3.583333253860473633e+00,4.000000000000000000e+00,0.000000000000000000e+00,0.000000000000000000e+00,0.000000000000000000e+00,0.000000000000000000e+00,0.000000000000000000e+00,0.000000000000000000e+00,0.000000000000000000e+00,0.000000000000000000e+00
1.000000000000000000e+00,6.017094421386718750e+01,2.470528984069824219e+01,3.583333253860473633e+00,4.000000000000000000e+00,0.000000000000000000e+00,0.000000000000000000e+00,0.000000000000000000e+00,0.000000000000000000e+00,0.000000000000000000e+00,0.000000000000000000e+00,0.000000000000000000e+00,0.000000000000000000e+00
1.000000000000000000e+00,6.017094421386718750e+01,2.470528984069824219e+01,3.583333253860473633e+00,4.000000000000000000e+00,0.000000000000000000e+00,0.000000000000000000e+00,0.000000000000000000e+00,0.000000000000000000e+00,0.000000000000000000e+00,0.000000000000000000e+00,0.000000000000000000e+00,0.000000000000000000e+00
1.000000000000000000e+00,6.017094421386718750e+01,2.470528984069824219e+01,3.583333253860473633e+00,4.000000000000000000e+00,0.000000000000000000e+00,0.000000000000000000e+00,0.000000000000000000e+00,0.000000000000000000e+00,0.000000000000000000e+00,0.000000000000000000e+00,0.000000000000000000e+00,0.000000000000000000e+00
1.000000000000000000e+00,6.017094421386718750e+01,2.470528984069824219e+01,3.599999904632568359e+00,4.000000000000000000e+00,0.000000000000000000e+00,0.000000000000000000e+00,0.000000000000000000e+00,0.000000000000000000e+00,0.000000000000000000e+00,0.000000000000000000e+00,0.000000000000000000e+00,0.000000000000000000e+00
1.000000000000000000e+00,6.017094421386718750e+01,2.470528984069824219e+01,3.599999904632568359e+00,4.000000000000000000e+00,0.000000000000000000e+00,0.000000000000000000e+00,0.000000000000000000e+00,0.000000000000000000e+00,0.000000000000000000e+00,0.000000000000000000e+00,0.000000000000000000e+00,0.000000000000000000e+00
1.000000000000000000e+00,6.017093276977539062e+01,2.470541000366210938e+01,4.983333587646484375e+00,4.000000000000000000e+00,0.000000000000000000e+00,0.000000000000000000e+00,0.000000000000000000e+00,0.000000000000000000e+00,0.000000000000000000e+00,0.000000000000000000e+00,0.000000000000000000e+00,0.000000000000000000e+00
1.000000000000000000e+00,6.017089080810546875e+01,2.470528984069824219e+01,4.983333587646484375e+00,4.000000000000000000e+00,-2.586639830325456746e-01,-7.407195877750172297e-01,0.000000000000000000e+00,0.000000000000000000e+00,1.272789048820714643e-04,0.000000000000000000e+00,1.619991962797939447e-08,0.000000000000000000e+00
1.000000000000000000e+00,6.017086410522460938e+01,2.470523643493652344e+01,4.983333587646484375e+00,4.000000000000000000e+00,-3.329177505200365261e-01,-6.658355010400730523e-01,-2.586639830325456746e-01,-7.407195877750172297e-01,5.970945679664050535e-05,1.272789048820714643e-04,4.565630314569749798e-09,0.000000000000000000e+00
1.000000000000000000e+00,6.017085647583007812e+01,2.470519065856933594e+01,4.983333587646484375e+00,4.000000000000000000e+00,-1.425901489143071854e-01,-8.555408934858431680e-01,-3.329177505200365261e-01,-6.658355010400730523e-01,4.640779518354964706e-05,5.970945679664050535e-05,1.769342016691748904e-10,0.000000000000000000e+00
1.000000000000000000e+00,6.017086791992187500e+01,2.470524406433105469e+01,4.983333587646484375e+00,4.000000000000000000e+00,1.761988854081386335e-01,8.222614652379802713e-01,-1.425901489143071854e-01,-8.555408934858431680e-01,5.461815285978833542e-05,4.640779518354964706e-05,6.740997317177155729e-11,0.000000000000000000e+00
1.000000000000000000e+00,6.017090606689453125e+01,2.470521545410156250e+01,5.000000000000000000e+00,4.000000000000000000e+00,5.705738713318490030e-01,-4.279304034988867800e-01,1.761988854081386335e-01,8.222614652379802713e-01,4.768371582031250000e-05,5.461815285978833542e-05,4.808641705445439032e-11,0.000000000000000000e+00
1.000000000000000000e+00,6.017093658447265625e+01,2.470518875122070312e+01,5.000000000000000000e+00,4.000000000000000000e+00,5.324028918421395140e-01,-4.658525303618720748e-01,5.705738713318490030e-01,-4.279304034988867800e-01,4.055078816503391258e-05,4.768371582031250000e-05,5.087865693543808457e-11,0.000000000000000000e+00
1.000000000000000000e+00,6.017092514038085938e+01,2.470519447326660156e+01,5.000000000000000000e+00,4.000000000000000000e+00,-6.628055445186158412e-01,3.314027722593079206e-01,5.324028918421395140e-01,-4.658525303618720748e-01,1.279488359928010829e-05,4.055078816503391258e-05,7.703902382632328689e-10,0.000000000000000000e+00
1.000000000000000000e+00,6.017088699340820312e+01,2.470527839660644531e+01,5.000000000000000000e+00,4.000000000000000000e+00,-3.122442095435419285e-01,6.869372609957922204e-01,-6.628055445186158412e-01,3.314027722593079206e-01,9.218632487178476205e-05,1.279488359928010829e-05,6.303000947325554414e-09,0.000000000000000000e+00
1.000000000000000000e+00,6.017085647583007812e+01,2.470526885986328125e+01,5.000000000000000000e+00,4.000000000000000000e+00,-7.600073203905099994e-01,-2.375022876220343748e-01,-3.122442095435419285e-01,6.869372609957922204e-01,3.197298930023233612e-05,9.218632487178476205e-05,3.625645780652380811e-09,0.000000000000000000e+00
1.000000000000000000e+00,6.017127227783203125e+01,2.470494461059570312e+01,1.928333282470703125e+01,6.000000000000000000e+00,0.000000000000000000e+00,0.000000000000000000e+00,-7.600073203905099994e-01,-2.375022876220343748e-01,0.000000000000000000e+00,3.197298930023233612e-05,1.022272044792771546e-09,1.000000000000000000e+00
1.000000000000000000e+00,6.017136764526367188e+01,2.470497512817382812e+01,1.929999923706054688e+01,6.000000000000000000e+00,7.569744354351433113e-01,2.422318193392458407e-01,0.000000000000000000e+00,0.000000000000000000e+00,1.001312618134055169e-04,0.000000000000000000e+00,1.002626959234476255e-08,1.000000000000000000e+00
1.000000000000000000e+00,6.017135238647460938e+01,2.470514678955078125e+01,1.929999923706054688e+01,6.000000000000000000e+00,-8.158900394316392912e-02,9.178762943605941471e-01,7.569744354351433113e-01,2.422318193392458407e-01,1.723382110302203055e-04,1.001312618134055169e-04,5.213843515199669719e-09,1.000000000000000000e+00
1.000000000000000000e+00,6.017132949829101562e+01,2.470516586303710938e+01,1.929999923706054688e+01,6.000000000000000000e+00,-5.441577482839441426e-01,4.534647902366200634e-01,-8.158900394316392912e-02,9.178762943605941471e-01,2.979373808252965537e-05,1.723382110302203055e-04,2.031892676793491066e-08,1.000000000000000000e+00
1.000000000000000000e+00,6.017132949829101562e+01,2.470516586303710938e+01,1.929999923706054688e+01,6.000000000000000000e+00,0.000000000000000000e+00,0.000000000000000000e+00,-5.441577482839441426e-01,4.534647902366200634e-01,0.000000000000000000e+00,2.979373808252965537e-05,8.876668289303778568e-10,1.000000000000000000e+00
1.000000000000000000e+00,6.017134094238281250e+01,2.470506858825683594e+01,1.929999923706054688e+01,6.000000000000000000e+00,1.051664254476051275e-01,-8.939146163046436389e-01,0.000000000000000000e+00,0.000000000000000000e+00,9.794564877676214274e-05,0.000000000000000000e+00,9.593350114300847054e-09,1.000000000000000000e+00
1.000000000000000000e+00,6.017136383056640625e+01,2.470536231994628906e+01,1.929999923706054688e+01,6.000000000000000000e+00,7.226633230672745156e-02,9.274179312696689825e-01,1.051664254476051275e-01,-8.939146163046436389e-01,2.946220873207035370e-04,9.794564877676214274e-05,3.868162147832875998e-08,1.000000000000000000e+00
1.000000000000000000e+00,6.017136383056640625e+01,2.470532798767089844e+01,1.931666755676269531e+01,6.000000000000000000e+00,0.000000000000000000e+00,-9.970957481355637864e-01,7.226633230672745156e-02,9.274179312696689825e-01,3.433227539062500000e-05,2.946220873207035370e-04,6.775078619459565550e-08,1.000000000000000000e+00
1.000000000000000000e+00,6.017096710205078125e+01,2.470534896850585938e+01,1.931666755676269531e+01,6.000000000000000000e+00,-9.495443677089235868e-01,5.021628867691422388e-02,0.000000000000000000e+00,-9.970957481355637864e-01,3.972829099592304117e-04,3.433227539062500000e-05,1.317331631337533463e-07,1.000000000000000000e+00
1.000000000000000000e+00,6.017134857177734375e+01,2.470515060424804688e+01,1.931666755676269531e+01,6.000000000000000000e+00,6.577812938029720113e-01,-3.420462727775454015e-01,-9.495443677089235868e-01,5.021628867691422388e-02,4.299622437623709529e-04,3.972829099592304117e-04,1.067938857817084037e-09,1.000000000000000000e+00
1.000000000000000000e+00,6.017096710205078125e+01,2.470535087585449219e+01,1.931666755676269531e+01,6.000000000000000000e+00,-6.556250044844751379e-01,3.442031273543494363e-01,6.577812938029720113e-01,-3.420462727775454015e-01,4.308455275755507501e-04,4.299622437623709529e-04,7.801902946254430456e-13,1.000000000000000000e+00
1.000000000000000000e+00,6.017130661010742188e+01,2.470522689819335938e+01,1.931666755676269531e+01,6.000000000000000000e+00,7.323522783903980704e-01,-2.674320117717745582e-01,-6.556250044844751379e-01,3.442031273543494363e-01,3.614362751355435529e-04,4.308455275755507501e-04,4.817644324280644919e-09,1.000000000000000000e+00
1.000000000000000000e+00,6.017130661010742188e+01,2.470522689819335938e+01,1.931666755676269531e+01,6.000000000000000000e+00,0.000000000000000000e+00,0.000000000000000000e+00,7.323522783903980704e-01,-2.674320117717745582e-01,0.000000000000000000e+00,3.614362751355435529e-04,1.306361809838563469e-07,1.000000000000000000e+00
1.000000000000000000e+00,6.017096710205078125e+01,2.470535087585449219e+01,1.933333396911621094e+01,6.000000000000000000e+00,-7.323522783903980704e-01,2.674320117717745582e-01,0.000000000000000000e+00,0.000000000000000000e+00,3.614362751355435529e-04,0.000000000000000000e+00,1.306361809838563469e-07,1.000000000000000000e+00
1.000000000000000000e+00,6.017096710205078125e+01,2.470535087585449219e+01,1.933333396911621094e+01,6.000000000000000000e+00,0.000000000000000000e+00,0.000000000000000000e+00,-7.323522783903980704e-01,2.674320117717745582e-01,0.000000000000000000e+00,3.614362751355435529e-04,1.306361809838563469e-07,1.000000000000000000e+00
1.000000000000000000e+00,6.017096710205078125e+01,2.470535087585449219e+01,1.933333396911621094e+01,6.000000000000000000e+00,0.000000000000000000e+00,0.000000000000000000e+00,0.000000000000000000e+00,0.000000000000000000e+00,0.000000000000000000e+00,0.000000000000000000e+00,0.000000000000000000e+00,1.000000000000000000e+00
1.000000000000000000e+00,6.017096710205078125e+01,2.470535087585449219e+01,1.933333396911621094e+01,6.000000000000000000e+00,0.000000000000000000e+00,0.000000000000000000e+00,0.000000000000000000e+00,0.000000000000000000e+00,0.000000000000000000e+00,0.000000000000000000e+00,0.000000000000000000e+00,1.000000000000000000e+00
1.000000000000000000e+00,6.017096710205078125e+01,2.470535087585449219e+01,1.933333396911621094e+01,6.000000000000000000e+00,0.000000000000000000e+00,0.000000000000000000e+00,0.000000000000000000e+00,0.000000000000000000e+00,0.000000000000000000e+00,0.000000000000000000e+00,0.000000000000000000e+00,1.000000000000000000e+00
1.000000000000000000e+00,6.017096710205078125e+01,2.470535278320312500e+01,1.933333396911621094e+01,6.000000000000000000e+00,0.000000000000000000e+00,9.501830432614539745e-01,0.000000000000000000e+00,0.000000000000000000e+00,1.907348632812500000e-06,0.000000000000000000e+00,3.637978807091712952e-12,1.000000000000000000e+00
1.000000000000000000e+00,6.017096710205078125e+01,2.470535278320312500e+01,1.935000038146972656e+01,6.000000000000000000e+00,0.000000000000000000e+00,0.000000000000000000e+00,0.000000000000000000e+00,9.501830432614539745e-01,0.000000000000000000e+00,1.907348632812500000e-06,3.637978807091712952e-12,1.000000000000000000e+00
1.000000000000000000e+00,6.017096710205078125e+01,2.470535278320312500e+01,1.935000038146972656e+01,6.000000000000000000e+00,0.000000000000000000e+00,0.000000000000000000e+00,0.000000000000000000e+00,0.000000000000000000e+00,0.000000000000000000e+00,0.000000000000000000e+00,0.000000000000000000e+00,1.000000000000000000e+00
1.000000000000000000e+00,6.017096710205078125e+01,2.470535278320312500e+01,1.935000038146972656e+01,6.000000000000000000e+00,0.000000000000000000e+00,0.000000000000000000e+00,0.000000000000000000e+00,0.000000000000000000e+00,0.000000000000000000e+00,0.000000000000000000e+00,0.000000000000000000e+00,1.000000000000000000e+00
1.000000000000000000e+00,6.017096710205078125e+01,2.470535278320312500e+01,1.935000038146972656e+01,6.000000000000000000e+00,0.000000000000000000e+00,0.000000000000000000e+00,0.000000000000000000e+00,0.000000000000000000e+00,0.000000000000000000e+00,0.000000000000000000e+00,0.000000000000000000e+00,1.000000000000000000e+00
1.000000000000000000e+00,6.017067337036132812e+01,2.470682144165039062e+01,1.991666603088378906e+01,6.000000000000000000e+00,0.000000000000000000e+00,0.000000000000000000e+00,0.000000000000000000e+00,0.000000000000000000e+00,0.000000000000000000e+00,0.000000000000000000e+00,0.000000000000000000e+00,1.000000000000000000e+00
1.000000000000000000e+00,6.017044067382812500e+01,2.470755577087402344e+01,1.993333244323730469e+01,6.000000000000000000e+00,-2.406062826456182302e-01,7.592903181849427474e-01,0.000000000000000000e+00,0.000000000000000000e+00,7.703162241871335403e-04,0.000000000000000000e+00,5.933870852459222078e-07,1.000000000000000000e+00
1.000000000000000000e+00,6.017136764526367188e+01,2.470841407775878906e+01,1.993333244323730469e+01,6.000000000000000000e+00,5.192016868361123416e-01,4.807423026260299603e-01,-2.406062826456182302e-01,7.592903181849427474e-01,1.263315776342520749e-03,7.703162241871335403e-04,2.430485584254123512e-07,1.000000000000000000e+00
1.000000000000000000e+00,6.017188644409179688e+01,2.470960235595703125e+01,1.993333244323730469e+01,6.000000000000000000e+00,3.038928125860418938e-01,6.960486111805297416e-01,5.192016868361123416e-01,4.807423026260299603e-01,1.296594501176668180e-03,1.263315776342520749e-03,1.107473526586900913e-09,1.000000000000000000e+00
1.000000000000000000e+00,6.017235565185546875e+01,2.471087646484375000e+01,1.993333244323730469e+01,6.000000000000000000e+00,2.691311704329229504e-01,7.308114709316769764e-01,3.038928125860418938e-01,6.960486111805297416e-01,1.357758955303059239e-03,1.296594501176668180e-03,3.741090448579395975e-09,1.000000000000000000e+00
1.000000000000000000e+00,6.017298507690429688e+01,2.471102523803710938e+01,1.993333244323730469e+01,6.000000000000000000e+00,8.087196073564947296e-01,1.911519071933532876e-01,2.691311704329229504e-01,7.308114709316769764e-01,6.467683937505245206e-04,1.357758955303059239e-03,5.055075786167886734e-07,1.000000000000000000e+00
1.000000000000000000e+00,6.017311096191406250e+01,2.471099472045898438e+01,1.993333244323730469e+01,6.000000000000000000e+00,8.043637582121152541e-01,-1.949972747180885313e-01,8.087196073564947296e-01,1.911519071933532876e-01,1.295313022335025516e-04,6.467683937505245206e-04,2.675342088409881814e-07,1.000000000000000000e+00
1.000000000000000000e+00,6.017496109008789062e+01,2.471023178100585938e+01,1.995000076293945312e+01,6.000000000000000000e+00,7.080021024083016368e-01,-2.919596298590934613e-01,8.043637582121152541e-01,-1.949972747180885313e-01,2.001262318819616286e-03,1.295313022335025516e-04,3.503376998450486834e-06,1.000000000000000000e+00
1.000000000000000000e+00,6.017527008056640625e+01,2.471044158935546875e+01,1.995000076293945312e+01,6.000000000000000000e+00,5.954734560340746441e-01,4.043338281712852145e-01,7.080021024083016368e-01,-2.919596298590934613e-01,3.734898383880405387e-04,2.001262318819616286e-03,2.649643248050364769e-06,1.000000000000000000e+00
1.000000000000000000e+00,6.017541503906250000e+01,2.471059417724609375e+01,1.995000076293945312e+01,6.000000000000000000e+00,4.870158099070868163e-01,5.126482209548282043e-01,5.954734560340746441e-01,4.043338281712852145e-01,2.104662204610248161e-04,3.734898383880405387e-04,2.657670000201360313e-08,1.000000000000000000e+00
1.000000000000000000e+00,6.017589569091796875e+01,2.471272087097167969e+01,1.995000076293945312e+01,6.000000000000000000e+00,1.843382116816147664e-01,8.156234366071447583e-01,4.870158099070868163e-01,5.126482209548282043e-01,2.180333095793426587e-03,2.104662204610248161e-04,3.880375506531840155e-06,1.000000000000000000e+00
1.000000000000000000e+00,6.017589569091796875e+01,2.471272087097167969e+01,1.995000076293945312e+01,6.000000000000000000e+00,0.000000000000000000e+00,0.000000000000000000e+00,1.843382116816147664e-01,8.156234366071447583e-01,0.000000000000000000e+00,2.180333095793426587e-03,4.753852408612147821e-06,1.000000000000000000e+00
1.000000000000000000e+00,6.017659378051757812e+01,2.471749687194824219e+01,1.995000076293945312e+01,6.000000000000000000e+00,1.275238028153473646e-01,8.724579296437973142e-01,0.000000000000000000e+00,0.000000000000000000e+00,4.826749881359995373e-03,0.000000000000000000e+00,2.329751441720872779e-05,1.000000000000000000e+00
1.000000000000000000e+00,6.017489242553710938e+01,2.472043228149414062e+01,1.996666717529296875e+01,6.000000000000000000e+00,-3.669192771956395482e-01,6.330591565068265369e-01,1.275238028153473646e-01,8.724579296437973142e-01,3.392821535494829326e-03,4.826749881359995373e-03,2.056150501075611471e-06,1.000000000000000000e+00
1.000000000000000000e+00,6.017468643188476562e+01,2.472093200683593750e+01,1.996666717529296875e+01,6.000000000000000000e+00,-2.918505368285803647e-01,7.080077837878523406e-01,-3.669192771956395482e-01,6.330591565068265369e-01,5.405171616516179969e-04,3.392821535494829326e-03,8.135640241045115779e-06,1.000000000000000000e+00
1.000000000000000000e+00,6.017363357543945312e+01,2.472221183776855469e+01,1.996666717529296875e+01,6.000000000000000000e+00,-4.513297933937270301e-01,5.486273394333167630e-01,-2.918505368285803647e-01,7.080077837878523406e-01,1.657248898180310563e-03,5.405171616516179969e-04,1.247089771370389239e-06,1.000000000000000000e+00
1.000000000000000000e+00,6.017223358154296875e+01,2.472284507751464844e+01,1.996666717529296875e+01,6.000000000000000000e+00,-6.885214837193568416e-01,3.114293359602540723e-01,-4.513297933937270301e-01,5.486273394333167630e-01,1.536546610495880807e-03,1.657248898180310563e-03,1.456904225225484376e-08,1.000000000000000000e+00
1.000000000000000000e+00,6.017246627807617188e+01,2.472401237487792969e+01,1.996666717529296875e+01,6.000000000000000000e+00,1.662006625322945685e-01,8.337279136865924922e-01,-6.885214837193568416e-01,3.114293359602540723e-01,1.190265017081536952e-03,1.536546610495880807e-03,1.199109419375769496e-07,1.000000000000000000e+00
1.000000000000000000e+00,6.017258834838867188e+01,2.472597885131835938e+01,1.996666717529296875e+01,6.000000000000000000e+00,5.844469024203127056e-02,9.415074318677225662e-01,1.662006625322945685e-01,8.337279136865924922e-01,1.970261594803812168e-03,1.190265017081536952e-03,6.083946612584612815e-07,1.000000000000000000e+00
1.000000000000000000e+00,6.017263793945312500e+01,2.472790145874023438e+01,1.998333358764648438e+01,6.000000000000000000e+00,2.514379278637984827e-02,9.748055049488802970e-01,5.844469024203127056e-02,9.415074318677225662e-01,1.923246882831850142e-03,1.970261594803812168e-03,2.210383141806549533e-09,1.000000000000000000e+00
1.000000000000000000e+00,6.017313766479492188e+01,2.472936820983886719e+01,1.998333358764648438e+01,6.000000000000000000e+00,2.541092893839852485e-01,7.458398608255139006e-01,2.514379278637984827e-02,9.748055049488802970e-01,1.549543223848423752e-03,1.923246882831850142e-03,1.396544247376010456e-07,1.000000000000000000e+00
1.000000000000000000e+00,6.017289733886718750e+01,2.473023796081542969e+01,1.998333358764648438e+01,6.000000000000000000e+00,-2.164753444286288964e-01,7.834345798369426461e-01,2.541092893839852485e-01,7.458398608255139006e-01,9.023432344583796894e-04,1.549543223848423752e-03,4.188678262664731703e-07,1.000000000000000000e+00
1.000000000000000000e+00,6.017194366455078125e+01,2.473105239868164062e+01,1.998333358764648438e+01,6.000000000000000000e+00,-5.393438218453432409e-01,4.605996238559231792e-01,-2.164753444286288964e-01,7.834345798369426461e-01,1.254114723496679634e-03,9.023432344583796894e-04,1.237431805002227875e-07,1.000000000000000000e+00
1.000000000000000000e+00,6.017201232910156250e+01,2.473236083984375000e+01,1.998333358764648438e+01,6.000000000000000000e+00,4.985787536208340087e-02,9.500695138441448417e-01,-5.393438218453432409e-01,4.605996238559231792e-01,1.310241617121102884e-03,1.254114723496679634e-03,3.150228187927323396e-09,1.000000000000000000e+00
1.000000000000000000e+00,6.017205047607421875e+01,2.473441314697265625e+01,1.998333358764648438e+01,6.000000000000000000e+00,1.824730229547209120e-02,9.817048634963985165e-01,4.985787536208340087e-02,9.500695138441448417e-01,2.052661624058444573e-03,1.310241617121102884e-03,5.511874667008424396e-07,1.000000000000000000e+00
1.000000000000000000e+00,6.017191314697265625e+01,2.473656654357910156e+01,2.000000000000000000e+01,6.000000000000000000e+00,-5.994742466982637408e-02,9.400089229476941144e-01,1.824730229547209120e-02,9.817048634963985165e-01,2.157771124745660150e-03,2.052661624058444573e-03,1.104800713471577241e-08,1.000000000000000000e+00
1.000000000000000000e+00,6.017212677001953125e+01,2.473886680603027344e+01,2.000000000000000000e+01,6.000000000000000000e+00,8.497385805962866245e-02,9.149863644635014559e-01,-5.994742466982637408e-02,9.400089229476941144e-01,2.310160633035590865e-03,2.157771124745660150e-03,2.322256223684686127e-08,1.000000000000000000e+00
1.000000000000000000e+00,6.017248916625976562e+01,2.474099540710449219e+01,2.000000000000000000e+01,6.000000000000000000e+00,1.454765488814042940e-01,8.544833081665642593e-01,8.497385805962866245e-02,9.149863644635014559e-01,2.159229855319073736e-03,2.310160633035590865e-03,2.278009966211270250e-08,1.000000000000000000e+00
1.000000000000000000e+00,6.017253875732421875e+01,2.474132347106933594e+01,2.000000000000000000e+01,6.000000000000000000e+00,1.312783698616272754e-01,8.684569083153803604e-01,1.454765488814042940e-01,8.544833081665642593e-01,3.317909563303304030e-04,2.159229855319073736e-03,3.339532929537190284e-06,1.000000000000000000e+00
1.000000000000000000e+00,6.017293930053710938e+01,2.474486541748046875e+01,2.000000000000000000e+01,6.000000000000000000e+00,1.015939397927669990e-01,8.983806961674681846e-01,1.312783698616272754e-01,8.684569083153803604e-01,3.564522302459244806e-03,3.317909563303304030e-04,1.045055195624446487e-05,1.000000000000000000e+00
1.000000000000000000e+00,6.017340850830078125e+01,2.474635314941406250e+01,2.000000000000000000e+01,6.000000000000000000e+00,2.397538304038757673e-01,7.601950720122890859e-01,1.015939397927669990e-01,8.983806961674681846e-01,1.559968663699550081e-03,3.564522302459244806e-03,4.018235290664731792e-06,1.000000000000000000e+00
1.000000000000000000e+00,6.017372512817382812e+01,2.474802207946777344e+01,2.001666641235351562e+01,6.000000000000000000e+00,1.594540249921369002e-01,8.404956136633722208e-01,2.397538304038757673e-01,7.601950720122890859e-01,1.698698227522420180e-03,1.559968663699550081e-03,1.924589187848378756e-08,1.000000000000000000e+00
1.000000000000000000e+00,6.017420196533203125e+01,2.474958801269531250e+01,2.001666641235351562e+01,6.000000000000000000e+00,2.334152776069966517e-01,7.665357716613769856e-01,1.594540249921369002e-01,8.404956136633722208e-01,1.636924112032728685e-03,1.698698227522420180e-03,3.816041344533742362e-09,1.000000000000000000e+00
1.000000000000000000e+00,6.017444610595703125e+01,2.475098419189453125e+01,2.001666641235351562e+01,6.000000000000000000e+00,1.488281361853646123e-01,8.511109038100538315e-01,2.334152776069966517e-01,7.665357716613769856e-01,1.417364103223480278e-03,1.636924112032728685e-03,4.820659746831724071e-08,1.000000000000000000e+00
1.000000000000000000e+00,6.017473602294921875e+01,2.475248146057128906e+01,2.001666641235351562e+01,6.000000000000000000e+00,1.622107742622821147e-01,8.377332749729702321e-01,1.488281361853646123e-01,8.511109038100538315e-01,1.525078802147331004e-03,1.417364103223480278e-03,1.160245636425580867e-08,1.000000000000000000e+00
1.000000000000000000e+00,6.017499160766601562e+01,2.475248527526855469e+01,2.001666641235351562e+01,6.000000000000000000e+00,9.849144273417043127e-01,1.470021533345827400e-02,1.622107742622821147e-01,8.377332749729702321e-01,2.556131831016686135e-04,1.525078802147331004e-03,1.611542957938986867e-06,1.000000000000000000e+00
1.000000000000000000e+00,6.017523956298828125e+01,2.475244140625000000e+01,2.001666641235351562e+01,6.000000000000000000e+00,8.493821432254200499e-01,-1.502753022629589319e-01,9.849144273417043127e-01,1.470021533345827400e-02,2.518061409672160168e-04,2.556131831016686135e-04,1.449356981349738302e-11,1.000000000000000000e+00
1.000000000000000000e+00,6.017575836181640625e+01,2.475239944458007812e+01,2.003333282470703125e+01,6.000000000000000000e+00,9.250051125576692623e-01,-7.481658998628207269e-02,8.493821432254200499e-01,-1.502753022629589319e-01,5.204930410740432742e-04,2.518061409672160168e-04,7.219265028901616910e-08,1.000000000000000000e+00
1.000000000000000000e+00,6.017633438110351562e+01,2.475343513488769531e+01,2.003333282470703125e+01,6.000000000000000000e+00,3.573742760894127457e-01,6.425636818428844821e-01,9.250051125576692623e-01,-7.481658998628207269e-02,1.185096043540006519e-03,5.204930410740432742e-04,4.416971508867731682e-07,1.000000000000000000e+00
1.000000000000000000e+00,6.017662811279296875e+01,2.475390243530273438e+01,2.003333282470703125e+01,6.000000000000000000e+00,3.859142029609919922e-01,6.139544138015782249e-01,3.573742760894127457e-01,6.425636818428844821e-01,5.519492578894070241e-04,1.185096043540006519e-03,4.008748521796861685e-07,1.000000000000000000e+00
1.000000000000000000e+00,6.017676544189453125e+01,2.475382232666015625e+01,2.003333282470703125e+01,6.000000000000000000e+00,6.312886166261107990e-01,-3.682516930318979753e-01,3.859142029609919922e-01,6.139544138015782249e-01,1.589864042982079074e-04,5.519492578894070241e-04,1.544198043025381784e-07,1.000000000000000000e+00
1.000000000000000000e+00,6.017688369750976562e+01,2.475384902954101562e+01,2.003333282470703125e+01,6.000000000000000000e+00,8.152270871328175517e-01,1.840835358041846004e-01,6.312886166261107990e-01,-3.682516930318979753e-01,1.212329756322532977e-04,1.589864042982079074e-04,1.425321376035323263e-09,1.000000000000000000e+00
1.000000000000000000e+00,6.017689132690429688e+01,2.475383567810058594e+01,2.003333282470703125e+01,6.000000000000000000e+00,3.619114017726131061e-01,-6.333449531020729495e-01,8.152270871328175517e-01,1.840835358041846004e-01,1.537753629359922243e-05,1.212329756322532977e-04,1.120537403757947220e-08,1.000000000000000000e+00
1.000000000000000000e+00,6.017692565917968750e+01,2.475379371643066406e+01,2.004999923706054688e+01,6.000000000000000000e+00,4.494109480821297797e-01,-5.492800476559364098e-01,3.619114017726131061e-01,-6.333449531020729495e-01,5.421703492565877971e-05,1.537753629359922243e-05,1.508506653989756133e-09,1.000000000000000000e+00
1.000000000000000000e+00,6.017688751220703125e+01,2.475387573242187500e+01,2.004999923706054688e+01,6.000000000000000000e+00,-3.171963456544912852e-01,6.819721431571562631e-01,4.494109480821297797e-01,-5.492800476559364098e-01,9.045338212111950552e-05,5.421703492565877971e-05,1.313072858069974443e-09,1.000000000000000000e+00
1.000000000000000000e+00,6.017692947387695312e+01,2.475394439697265625e+01,2.004999923706054688e+01,6.000000000000000000e+00,3.789677788640601896e-01,6.201290926866439568e-01,-3.171963456544912852e-01,6.819721431571562631e-01,8.047112697497935477e-05,9.045338212111950552e-05,9.964541780264152138e-11,1.000000000000000000e+00
1.000000000000000000e+00,6.017690277099609375e+01,2.475394439697265625e+01,2.004999923706054688e+01,6.000000000000000000e+00,-9.962690577731303510e-01,0.000000000000000000e+00,3.789677788640601896e-01,6.201290926866439568e-01,2.670288085937500000e-05,8.047112697497935477e-05,2.891024290348202602e-09,1.000000000000000000e+00
1.000000000000000000e+00,6.017687988281250000e+01,2.475377082824707031e+01,2.004999923706054688e+01,6.000000000000000000e+00,-1.164455815329604321e-01,-8.830456599582833244e-01,-9.962690577731303510e-01,0.000000000000000000e+00,1.750713324612218874e-04,2.670288085937500000e-05,2.201319743072958113e-08,1.000000000000000000e+00
1.000000000000000000e+00,6.017697906494140625e+01,2.475394439697265625e+01,2.004999923706054688e+01,6.000000000000000000e+00,3.635030906934171302e-01,6.361304087134800334e-01,-1.164455815329604321e-01,-8.830456599582833244e-01,1.999079718167898916e-04,1.750713324612218874e-04,6.168586544785494604e-10,1.000000000000000000e+00
1.000000000000000000e+00,6.017697525024414062e+01,2.475393867492675781e+01,2.006666755676269531e+01,6.000000000000000000e+00,-3.958492200820326046e-01,-5.937738301230488513e-01,3.635030906934171302e-01,6.361304087134800334e-01,6.877043295791605234e-06,1.999079718167898916e-04,3.726093936567874359e-08,1.000000000000000000e+00
1.000000000000000000e+00,6.017554473876953125e+01,2.475216102600097656e+01,2.010000038146972656e+01,6.000000000000000000e+00,-4.458838423574351117e-01,-5.540849881028393487e-01,-3.958492200820326046e-01,-5.937738301230488513e-01,2.281753444682470613e-03,6.877043295791605234e-06,5.175062641586006315e-06,1.000000000000000000e+00
1.000000000000000000e+00,6.017562484741210938e+01,2.475215530395507812e+01,2.010000038146972656e+01,6.000000000000000000e+00,9.322471866378044814e-01,-6.658908475984318120e-02,-4.458838423574351117e-01,-5.540849881028393487e-01,8.031274136134071114e-05,2.281753444682470613e-03,4.846341170239030719e-06,1.000000000000000000e+00
1.000000000000000000e+00,6.017485809326171875e+01,2.475259208679199219e+01,2.010000038146972656e+01,6.000000000000000000e+00,-6.370310637492312411e-01,3.628858547228207554e-01,9.322471866378044814e-01,-6.658908475984318120e-02,8.824347985907772486e-04,8.031274136134071114e-05,6.433997946939834620e-07,1.000000000000000000e+00
1.000000000000000000e+00,6.017477416992187500e+01,2.475250434875488281e+01,2.010000038146972656e+01,6.000000000000000000e+00,-4.886042562796484856e-01,-5.108135406559961567e-01,-6.370310637492312411e-01,3.628858547228207554e-01,1.214128911044277102e-04,8.824347985907772486e-04,5.791543436741618600e-07,1.000000000000000000e+00
1.000000000000000000e+00,6.017462921142578125e+01,2.475170135498046875e+01,2.011666679382324219e+01,6.000000000000000000e+00,-1.529013753810270215e-01,-8.469931452027944507e-01,-4.886042562796484856e-01,-5.108135406559961567e-01,8.159730187558312002e-04,1.214128911044277102e-04,4.824137709231338884e-07,1.000000000000000000e+00
1.000000000000000000e+00,6.017391204833984375e+01,2.474872589111328125e+01,2.011666679382324219e+01,6.000000000000000000e+00,-1.942096166440345495e-01,-8.057633030975901445e-01,-1.529013753810270215e-01,-8.469931452027944507e-01,3.060671187300228330e-03,8.159730187558312002e-04,5.038669867866570392e-06,1.000000000000000000e+00
1.000000000000000000e+00,6.017361831665039062e+01,2.474667358398437500e+01,2.011666679382324219e+01,6.000000000000000000e+00,-1.251979154662842264e-01,-8.747594613098820249e-01,-1.942096166440345495e-01,-8.057633030975901445e-01,2.073220407180192092e-03,3.060671187300228330e-03,9.750590431596682187e-07,1.000000000000000000e+00
1.000000000000000000e+00,6.017314529418945312e+01,2.474546432495117188e+01,2.011666679382324219e+01,6.000000000000000000e+00,-2.811624251603670466e-01,-7.187781352890029174e-01,-1.251979154662842264e-01,-8.747594613098820249e-01,1.298482829279896597e-03,2.073220407180192092e-03,6.002183146108164579e-07,1.000000000000000000e+00
1.000000000000000000e+00,6.017309570312500000e+01,2.474539375305175781e+01,2.011666679382324219e+01,6.000000000000000000e+00,-4.123552493508386152e-01,-5.868132394608088775e-01,-2.811624251603670466e-01,-7.187781352890029174e-01,8.625350230861674123e-05,1.298482829279896597e-03,1.469499941169242233e-06,1.000000000000000000e+00
1.000000000000000000e+00,6.017270660400390625e+01,2.474286651611328125e+01,2.011666679382324219e+01,6.000000000000000000e+00,-1.334159615181404746e-01,-8.665497500565495503e-01,-4.123552493508386152e-01,-5.868132394608088775e-01,2.557014796444540775e-03,8.625350230861674123e-05,6.104661372600226425e-06,1.000000000000000000e+00
1.000000000000000000e+00,6.017245483398437500e+01,2.474055480957031250e+01,2.013333320617675781e+01,6.000000000000000000e+00,-9.821045457121978239e-02,-9.017505374266543416e-01,-1.334159615181404746e-01,-8.665497500565495503e-01,2.325376374598162911e-03,2.557014796444540775e-03,5.365635847548050479e-08,1.000000000000000000e+00
1.000000000000000000e+00,6.017239761352539062e+01,2.474035072326660156e+01,2.013333320617675781e+01,6.000000000000000000e+00,-2.188943330860547154e-01,-7.807231213402618941e-01,-9.821045457121978239e-02,-9.017505374266543416e-01,2.119561282170807123e-04,2.325376374598162911e-03,4.466545137813474426e-06,1.000000000000000000e+00
1.000000000000000000e+00,6.017199707031250000e+01,2.473823356628417969e+01,2.013333320617675781e+01,6.000000000000000000e+00,-1.590845904438064895e-01,-8.408756923458342580e-01,-2.188943330860547154e-01,-7.807231213402618941e-01,2.154713102389838736e-03,2.119561282170807123e-04,3.774304660696890406e-06,1.000000000000000000e+00
1.000000000000000000e+00,6.017195129394531250e+01,2.473486328125000000e+01,2.013333320617675781e+01,6.000000000000000000e+00,-1.339994274543930206e-02,-9.865707846329685449e-01,-1.590845904438064895e-01,-8.408756923458342580e-01,3.370595895002612488e-03,2.154713102389838736e-03,1.478370965371837434e-06,1.000000000000000000e+00
1.000000000000000000e+00,6.017209625244140625e+01,2.473449325561523438e+01,2.013333320617675781e+01,6.000000000000000000e+00,2.814268338104278788e-01,-7.183790231476712140e-01,-1.339994274543930206e-02,-9.865707846329685449e-01,3.974065122434022597e-04,3.370595895002612488e-03,8.839855105752094045e-06,1.000000000000000000e+00
1.000000000000000000e+00,6.017198944091796875e+01,2.473164749145507812e+01,2.013333320617675781e+01,6.000000000000000000e+00,-3.617448541029671949e-02,-9.637916470029055382e-01,2.814268338104278788e-01,-7.183790231476712140e-01,2.847767960485693330e-03,3.974065122434022597e-04,6.004271227032058683e-06,1.000000000000000000e+00
1.000000000000000000e+00,6.017250061035156250e+01,2.473063087463378906e+01,2.014999961853027344e+01,6.000000000000000000e+00,3.345598744410173686e-01,-6.653746756606799817e-01,-3.617448541029671949e-02,-9.637916470029055382e-01,1.137894525502444265e-03,2.847767960485693330e-03,2.923667163661415477e-06,1.000000000000000000e+00
1.000000000000000000e+00,6.017317581176757812e+01,2.473015594482421875e+01,2.014999961853027344e+01,6.000000000000000000e+00,5.870136377767624092e-01,-4.128994231819599903e-01,3.345598744410173686e-01,-6.653746756606799817e-01,8.255030443359965718e-04,1.137894525502444265e-03,9.758843750536703791e-08,1.000000000000000000e+00
1.000000000000000000e+00,6.017310714721679688e+01,2.473019027709960938e+01,2.014999961853027344e+01,6.000000000000000000e+00,-6.660200253573064222e-01,3.330100126786532111e-01,5.870136377767624092e-01,-4.128994231819599903e-01,7.676930159568064974e-05,8.255030443359965718e-04,5.606022175179215506e-07,1.000000000000000000e+00
1.000000000000000000e+00,6.017322158813476562e+01,2.472989845275878906e+01,2.014999961853027344e+01,6.000000000000000000e+00,2.816208214003707022e-01,-7.181330945709453184e-01,-6.660200253573064222e-01,3.330100126786532111e-01,3.134615919067917683e-04,7.676930159568064974e-05,5.602324029271931536e-08,1.000000000000000000e+00
1.000000000000000000e+00,6.017309188842773438e+01,2.472910881042480469e+01,2.014999961853027344e+01,6.000000000000000000e+00,-1.410634942121880842e-01,-8.588277441742038221e-01,2.816208214003707022e-01,-7.181330945709453184e-01,8.002231124032118184e-04,3.134615919067917683e-04,2.369367778359867486e-07,1.000000000000000000e+00
1.000000000000000000e+00,6.017291641235351562e+01,2.472825813293457031e+01,2.014999961853027344e+01,6.000000000000000000e+00,-1.709870545611781034e-01,-8.289155036335372762e-01,-1.410634942121880842e-01,-8.588277441742038221e-01,8.685873847890490228e-04,8.002231124032118184e-04,4.673673738844942948e-09,1.000000000000000000e+00
1.000000000000000000e+00,6.017260360717773438e+01,2.472585105895996094e+01,2.016666603088378906e+01,6.000000000000000000e+00,-1.150027843913167674e-01,-8.849604506209863830e-01,-1.709870545611781034e-01,-8.289155036335372762e-01,2.427313782195724377e-03,8.685873847890490228e-04,2.429627981972392725e-06,1.000000000000000000e+00
1.000000000000000000e+00,6.017246246337890625e+01,2.472331047058105469e+01,2.016666603088378906e+01,6.000000000000000000e+00,-5.262961642415819874e-02,-9.473330956348475773e-01,-1.150027843913167674e-01,-8.849604506209863830e-01,2.544506019442894108e-03,2.427313782195724377e-03,1.373402047099691593e-08,1.000000000000000000e+00
1.000000000000000000e+00,6.017239761352539062e+01,2.472315025329589844e+01,2.016666603088378906e+01,6.000000000000000000e+00,-2.880076280141726230e-01,-7.115482574467794086e-01,-5.262961642415819874e-02,-9.473330956348475773e-01,1.728440972779722855e-04,2.544506019442894108e-03,5.624780273047011847e-06,1.000000000000000000e+00
1.000000000000000000e+00,6.017258834838867188e+01,2.472262763977050781e+01,2.016666603088378906e+01,6.000000000000000000e+00,2.673422020565690560e-01,-7.325176336349992212e-01,-2.880076280141726230e-01,-7.115482574467794086e-01,5.563314524562984172e-04,1.728440972779722855e-04,1.470625515816676733e-07,1.000000000000000000e+00
1.000000000000000000e+00,6.017413711547851562e+01,2.472163200378417969e+01,2.016666603088378906e+01,6.000000000000000000e+00,6.086717301885999909e-01,-3.912889694069571211e-01,2.673422020565690560e-01,-7.325176336349992212e-01,1.841187257139983774e-03,5.563314524562984172e-04,1.650854438829360287e-06,1.000000000000000000e+00
1.000000000000000000e+00,6.017427825927734375e+01,2.472159004211425781e+01,2.016666603088378906e+01,6.000000000000000000e+00,7.704125853400596302e-01,-2.290415794254231363e-01,6.086717301885999909e-01,-3.912889694069571211e-01,1.472492909669401704e-04,1.841187257139983774e-03,2.869425833242467427e-06,1.000000000000000000e+00
1.000000000000000000e+00,6.017504882812500000e+01,2.471982383728027344e+01,2.018333244323730469e+01,6.000000000000000000e+00,3.037474247270815497e-01,-6.962131566764295787e-01,7.704125853400596302e-01,-2.290415794254231363e-01,1.926981023406316518e-03,1.472492909669401704e-04,3.167445039451664180e-06,1.000000000000000000e+00
1.000000000000000000e+00,6.017681884765625000e+01,2.471692085266113281e+01,2.018333244323730469e+01,6.000000000000000000e+00,3.787674047671383271e-01,-6.212111961805867333e-01,3.037474247270815497e-01,-6.962131566764295787e-01,3.400042476201365054e-03,1.926981023406316518e-03,2.169910043710658820e-06,1.000000000000000000e+00
1.000000000000000000e+00,6.017639160156250000e+01,2.471404266357421875e+01,2.018333244323730469e+01,6.000000000000000000e+00,-1.292517158036021185e-01,-8.707180319090875864e-01,3.787674047671383271e-01,-6.212111961805867333e-01,2.909727073911888302e-03,3.400042476201365054e-03,2.404091937222914152e-07,1.000000000000000000e+00
1.000000000000000000e+00,6.017632675170898438e+01,2.471380805969238281e+01,2.018333244323730469e+01,6.000000000000000000e+00,-2.164882151762048956e-01,-7.831779549021530284e-01,-1.292517158036021185e-01,-8.707180319090875864e-01,2.434018998970397213e-04,2.909727073911888302e-03,7.109289933585313813e-06,1.000000000000000000e+00
1.000000000000000000e+00,6.017572021484375000e+01,2.471147155761718750e+01,2.018333244323730469e+01,6.000000000000000000e+00,-2.060850260592260175e-01,-7.938809966117983397e-01,-2.164882151762048956e-01,-7.831779549021530284e-01,2.413944679623032229e-03,2.434018998970397213e-04,4.711255958620639474e-06,1.000000000000000000e+00
1.000000000000000000e+00,6.017460632324218750e+01,2.471069717407226562e+01,2.018333244323730469e+01,6.000000000000000000e+00,-5.898677514561944113e-01,-4.100792929644090923e-01,-2.060850260592260175e-01,-7.938809966117983397e-01,1.356622414187986462e-03,2.413944679623032229e-03,1.117930372984697379e-06,1.000000000000000000e+00
1.000000000000000000e+00,6.017389678955078125e+01,2.471119689941406250e+01,2.020000076293945312e+01,6.000000000000000000e+00,-5.867022711419033199e-01,4.132150404278996936e-01,-5.898677514561944113e-01,-4.100792929644090923e-01,8.678499158694337511e-04,1.356622414187986462e-03,2.388985551125596154e-07,1.000000000000000000e+00
1.000000000000000000e+00,6.017378997802734375e+01,2.471111488342285156e+01,2.020000076293945312e+01,6.000000000000000000e+00,-5.653571616408461509e-01,-4.341135348313639453e-01,-5.867022711419033199e-01,4.132150404278996936e-01,1.346674584053333490e-04,8.678499158694337511e-04,5.375565159330973857e-07,1.000000000000000000e+00
1.000000000000000000e+00,6.017342376708984375e+01,2.471118736267089844e+01,2.020000076293945312e+01,6.000000000000000000e+00,-8.345923622780720974e-01,1.651797383675351061e-01,-5.653571616408461509e-01,-4.341135348313639453e-01,3.733144681660079383e-04,1.346674584053333490e-04,5.695239526771151564e-08,1.000000000000000000e+00
1.000000000000000000e+00,6.017313003540039062e+01,2.471105766296386719e+01,2.020000076293945312e+01,6.000000000000000000e+00,-6.935299056724391065e-01,-3.062339843228951697e-01,-8.345923622780720974e-01,1.651797383675351061e-01,3.210923845141443558e-04,3.733144681660079383e-04,2.727146020942237806e-09,1.000000000000000000e+00
1.000000000000000000e+00,6.017193222045898438e+01,2.471003913879394531e+01,2.020000076293945312e+01,6.000000000000000000e+00,-5.404231207093709299e-01,-4.595317618770765611e-01,-6.935299056724391065e-01,-3.062339843228951697e-01,1.572307895601590720e-03,3.210923845141443558e-04,1.565540255185819653e-06,1.000000000000000000e+00
1.000000000000000000e+00,6.017185211181640625e+01,2.470928955078125000e+01,2.020000076293945312e+01,6.000000000000000000e+00,-9.654008854943783857e-02,-9.033393999983112543e-01,-5.404231207093709299e-01,-4.595317618770765611e-01,7.538564740003349815e-04,1.572307895601590720e-03,6.698627295211164180e-07,1.000000000000000000e+00
1.000000000000000000e+00,6.017134857177734375e+01,2.470848464965820312e+01,2.021666717529296875e+01,6.000000000000000000e+00,-3.848102403219711420e-01,-6.151133386964841021e-01,-9.654008854943783857e-02,-9.033393999983112543e-01,9.494305602945297615e-04,7.538564740003349815e-04,3.824922322980914637e-08,1.000000000000000000e+00
1.000000000000000000e+00,6.017082595825195312e+01,2.470806121826171875e+01,2.021666717529296875e+01,6.000000000000000000e+00,-5.523609685025293592e-01,-4.475333394436551981e-01,-3.848102403219711420e-01,-6.151133386964841021e-01,6.726210258755857280e-04,9.494305602945297615e-04,7.662351834523256067e-08,1.000000000000000000e+00
1.000000000000000000e+00,6.017093658447265625e+01,2.470804977416992188e+01,2.021666717529296875e+01,6.000000000000000000e+00,9.055082076762716037e-01,-9.367326286306257299e-02,-5.523609685025293592e-01,-4.475333394436551981e-01,1.112165812462863996e-04,6.726210258755857280e-04,3.151749504495320240e-07,1.000000000000000000e+00
1.000000000000000000e+00,6.017063903808593750e+01,2.470709037780761719e+01,2.021666717529296875e+01,6.000000000000000000e+00,-2.367034748419699630e-01,-7.632169733686595681e-01,9.055082076762716037e-01,-9.367326286306257299e-02,1.004477591712652981e-03,1.112165812462863996e-04,7.979152328193942651e-07,1.000000000000000000e+00
1.000000000000000000e+00,6.017084884643554688e+01,2.470712661743164062e+01,2.021666717529296875e+01,6.000000000000000000e+00,8.523667553012377329e-01,1.472269850065774099e-01,-2.367034748419699630e-01,-7.632169733686595681e-01,2.129151331286008796e-04,1.004477591712652981e-03,6.265711258396292800e-07,1.000000000000000000e+00
1.000000000000000000e+00,6.017058181762695312e+01,2.470603370666503906e+01,2.021666717529296875e+01,6.000000000000000000e+00,-1.963389988525904017e-01,-8.035874738752449842e-01,8.523667553012377329e-01,1.472269850065774099e-01,1.125059255493955071e-03,2.129151331286008796e-04,8.320068999656623180e-07,1.000000000000000000e+00
1.000000000000000000e+00,6.017059707641601562e+01,2.470557594299316406e+01,2.023333358764648438e+01,6.000000000000000000e+00,3.225124639456865977e-02,-9.675373918370598902e-01,-1.963389988525904017e-01,-8.035874738752449842e-01,4.580179144227183342e-04,1.125059255493955071e-03,4.449441506981139989e-07,1.000000000000000000e+00
1.000000000000000000e+00,6.017081451416015625e+01,2.470521545410156250e+01,2.023333358764648438e+01,6.000000000000000000e+00,3.761725337474015607e-01,-6.236544638443762834e-01,3.225124639456865977e-02,-9.675373918370598902e-01,4.209886145076692661e-04,4.580179144227183342e-04,1.371169052198652932e-09,1.000000000000000000e+00
1.000000000000000000e+00,6.017092514038085938e+01,2.470511627197265625e+01,2.023333358764648438e+01,6.000000000000000000e+00,5.270215353938648706e-01,-4.725020662151892537e-01,3.761725337474015607e-01,-6.236544638443762834e-01,1.485774390728030966e-04,4.209886145076692661e-04,7.420784850180541584e-08,1.000000000000000000e+00
1.000000000000000000e+00,6.017092895507812500e+01,2.470512580871582031e+01,2.023333358764648438e+01,6.000000000000000000e+00,2.835902434066402411e-01,7.089756085166006860e-01,5.270215353938648706e-01,-4.725020662151892537e-01,1.027138673235798595e-05,1.485774390728030966e-04,1.912856411399794451e-08,1.000000000000000000e+00
1.000000000000000000e+00,6.017091369628906250e+01,2.470509910583496094e+01,2.023333358764648438e+01,6.000000000000000000e+00,-3.627718321892960396e-01,-6.348507063312680554e-01,2.835902434066402411e-01,7.089756085166006860e-01,3.075507258719844487e-05,1.027138673235798595e-05,4.195813861997910261e-10,1.000000000000000000e+00
1.000000000000000000e+00,6.017089462280273438e+01,2.470522308349609375e+01,2.023333358764648438e+01,6.000000000000000000e+00,-1.332401916885066762e-01,8.660612459752934367e-01,-3.627718321892960396e-01,-6.348507063312680554e-01,1.254362720295515638e-04,3.075507258719844487e-05,8.964529527842648065e-09,1.000000000000000000e+00
1.000000000000000000e+00,6.017099380493164062e+01,2.470516967773437500e+01,2.025000000000000000e+01,6.000000000000000000e+00,6.495742949900352725e-01,-3.497707742254036467e-01,-1.332401916885066762e-01,8.660612459752934367e-01,1.126466603106185936e-04,1.254362720295515638e-04,1.635741679210675688e-10,1.000000000000000000e+00
1.000000000000000000e+00,6.017097473144531250e+01,2.470532608032226562e+01,2.025000000000000000e+01,6.000000000000000000e+00,-1.086337441647167029e-01,8.907967021506769667e-01,6.495742949900352725e-01,-3.497707742254036467e-01,1.575613130803175488e-04,1.126466603106185936e-04,2.017326033422626045e-09,1.000000000000000000e+00
1.000000000000000000e+00,6.017097473144531250e+01,2.470532417297363281e+01,2.025000000000000000e+01,6.000000000000000000e+00,0.000000000000000000e+00,-9.501830432614539745e-01,-1.086337441647167029e-01,8.907967021506769667e-01,1.907348632812500000e-06,1.575613130803175488e-04,2.422815664822516631e-08,1.000000000000000000e+00
1.000000000000000000e+00,6.017097473144531250e+01,2.470532417297363281e+01,2.025000000000000000e+01,6.000000000000000000e+00,0.000000000000000000e+00,0.000000000000000000e+00,0.000000000000000000e+00,-9.501830432614539745e-01,0.000000000000000000e+00,1.907348632812500000e-06,3.637978807091712952e-12,1.000000000000000000e+00
1.000000000000000000e+00,6.017097091674804688e+01,2.470502662658691406e+01,2.025000000000000000e+01,6.000000000000000000e+00,-1.265402888892524190e-02,-9.870142533361688786e-01,0.000000000000000000e+00,0.000000000000000000e+00,2.975708389016173201e-04,0.000000000000000000e+00,8.854840416461229324e-08,1.000000000000000000e+00
1.000000000000000000e+00,6.017132949829101562e+01,2.470577812194824219e+01,2.241666603088378906e+01,6.000000000000000000e+00,0.000000000000000000e+00,0.000000000000000000e+00,-1.265402888892524190e-02,-9.870142533361688786e-01,0.000000000000000000e+00,2.975708389016173201e-04,8.854840416461229324e-08,1.000000000000000000e+00
1.000000000000000000e+00,6.017122268676757812e+01,2.470550537109375000e+01,2.241666603088378906e+01,6.000000000000000000e+00,-2.813329148385653733e-01,-7.184036932484794136e-01,0.000000000000000000e+00,0.000000000000000000e+00,2.929193236460477250e-04,0.000000000000000000e+00,8.580173016525804996e-08,1.000000000000000000e+00
1.000000000000000000e+00,6.017110061645507812e+01,2.470527458190917969e+01,2.241666603088378906e+01,6.000000000000000000e+00,-3.458479330156189469e-01,-6.538687483576546278e-01,-2.813329148385653733e-01,-7.184036932484794136e-01,2.610839116232124726e-04,2.929193236460477250e-04,1.013493458663683402e-09,1.000000000000000000e+00
1.000000000000000000e+00,6.017106628417968750e+01,2.470514869689941406e+01,2.241666603088378906e+01,6.000000000000000000e+00,-2.141520507733382650e-01,-7.852241861689069902e-01,-3.458479330156189469e-01,-6.538687483576546278e-01,1.304827222937551226e-04,2.610839116232124726e-04,1.705667065426876502e-08,1.000000000000000000e+00
1.000000000000000000e+00,6.017103195190429688e+01,2.470509529113769531e+01,2.241666603088378906e+01,6.000000000000000000e+00,-3.908588638868923382e-01,-6.080026771573880939e-01,-2.141520507733382650e-01,-7.852241861689069902e-01,6.348921576344771867e-05,1.304827222937551226e-04,4.488129917226340927e-09,1.000000000000000000e+00
1.000000000000000000e+00,6.017103958129882812e+01,2.470505523681640625e+01,2.241666603088378906e+01,6.000000000000000000e+00,1.596651578947906047e-01,-8.382420789476506817e-01,-3.908588638868923382e-01,-6.080026771573880939e-01,4.077445664678945283e-05,6.348921576344771867e-05,5.159602817278098499e-10,1.000000000000000000e+00
1.000000000000000000e+00,6.017100524902343750e+01,2.470505332946777344e+01,2.243333244323730469e+01,6.000000000000000000e+00,-9.447614364001716281e-01,-5.248674646667620541e-02,1.596651578947906047e-01,-8.382420789476506817e-01,3.438521647895802702e-05,4.077445664678945283e-05,4.082238992223054443e-11,1.000000000000000000e+00
1.000000000000000000e+00,6.017098236083984375e+01,2.470519256591796875e+01,2.243333244323730469e+01,6.000000000000000000e+00,-1.410894452904794538e-01,8.582941255170833950e-01,-9.447614364001716281e-01,-5.248674646667620541e-02,1.411051310591253697e-04,3.438521647895802702e-05,1.138914016799821377e-08,1.000000000000000000e+00
1.000000000000000000e+00,6.017094039916992188e+01,2.470509338378906250e+01,2.243333244323730469e+01,6.000000000000000000e+00,-2.970868120938661150e-01,-7.022051922218653930e-01,-1.410894452904794538e-01,8.582941255170833950e-01,1.076934372977684314e-04,1.411051310591253697e-04,1.116341280002698065e-09,1.000000000000000000e+00
1.000000000000000000e+00,6.017096710205078125e+01,2.470509910583496094e+01,2.243333244323730469e+01,6.000000000000000000e+00,8.209974170952115680e-01,1.759280179489739193e-01,-2.970868120938661150e-01,-7.022051922218653930e-01,2.730907642989416771e-05,1.076934372977684314e-04,6.461645472136635024e-09,1.000000000000000000e+00
1.000000000000000000e+00,6.017089462280273438e+01,2.470513153076171875e+01,2.243333244323730469e+01,6.000000000000000000e+00,-6.902511084124957064e-01,3.087965485003270061e-01,8.209974170952115680e-01,1.759280179489739193e-01,7.940162008857211797e-05,2.730907642989416771e-05,2.713633104831267918e-09,1.000000000000000000e+00
1.000000000000000000e+00,6.017090988159179688e+01,2.470509719848632812e+01,2.243333244323730469e+01,6.000000000000000000e+00,3.070730971539973875e-01,-6.909144685964940802e-01,-6.902511084124957064e-01,3.087965485003270061e-01,3.757041092604104587e-05,7.940162008857211797e-05,1.749850059999423423e-09,1.000000000000000000e+00
1.000000000000000000e+00,6.017095184326171875e+01,2.470534706115722656e+01,1.754999923706054688e+01,0.000000000000000000e+00,0.000000000000000000e+00,0.000000000000000000e+00,3.070730971539973875e-01,-6.909144685964940802e-01,0.000000000000000000e+00,3.757041092604104587e-05,1.411535777151584418e-09,1.000000000000000000e+00
1.000000000000000000e+00,6.017095184326171875e+01,2.470534706115722656e+01,1.754999923706054688e+01,0.000000000000000000e+00,0.000000000000000000e+00,0.000000000000000000e+00,0.000000000000000000e+00,0.000000000000000000e+00,0.000000000000000000e+00,0.000000000000000000e+00,0.000000000000000000e+00,1.000000000000000000e+00
1.000000000000000000e+00,6.017095184326171875e+01,2.470534706115722656e+01,1.754999923706054688e+01,0.000000000000000000e+00,0.000000000000000000e+00,0.000000000000000000e+00,0.000000000000000000e+00,0.000000000000000000e+00,0.000000000000000000e+00,0.000000000000000000e+00,0.000000000000000000e+00,1.000000000000000000e+00
1.000000000000000000e+00,6.017094802856445312e+01,2.470533943176269531e+01,2.245000076293945312e+01,0.000000000000000000e+00,0.000000000000000000e+00,0.000000000000000000e+00,0.000000000000000000e+00,0.000000000000000000e+00,0.000000000000000000e+00,0.000000000000000000e+00,0.000000000000000000e+00,1.000000000000000000e+00
1.000000000000000000e+00,6.017094802856445312e+01,2.470533943176269531e+01,2.245000076293945312e+01,0.000000000000000000e+00,0.000000000000000000e+00,0.000000000000000000e+00,0.000000000000000000e+00,0.000000000000000000e+00,0.000000000000000000e+00,0.000000000000000000e+00,0.000000000000000000e+00,1.000000000000000000e+00
1.000000000000000000e+00,6.017094802856445312e+01,2.470533943176269531e+01,2.246666717529296875e+01,0.000000000000000000e+00,0.000000000000000000e+00,0.000000000000000000e+00,0.000000000000000000e+00,0.000000000000000000e+00,0.000000000000000000e+00,0.000000000000000000e+00,0.000000000000000000e+00,1.000000000000000000e+00
1.000000000000000000e+00,6.017094802856445312e+01,2.470533943176269531e+01,2.246666717529296875e+01,0.000000000000000000e+00,0.000000000000000000e+00,0.000000000000000000e+00,0.000000000000000000e+00,0.000000000000000000e+00,0.000000000000000000e+00,0.000000000000000000e+00,0.000000000000000000e+00,1.000000000000000000e+00
1.000000000000000000e+00,6.017094802856445312e+01,2.470533943176269531e+01,2.246666717529296875e+01,0.000000000000000000e+00,0.000000000000000000e+00,0.000000000000000000e+00,0.000000000000000000e+00,0.000000000000000000e+00,0.000000000000000000e+00,0.000000000000000000e+00,0.000000000000000000e+00,1.000000000000000000e+00
1.000000000000000000e+00,6.017094802856445312e+01,2.470533943176269531e+01,2.246666717529296875e+01,0.000000000000000000e+00,0.000000000000000000e+00,0.000000000000000000e+00,0.000000000000000000e+00,0.000000000000000000e+00,0.000000000000000000e+00,0.000000000000000000e+00,0.000000000000000000e+00,1.000000000000000000e+00
1.000000000000000000e+00,6.017094802856445312e+01,2.470533943176269531e+01,2.246666717529296875e+01,0.000000000000000000e+00,0.000000000000000000e+00,0.000000000000000000e+00,0.000000000000000000e+00,0.000000000000000000e+00,0.000000000000000000e+00,0.000000000000000000e+00,0.000000000000000000e+00,1.000000000000000000e+00
1.000000000000000000e+00,6.017094802856445312e+01,2.470533943176269531e+01,2.246666717529296875e+01,0.000000000000000000e+00,0.000000000000000000e+00,0.000000000000000000e+00,0.000000000000000000e+00,0.000000000000000000e+00,0.000000000000000000e+00,0.000000000000000000e+00,0.000000000000000000e+00,1.000000000000000000e+00
1.000000000000000000e+00,6.017094802856445312e+01,2.470533943176269531e+01,2.248333358764648438e+01,0.000000000000000000e+00,0.000000000000000000e+00,0.000000000000000000e+00,0.000000000000000000e+00,0.000000000000000000e+00,0.000000000000000000e+00,0.000000000000000000e+00,0.000000000000000000e+00,1.000000000000000000e+00
